0.506399 0
0.505682 0.00071757
0.50672 0.00111799
0.503921 0.00290896
0.502547 0.00263879
0.501087 0.00260272
0.503498 0.00326326
0.504463 0.00298645
0.503389 0.0028445
0.501259 0.00331824
0.499961 0.00327003
0.500333 0.00300826
0.500492 0.00277177
0.500218 0.00258074
0.500282 0.00240339
0.502173 0.00293771
0.501979 0.00276629
0.502067 0.00260956
0.502378 0.00248785
0.50228 0.0023622
0.502285 0.00224691
0.502668 0.00217635
0.502081 0.00216106
0.50151 0.00214631
0.501522 0.00205871
0.500547 0.0022053
0.500481 0.00212308
0.500237 0.00206038
0.500159 0.00198957
0.500217 0.00192296
0.499874 0.00189115
0.499645 0.00184542
0.499852 0.00180057
0.499746 0.00175002
0.500249 0.00177227
0.500389 0.00172801
0.500487 0.00168352
0.500558 0.00164017
0.500503 0.00159854
0.500551 0.00155882
0.500894 0.0015586
0.501228 0.0015571
0.501315 0.00152299
0.50126 0.00148899
0.501038 0.00147237
0.501126 0.0014427
0.501265 0.00141845
0.501354 0.00139141
0.501268 0.00136539
0.501586 0.00137493
0.50162 0.00134815
0.501522 0.00132562
0.501319 0.00131601
0.501453 0.00129833
0.501338 0.00127973
0.501301 0.00125722
0.501618 0.00127503
0.501905 0.00128524
0.501935 0.00126364
0.501918 0.00124251
0.502053 0.00122937
0.5023 0.00123441
0.502395 0.00121831
0.502319 0.0012015
0.502392 0.00118512
0.502491 0.00117115
0.502607 0.00115936
0.502288 0.00118585
0.502116 0.00118105
0.502092 0.00116431
0.502084 0.00114783
0.501637 0.00121696
0.501571 0.00120196
0.501635 0.00118733
0.501658 0.0011716
0.501536 0.00116243
0.501554 0.00114737
0.501696 0.00114153
0.50172 0.00112725
0.501904 0.00112817
0.501824 0.00111707
0.50159 0.00112784
0.501565 0.00111446
0.501365 0.00111903
0.501274 0.00110958
0.501197 0.00109924
0.50134 0.0010958
0.501376 0.00108387
0.501343 0.00107212
0.501385 0.00106099
0.501434 0.00105041
0.501332 0.00104396
0.501405 0.00103525
0.501376 0.00102458
0.501311 0.00101585
0.501314 0.00100521
0.50147 0.00100693
0.501284 0.00101377
0.501496 0.00102574
0.50142 0.00101829
