0
0.00071757
0.00111799
0.00290896
0.00263879
0.00260272
0.00326326
0.00298645
0.0028445
0.00331824
0.00327003
0.00300826
0.00277177
0.00258074
0.00240339
0.00293771
0.00276629
0.00260956
0.00248785
0.0023622
0.00224691
0.00217635
0.00216106
0.00214631
0.00205871
0.0022053
0.00212308
0.00206038
0.00198957
0.00192296
0.00189115
0.00184542
0.00180057
0.00175002
0.00177227
0.00172801
0.00168352
0.00164017
0.00159854
0.00155882
0.0015586
0.0015571
0.00152299
0.00148899
0.00147237
0.0014427
0.00141845
0.00139141
0.00136539
0.00137493
0.00134815
0.00132562
0.00131601
0.00129833
0.00127973
0.00125722
0.00127503
0.00128524
0.00126364
0.00124251
0.00122937
0.00123441
0.00121831
0.0012015
0.00118512
0.00117115
0.00115936
0.00118585
0.00118105
0.00116431
0.00114783
0.00121696
0.00120196
0.00118733
0.0011716
0.00116243
0.00114737
0.00114153
0.00112725
0.00112817
0.00111707
0.00112784
0.00111446
0.00111903
0.00110958
0.00109924
0.0010958
0.00108387
0.00107212
0.00106099
0.00105041
0.00104396
0.00103525
0.00102458
0.00101585
0.00100521
0.00100693
0.00101377
0.00102574
0.00101829
