0
0.00136966
0.000840279
0.000596704
0.000464305
0.000414862
0.000350622
0.000472504
0.000910739
0.000834304
0.000813015
0.000742837
0.000695904
0.000653732
0.000690273
0.000646119
0.000610848
0.000578318
0.000559091
0.000550299
0.000552757
0.000597793
0.000577424
0.000552854
0.000533824
0.000516416
0.000497405
0.000483912
0.000468435
0.000459895
0.000444822
0.000439225
0.000435041
0.000422506
0.000417444
0.000411753
0.000401719
0.000391109
0.000383631
0.000375468
0.000369345
0.000360534
0.000352436
0.000346231
0.000339312
0.000342266
0.000338202
0.000339658
0.000333732
0.000327602
0.000321142
0.000318777
0.000313036
0.000308943
0.000303851
0.000299579
0.000305874
0.000301519
0.00030075
0.000296275
0.000295639
0.000293551
0.000288854
0.000285553
0.000287188
0.000283943
0.000280288
0.000276234
0.00027435
0.000270869
0.000267218
0.000263649
0.000260771
0.0002579
0.000255251
0.000251994
0.000249458
0.000246319
0.000244578
0.000241554
0.000239764
0.000244753
0.000241852
0.00023905
0.000236761
0.000237593
0.000236098
0.000235036
0.000232894
0.000230403
0.000230244
0.000233041
0.000230669
0.000228213
0.000228588
0.000226202
0.00022474
0.00022461
0.000222858
0.000221373
