0.083391 0
0.0847607 0.00136966
0.0844765 0.000840279
0.0844216 0.000596704
0.0844657 0.000464305
0.0846342 0.000414862
0.084634 0.000350622
0.084272 0.000472504
0.0834621 0.000910739
0.0832818 0.000834304
0.0835843 0.000813015
0.0836156 0.000742837
0.0837474 0.000695904
0.0836366 0.000653732
0.0839624 0.000690273
0.0839388 0.000646119
0.0838697 0.000610848
0.083817 0.000578318
0.0839325 0.000559091
0.0837859 0.000550299
0.0836082 0.000552757
0.0833261 0.000597793
0.0834106 0.000577424
0.0834069 0.000552854
0.0834683 0.000533824
0.0835286 0.000516416
0.0835505 0.000497405
0.0836171 0.000483912
0.0835795 0.000468435
0.0834977 0.000459895
0.0834947 0.000444822
0.0835809 0.000439225
0.0834912 0.000435041
0.0835108 0.000422506
0.083588 0.000417444
0.0835175 0.000411753
0.0834859 0.000401719
0.0834768 0.000391109
0.0834316 0.000383631
0.0834656 0.000375468
0.0834175 0.000369345
0.0834094 0.000360534
0.0834259 0.000352436
0.0834621 0.000346231
0.0834863 0.000339312
0.0834025 0.000342266
0.0833554 0.000338202
0.0834313 0.000339658
0.0834581 0.000333732
0.0834781 0.000327602
0.0834739 0.000321142
0.0835234 0.000318777
0.0835378 0.000313036
0.0835707 0.000308943
0.0835894 0.000303851
0.0836162 0.000299579
0.0836997 0.000305874
0.0837238 0.000301519
0.0837749 0.00030075
0.0837564 0.000296275
0.0837064 0.000295639
0.0837462 0.000293551
0.0837456 0.000288854
0.0837723 0.000285553
0.0837136 0.000287188
0.0836882 0.000283943
0.0837067 0.000280288
0.0837141 0.000276234
0.0837484 0.00027435
0.0837643 0.000270869
0.0837744 0.000267218
0.0837649 0.000263649
0.0837451 0.000260771
0.0837637 0.0002579
0.0837434 0.000255251
0.0837355 0.000251994
0.0837161 0.000249458
0.0837223 0.000246319
0.0836962 0.000244578
0.0837013 0.000241554
0.0836772 0.000239764
0.0836154 0.000244753
0.0836098 0.000241852
0.0836165 0.00023905
0.0836005 0.000236761
0.0836417 0.000237593
0.0836174 0.000236098
0.0836451 0.000235036
0.0836297 0.000232894
0.0836225 0.000230403
0.0836556 0.000230244
0.0836061 0.000233041
0.0835978 0.000230669
0.0835956 0.000228213
0.08356 0.000228588
0.0835581 0.000226202
0.083578 0.00022474
0.0835468 0.00022461
0.0835315 0.000222858
0.0835497 0.000221373
