0
0.00175449
0.00119839
0.00284144
0.00223715
0.00251638
0.00214095
0.00194736
0.00174468
0.00196312
0.00181056
0.00165754
0.00152677
0.00156951
0.00146346
0.00175918
0.00165248
0.00155798
0.00153089
0.00145362
0.00138785
0.00134739
0.00129468
0.00131742
0.00130462
0.00125497
0.00121763
0.00120843
0.00121898
0.00120648
0.00118694
0.0011521
0.00111891
0.00110549
0.00107477
0.00105837
0.00105656
0.00103317
0.00101331
0.000988275
0.000965948
0.000968537
0.000951218
0.000935133
0.000914116
0.000897325
0.000880791
0.000880545
0.000862439
0.000845919
0.000847911
0.000836864
0.000821786
0.000815639
0.000806811
0.000801093
0.000786961
0.000775915
0.00076277
0.000751075
0.000758353
0.000750989
0.000745055
0.000740573
0.000729501
0.000727243
0.000716379
0.00070579
0.000710019
0.000721112
0.000714307
0.000704816
0.000696718
0.000692119
0.000682846
0.000675605
0.00066691
0.000664775
0.000658672
0.00065171
0.000651245
0.000645393
0.000639214
0.000633007
0.000627006
0.000621742
0.000623663
0.000621603
0.00061461
0.000608918
0.000602537
0.000596752
0.000590301
0.000587582
0.000581377
0.000575361
0.000576929
0.00057116
0.000567575
0.000563714
