1.00267 0
0.988977 0.0136942
0.989088 0.00790715
0.988592 0.00561318
0.99106 0.00499956
0.987856 0.00518918
0.991172 0.00549794
0.992105 0.00485202
0.993865 0.00462666
0.994708 0.00422333
0.996206 0.00410342
0.996606 0.00376713
0.996217 0.00348697
0.992195 0.0051574
0.99325 0.00491574
0.992013 0.00476162
0.992088 0.00447339
0.993776 0.00454293
0.997253 0.00552739
0.997939 0.00528838
0.999585 0.00529278
0.999535 0.0050467
0.999819 0.00483064
0.999217 0.00466409
0.998991 0.00447932
0.99849 0.00433264
0.99867 0.00417296
0.998945 0.00403054
0.999298 0.00390509
0.99894 0.00378961
0.996927 0.00418172
0.995652 0.00424493
0.995444 0.00411954
0.996018 0.00403753
0.995566 0.00394647
0.995913 0.00385099
0.995692 0.00375199
0.995106 0.00369867
0.996058 0.00372627
0.995551 0.00366717
0.995845 0.00358865
0.995894 0.00350252
0.995483 0.00344479
0.995569 0.00336669
0.995546 0.0032911
0.996633 0.00339719
0.996415 0.00333125
0.997448 0.00342079
0.997935 0.00338546
0.997289 0.00337945
0.997806 0.00335275
0.998698 0.0034065
0.999115 0.00336743
0.998951 0.00330855
0.999217 0.00325874
0.999183 0.00320019
0.999497 0.00315911
0.999268 0.0031126
0.999543 0.00307171
0.999441 0.0030218
0.999906 0.00300798
0.999975 0.00295988
0.999989 0.00291255
1.0001 0.00286882
0.999902 0.00283122
1.00013 0.00279723
0.999893 0.00276532
1.00013 0.00273454
0.999968 0.00269938
0.999192 0.00277138
0.999095 0.00273381
0.999103 0.00269559
0.999226 0.00266125
0.999002 0.00263457
0.998502 0.00264673
0.998747 0.00262313
0.998892 0.00259289
0.998988 0.00256124
0.998499 0.00257551
0.998845 0.00256651
0.998602 0.00254622
0.998322 0.00253052
0.998141 0.00250641
0.997892 0.00248886
0.997431 0.00250219
0.997591 0.00247807
0.997726 0.00245313
0.997683 0.00242547
0.998023 0.00242212
0.998059 0.00239532
0.997884 0.00237528
0.997934 0.00234986
0.997902 0.00232468
0.997905 0.00229982
0.997865 0.00227584
0.997587 0.00226907
0.997568 0.00224564
0.997764 0.00223131
0.997534 0.00222062
0.997112 0.00223855
0.997007 0.00221874
0.997124 0.00219996
0.997128 0.0021785
0.997251 0.00216098
0.997312 0.00214117
0.997466 0.00212649
0.997475 0.00210654
0.997269 0.0020971
0.997422 0.00208341
0.997417 0.00206439
0.997299 0.00204909
0.997455 0.00203666
0.997108 0.00204816
0.996868 0.00204428
0.996666 0.00203643
0.996372 0.00204012
0.996232 0.00202744
0.996276 0.00201066
0.996174 0.00199627
0.996302 0.00198366
0.996211 0.00196929
0.996128 0.00195483
0.995949 0.00194717
0.995692 0.00194839
0.995663 0.00193296
0.995596 0.00191873
0.995675 0.00190522
0.995659 0.00189034
0.995479 0.00188427
0.995586 0.00187278
0.995618 0.00185871
0.995473 0.00185024
0.995216 0.00185419
0.995261 0.00184087
0.995493 0.00184185
0.995777 0.00185011
0.995682 0.00183901
0.995954 0.00184586
0.996016 0.00183357
0.996009 0.00182044
0.995995 0.00180753
0.996012 0.00179484
0.996523 0.00185405
0.996725 0.00185214
0.996549 0.00184772
0.996843 0.0018584
0.996856 0.00184576
0.996819 0.00183363
0.996572 0.00183801
0.996788 0.00183844
0.996728 0.0018272
0.997007 0.00183655
0.996908 0.00182721
0.99693 0.00181543
0.996686 0.00182011
0.996703 0.00180848
0.996852 0.00180317
0.996689 0.00179918
0.996685 0.00178784
0.996393 0.00180034
0.996443 0.00178981
0.996535 0.00178113
0.996846 0.00179727
0.99702 0.00179474
0.996904 0.00178761
0.997062 0.00178376
0.997166 0.00177613
0.997353 0.00177537
0.997575 0.00177881
0.99759 0.00176837
0.997669 0.0017598
0.997623 0.00175014
0.997763 0.00174559
0.997413 0.00177054
0.99728 0.00176541
0.997299 0.00175546
0.997354 0.00174636
0.99738 0.00173672
0.997451 0.00172844
0.997339 0.00172246
0.997213 0.00171748
0.997183 0.00170828
0.997281 0.00170174
0.997419 0.00169808
0.997432 0.00168892
0.997324 0.0016833
0.99737 0.00167491
0.997388 0.00166607
0.997592 0.0016698
0.997557 0.00166135
0.997471 0.00165487
0.997555 0.0016484
0.997398 0.00164739
0.997284 0.00164285
0.997422 0.00164024
0.997588 0.00164031
0.997358 0.00164814
0.997246 0.00164363
0.997293 0.00163603
0.99732 0.00162806
