0.995572 0
0.996827 0.00125497
0.996973 0.000739036
0.998056 0.00120338
0.998353 0.000978272
0.997576 0.00111432
0.998173 0.00111462
0.999566 0.00169478
0.999841 0.00151985
0.999867 0.00135963
0.999369 0.0013265
0.998606 0.00143138
0.998343 0.00134266
0.998783 0.0013185
0.998596 0.00124166
0.998351 0.00118703
0.998275 0.00111758
0.998578 0.00109636
0.998915 0.00109036
0.99945 0.00116444
0.999525 0.00111015
0.999708 0.00107424
0.999731 0.00102673
0.999614 0.000989994
0.999782 0.000964416
0.999554 0.000954436
0.99972 0.000933451
1.00006 0.000960979
1.00008 0.000927603
0.999996 0.000900527
0.999557 0.000975077
0.999187 0.0010142
0.999245 0.000984709
0.999181 0.000957456
0.999155 0.000930045
0.999189 0.000904465
0.999286 0.000885059
0.99949 0.000885283
0.999452 0.000863131
0.999445 0.000841304
0.999574 0.000830488
0.999531 0.000811596
0.999864 0.000859742
0.99972 0.000852263
0.999945 0.000863012
0.99982 0.0008533
0.999765 0.000836739
0.999494 0.000862821
0.999513 0.000845239
0.999732 0.000856709
0.999846 0.000847452
0.999777 0.000833908
0.999945 0.000835277
0.999892 0.000821421
1.00009 0.000829806
1.00011 0.000815047
1.00029 0.000822054
1.00037 0.000811119
1.00026 0.000803821
1.00018 0.000795208
1.00018 0.000782077
1.00033 0.00078413
1.00037 0.000772778
1.00039 0.000760795
1.00043 0.000749867
1.00044 0.000738595
1.00046 0.000727621
1.0006 0.000730179
1.00049 0.000727938
1.00056 0.000720871
1.00053 0.000711028
1.00043 0.000708463
1.00023 0.000727403
1.00026 0.000718037
1.00037 0.000718214
1.00033 0.000710186
1.00031 0.000701245
1.00024 0.00069532
1.00019 0.000688589
1.00022 0.000680574
1.00041 0.000699412
1.00026 0.000706227
1.00042 0.000715763
1.00043 0.000707201
1.00039 0.000699857
1.00035 0.000692539
1.00038 0.0006851
1.00028 0.000685008
1.00029 0.000677363
1.00028 0.000669864
1.00019 0.000668211
1.00022 0.000661636
1.0002 0.000654913
1.00017 0.000648455
1.00011 0.000645112
1.00005 0.000641308
1.00006 0.00063475
1.00005 0.000628246
1.00003 0.000622256
1.00002 0.000616037
0.999907 0.000621022
0.999895 0.000615038
0.99988 0.000609215
0.999825 0.000605859
0.999779 0.000601808
0.999853 0.00060068
0.9998 0.000597371
0.999764 0.00059292
0.999762 0.000587457
0.999692 0.000586358
0.999658 0.000582009
0.999605 0.00057926
0.999588 0.000574345
0.999599 0.000569379
0.999643 0.000566105
0.999645 0.000561211
0.999664 0.00055672
0.999655 0.000552058
0.999695 0.000548804
0.999686 0.000544282
0.99975 0.00054356
0.999812 0.000542607
0.999845 0.000539235
0.999875 0.000535677
0.999799 0.000536748
0.999806 0.000532511
0.999781 0.000528872
0.99973 0.000527236
0.999747 0.000523425
0.999747 0.000519383
0.999729 0.000515732
0.999664 0.00051591
0.999657 0.000512062
0.999671 0.000508431
0.999683 0.000504782
0.999666 0.000501333
0.999682 0.000497923
0.99977 0.000502002
0.999805 0.000499611
0.999898 0.000504613
0.999847 0.000503551
0.999846 0.000499993
0.999806 0.000498152
0.999827 0.000495145
0.999884 0.00049499
0.999792 0.000500066
0.999777 0.000496889
0.999732 0.000495554
0.999711 0.000492686
0.999736 0.000490046
0.999729 0.000486836
0.9997 0.000484489
0.999714 0.000481506
0.99969 0.000478985
0.99973 0.000477573
0.999757 0.000475301
0.999768 0.000472374
0.999798 0.000470369
0.999861 0.000471658
0.999829 0.000469848
0.999892 0.000471171
0.9999 0.000468336
0.999894 0.000465495
0.999939 0.000464808
0.999928 0.000462113
0.999906 0.000459839
0.999908 0.000457081
0.999937 0.000455299
0.999926 0.000452736
0.999906 0.000450511
0.999846 0.000451938
0.999869 0.000449912
0.999925 0.000450856
0.999946 0.000448746
1 0.000449879
1 0.000447316
1 0.000444789
1 0.000442286
1 0.000439835
0.999972 0.000438606
0.999972 0.000436176
0.999988 0.000434061
1 0.000432013
1.00001 0.0004297
1.00005 0.000429219
1.00001 0.000428804
1.00009 0.000433951
1.00006 0.000432871
1.00005 0.000430608
1.00006 0.000428345
1.00006 0.000426145
1.00006 0.000423919
1.0001 0.000423927
1.00013 0.000422477
1.00014 0.000420478
1.00012 0.000418852
1.00009 0.000417702
1.00008 0.000415663
1.00009 0.000413699
1.00012 0.000412273
