13.8576 0
13.9251 0.0674634
13.9126 0.0408975
13.4097 0.503758
13.8288 0.572687
14.2885 0.655706
15.0026 0.903869
14.524 0.917488
14.661 0.820662
14.9009 0.772256
15.0485 0.713954
15.0821 0.652611
15.2798 0.632021
15.5367 0.639046
15.316 0.634535
15.1717 0.610837
15.224 0.576159
15.0694 0.564779
15.0587 0.534335
14.9255 0.524117
14.8164 0.510329
14.9351 0.50085
14.8457 0.486851
15.0215 0.498166
14.9743 0.48015
14.8265 0.484417
14.8795 0.469135
14.9736 0.461761
14.9536 0.446002
15.0443 0.440323
15.0105 0.427224
14.9593 0.416817
14.9821 0.40463
14.9367 0.395155
14.8523 0.392872
14.8564 0.381824
14.8896 0.372844
14.8229 0.368981
14.7377 0.369356
14.7135 0.360813
14.7282 0.35221
14.7249 0.343737
14.8202 0.348898
14.8911 0.348184
14.8673 0.341194
14.8778 0.33386
14.8958 0.327173
14.8907 0.320324
14.8657 0.314713
14.8467 0.308943
14.8503 0.302847
14.8782 0.298274
14.8897 0.292818
14.8568 0.289227
14.8751 0.284507
14.903 0.280779
14.9152 0.276075
14.9861 0.280384
15.0076 0.276433
15.0159 0.271912
15.012 0.267445
15.0558 0.26671
15.0449 0.262668
15.0011 0.262219
14.9959 0.258205
15.0195 0.25536
15.0109 0.251666
15.0521 0.251334
15.0813 0.249381
15.0759 0.245853
15.1237 0.247036
15.1311 0.243696
15.0948 0.243063
15.0535 0.243289
15.0544 0.240025
15.0565 0.236855
15.0595 0.233777
15.0632 0.230791
15.0529 0.228086
15.0599 0.225326
15.1102 0.228147
15.1199 0.225553
15.0817 0.226067
15.0493 0.225692
15.0533 0.223056
15.069 0.221007
15.0568 0.218794
15.0451 0.216609
15.0649 0.215076
15.1228 0.220409
15.1235 0.217974
15.0781 0.220303
15.0914 0.218324
15.043 0.221347
15.0221 0.220002
15.0298 0.217835
15.0326 0.215596
15.0069 0.214924
14.9767 0.214882
14.9675 0.212919
