5.79103 0
4.96315 0.827882
4.8109 0.501638
4.8886 0.363122
5.08097 0.340764
5.09722 0.278707
4.92005 0.294742
5.00735 0.269769
5.0886 0.251407
5.07698 0.225165
5.10777 0.205985
5.18979 0.205145
5.17663 0.189164
5.02243 0.233338
5.10549 0.232561
5.1848 0.231549
5.09493 0.235336
5.20579 0.24803
5.25963 0.240711
5.25218 0.22848
5.25563 0.217355
5.29532 0.211006
5.29107 0.201668
5.20648 0.210797
5.26286 0.209902
5.30087 0.205219
5.30206 0.197476
5.31813 0.19097
5.28888 0.186575
5.2757 0.18073
5.23817 0.178787
5.28494 0.179317
5.24381 0.178599
5.21077 0.176389
5.24312 0.174304
5.27485 0.172339
5.26039 0.168239
5.2763 0.164523
5.35482 0.17845
5.36527 0.174245
5.34773 0.170845
5.32344 0.168489
5.32728 0.164569
5.31447 0.161294
5.32997 0.158428
5.33428 0.155006
5.31974 0.152367
5.29986 0.150479
5.31288 0.14795
5.31796 0.14505
5.31036 0.14238
5.31788 0.139818
5.307 0.137586
5.34062 0.139138
5.3443 0.136634
5.35388 0.134514
5.34769 0.132278
5.32572 0.13182
5.33565 0.129947
5.34455 0.128072
5.32584 0.127336
5.32735 0.125275
5.34085 0.124007
5.34255 0.122066
5.31639 0.122986
5.31707 0.12111
5.31494 0.119308
5.292 0.119757
5.28792 0.118079
5.29833 0.116845
5.29537 0.115225
5.28504 0.114083
5.30207 0.113791
5.30204 0.112243
5.30235 0.110737
5.29676 0.109413
5.29016 0.108185
5.2983 0.107098
5.3094 0.106316
5.30759 0.104994
5.2968 0.104249
5.29961 0.103008
5.30642 0.101987
5.30419 0.10079
5.30393 0.0995975
5.30809 0.0985202
5.30447 0.0974486
5.30967 0.0964752
5.29896 0.0959837
5.29487 0.0949996
5.29086 0.0940352
5.29874 0.0933403
5.3051 0.09255
5.29879 0.0917772
5.30277 0.0908931
5.29366 0.0904014
5.2902 0.0895314
5.30415 0.0897045
5.32776 0.0918793
5.31927 0.0913513
