19.9457 0
18.2916 1.65405
16.6039 1.93917
16.3894 1.38787
16.0364 1.13152
16.1867 0.936022
15.9984 0.813184
16.0165 0.704471
15.7273 0.685283
15.7375 0.613019
15.5947 0.572592
15.25 0.626079
15.2871 0.577099
15.2666 0.534682
15.2622 0.497782
15.3959 0.484456
15.5058 0.468147
15.4383 0.446503
15.4571 0.422769
15.4157 0.403207
15.2691 0.410601
15.0638 0.442019
15.06 0.422382
15.1796 0.421737
15.3568 0.44159
15.2955 0.428659
15.3369 0.414545
15.2926 0.401917
15.3273 0.389359
15.2814 0.37894
15.2421 0.368615
15.1837 0.361651
15.2408 0.35514
15.3284 0.355489
15.3997 0.352478
15.424 0.343404
15.4054 0.334511
15.3236 0.3357
15.2342 0.338981
15.2701 0.33234
15.2375 0.325765
15.227 0.318088
15.1962 0.312127
15.1422 0.309695
15.0861 0.307892
15.1045 0.301691
15.1189 0.295551
15.0105 0.308973
14.9786 0.304281
15.0083 0.299613
14.9654 0.296793
15.0057 0.293799
14.9669 0.290797
14.9978 0.28703
14.9588 0.284445
14.9109 0.283405
14.9053 0.278444
14.9129 0.273705
14.907 0.269091
14.9337 0.265921
14.909 0.262698
14.9132 0.258461
14.9413 0.25588
14.94 0.251854
15.0429 0.268457
15.0621 0.265056
15.0363 0.26234
15.0306 0.258516
15.024 0.254828
15.0223 0.251167
15.0133 0.247768
15.047 0.246625
15.0395 0.243339
15.0299 0.240222
15.0812 0.242492
15.133 0.244821
15.1443 0.241885
15.1477 0.238787
15.1713 0.236923
15.1611 0.234166
15.1563 0.231306
15.1824 0.229949
15.1543 0.228889
15.1521 0.226158
15.157 0.223534
15.129 0.222692
15.1648 0.223022
15.1006 0.22964
15.1227 0.228121
15.1115 0.225854
15.115 0.223387
15.0787 0.223906
15.118 0.224931
15.1211 0.222548
15.0891 0.22251
15.0806 0.220346
15.0699 0.218325
15.0932 0.217346
15.079 0.215613
15.0817 0.213464
