4.5558 0
5.15206 0.596268
5.25457 0.359194
5.33608 0.266747
5.48738 0.256093
5.56035 0.221464
5.34101 0.288346
5.24347 0.268088
5.27225 0.238176
5.40724 0.252203
5.36734 0.23159
5.40974 0.215621
5.37823 0.200831
5.29924 0.202014
5.30939 0.188338
5.38721 0.192596
5.42477 0.18477
5.45095 0.176159
5.42509 0.168624
5.40882 0.160796
5.3357 0.169526
5.31235 0.163315
5.30677 0.156152
5.35085 0.155867
5.3585 0.149697
5.33423 0.145858
5.29911 0.144678
5.30397 0.1395
5.24896 0.145411
5.26534 0.141432
5.26956 0.136859
5.32865 0.145091
5.30923 0.141961
5.29594 0.138363
5.2755 0.135897
5.27917 0.132119
5.2645 0.129332
5.28387 0.127365
5.28877 0.124152
5.24572 0.128441
5.28835 0.132327
5.28363 0.129224
5.31756 0.130666
5.33736 0.129188
5.35962 0.128232
5.40647 0.133879
5.41625 0.131364
5.41114 0.1287
5.42585 0.126902
5.41222 0.125083
5.42491 0.12326
5.41073 0.121695
5.43494 0.121807
5.4439 0.119865
5.44965 0.117806
5.43566 0.116525
5.4154 0.116243
5.40794 0.114464
5.43022 0.114694
5.42856 0.112778
5.43274 0.110993
5.43187 0.109191
5.42593 0.107608
5.42495 0.105918
5.42174 0.104325
5.40378 0.104291
5.40102 0.10276
5.41229 0.101862
5.3966 0.101594
5.37676 0.102078
5.38433 0.100914
5.35949 0.102557
5.35408 0.101287
5.36533 0.100541
5.34953 0.100442
5.35323 0.0991802
5.36586 0.0986956
5.34866 0.0989291
5.37046 0.100073
5.38507 0.0998875
5.38741 0.0986744
5.38657 0.0974673
5.41073 0.0992711
5.42551 0.0991898
5.41133 0.0990357
5.41216 0.0978809
5.39887 0.0976573
5.40423 0.0966898
5.40615 0.0956166
5.41963 0.0955047
5.42777 0.094799
5.43058 0.0938051
5.44488 0.0938868
5.43907 0.0930648
5.45299 0.0931261
5.45978 0.092401
5.46696 0.0917249
5.48557 0.0926725
5.48814 0.0917675
5.48376 0.0909507
