3.95067 0
4.9805 1.02983
5.51169 0.797295
5.07343 0.714077
5.26841 0.586479
5.31974 0.481602
5.3698 0.410095
5.40151 0.356566
5.46549 0.320904
5.50927 0.290344
5.4767 0.264637
5.63154 0.286943
5.59226 0.266855
5.60468 0.247372
5.61221 0.230414
5.56204 0.221294
5.56466 0.207886
5.51749 0.201593
5.54131 0.19217
5.48222 0.191646
5.51419 0.185074
5.53608 0.177814
5.48607 0.177114
5.4719 0.170165
5.47345 0.163224
5.48094 0.157
5.44163 0.156106
5.43401 0.15062
5.42408 0.145673
5.4596 0.145147
5.49487 0.144749
5.54863 0.15011
5.51857 0.148564
5.5103 0.144365
5.49811 0.140709
5.53134 0.140726
5.51774 0.137544
5.5378 0.135369
5.54717 0.132185
5.5771 0.13227
5.60667 0.132347
5.59783 0.12946
5.61057 0.127054
5.6061 0.124213
5.60081 0.121537
5.58118 0.120475
5.58154 0.117884
5.59214 0.115888
5.60142 0.113877
5.56701 0.11676
5.5658 0.114454
5.55497 0.112752
5.54602 0.110965
5.53193 0.1098
5.52999 0.107803
5.54243 0.106588
5.52697 0.105837
5.53696 0.104475
5.54785 0.103264
5.54237 0.101677
5.54835 0.100175
5.54521 0.0985957
5.54163 0.097084
5.53922 0.0955855
5.5213 0.0957933
5.50241 0.0962036
5.52569 0.0975742
5.52854 0.0961709
5.53849 0.0952875
5.52919 0.0943755
5.5354 0.0932436
5.52084 0.0930852
5.52058 0.0918016
5.51576 0.0906811
5.50812 0.0897891
5.49376 0.0897567
5.50787 0.0897004
5.51832 0.0891573
5.52736 0.0884846
5.53265 0.0875317
5.5331 0.0864454
5.53523 0.0854115
5.53667 0.0843885
5.51627 0.0858383
5.52991 0.0859117
5.54303 0.085915
5.52309 0.087231
5.52331 0.0862343
5.51525 0.0856401
5.51015 0.0848369
5.50292 0.08421
5.51823 0.0846848
5.49917 0.0859104
5.51619 0.0866801
5.54488 0.0904342
5.54653 0.0895023
5.55031 0.0886556
5.54508 0.0879023
5.54463 0.087011
5.54663 0.0861599
