14.184 0
15.3739 1.18988
14.7103 0.955126
15.4304 0.987206
15.1157 0.826909
14.7574 0.764331
14.9852 0.684955
15.1429 0.613796
15.119 0.541843
14.9294 0.52043
14.9201 0.470837
14.8431 0.436664
14.6809 0.433183
14.8717 0.444135
14.8951 0.41413
14.696 0.435566
14.8513 0.437606
14.8393 0.412751
15.0637 0.450335
15.0506 0.427427
15.2379 0.44763
15.3599 0.443895
15.4016 0.426198
15.3212 0.415896
15.3405 0.399378
15.4716 0.405505
15.4734 0.390201
15.403 0.382543
15.4306 0.370153
15.3694 0.362808
15.3417 0.352
15.3899 0.344214
15.2954 0.346754
15.2804 0.336734
15.2196 0.332571
15.3354 0.343314
15.3947 0.339127
15.3033 0.342512
15.2791 0.334489
15.3125 0.327728
15.2746 0.321872
15.2408 0.315929
15.1224 0.330437
15.0697 0.327107
15.0304 0.322172
15.0408 0.315261
15.0931 0.312898
15.1056 0.306564
15.1312 0.301331
15.1593 0.296573
15.1874 0.292055
15.181 0.286454
15.1184 0.287902
15.1394 0.283304
15.1297 0.278273
15.1124 0.27381
15.1494 0.271496
15.1403 0.266928
15.0746 0.270472
15.0273 0.270105
15.02 0.265738
15.0649 0.265246
15.1261 0.268061
15.1577 0.265726
15.153 0.261647
15.1663 0.257993
15.1767 0.254329
15.1778 0.250563
15.2044 0.248333
15.2321 0.246323
15.1893 0.246571
15.2253 0.245777
15.2398 0.242817
15.2239 0.240044
15.2353 0.237098
15.1942 0.237537
15.1468 0.239173
15.1582 0.236361
15.1358 0.234426
15.1332 0.231491
15.1211 0.228933
15.1221 0.226126
15.1528 0.22549
15.1431 0.223004
15.1784 0.223185
15.1734 0.220631
15.1723 0.218083
15.1971 0.217012
15.2145 0.21526
15.208 0.212953
15.2075 0.2106
15.2016 0.208382
15.2048 0.206154
15.2038 0.203952
15.1579 0.206948
15.1399 0.205574
15.1109 0.205504
15.1036 0.203527
15.088 0.202063
15.1066 0.200901
