   -0.978408   -0.973682  0.00053423
   -0.923112    -0.93453 0.000512545
   -0.897176    -0.89153 0.000396584
   -0.848744    -0.84826 0.000324534
   -0.799744   -0.804715 0.000269379
   -0.758024   -0.761853 0.000233109
   -0.721408   -0.720446 0.000254096
   -0.683712    -0.68219 0.000180536
   -0.647872   -0.646566 0.000164424
   -0.612672   -0.613201 0.000217234
   -0.581056   -0.582512 0.000193163
    -0.55484   -0.554704 0.000187851
   -0.528664   -0.528458 0.000172441
   -0.508024   -0.504619 0.000162913
   -0.478416   -0.482631 0.000180963
