   -0.975136   -0.973618 0.000670056
   -0.941408   -0.935484 0.000662585
     -0.8888   -0.892615 0.000444633
    -0.84872   -0.848319 0.000357868
   -0.805056   -0.804161 0.000299374
    -0.75904   -0.761729 0.000283478
   -0.722888   -0.720617 0.000258072
   -0.680672   -0.682314 0.000241712
   -0.647768   -0.646428 0.000236167
    -0.61116    -0.61348 0.000232185
   -0.581552    -0.58293 0.000187264
   -0.555112   -0.554802 0.000199721
   -0.526056   -0.528495 0.000187283
   -0.508584   -0.504968 0.000204694
   -0.481208   -0.482491 0.000167248
