0.0110652 0
0.012956 0.00189081
0.0133516 0.00116113
0.0130209 0.000885139
0.0126135 0.000797554
0.0123352 0.000708185
0.0123113 0.000598999
0.0123417 0.000519638
0.0125473 0.000502255
0.0123893 0.000476197
0.0126947 0.000528032
0.0125134 0.000514993
0.0126447 0.000491593
0.0126454 0.000455127
0.0125295 0.000439265
0.0124319 0.00042233
0.012627 0.000442098
0.0125332 0.000427233
0.0124007 0.000425316
0.0124958 0.000414556
0.0124217 0.000401218
0.0123333 0.00039264
0.0124749 0.000401028
0.0124151 0.000388592
0.0123369 0.000380829
0.0127264 0.000534366
0.0126465 0.000520365
0.0125609 0.000508676
0.0125473 0.000491011
0.0126013 0.000477423
0.0125477 0.000464867
0.0124858 0.00045434
0.0124391 0.000442827
0.012424 0.000429871
0.0123851 0.00041922
0.0124741 0.000417021
0.0125369 0.000410423
0.0124956 0.000401599
0.0125791 0.000399972
0.0126194 0.000391923
0.0125784 0.000384443
0.0126194 0.000377418
0.0126712 0.000372151
0.012637 0.000365198
0.0127026 0.00036297
0.0126644 0.000357045
0.0127028 0.000351472
0.0127629 0.000349288
0.012808 0.00034505
0.0127566 0.000341966
0.0127081 0.000338692
0.0127631 0.000336634
0.0128016 0.000332469
0.0127591 0.000329016
0.0127266 0.000324611
0.0126825 0.0003218
0.0126516 0.000317605
0.0126905 0.0003145
0.0126498 0.000311801
0.012613 0.000308755
0.0126034 0.000303804
0.0126311 0.000300146
0.0126047 0.000296523
0.0126538 0.000295965
0.012678 0.000292378
0.0126461 0.000289679
0.0126108 0.000287493
0.0126383 0.000284564
0.0126044 0.000282455
0.0126286 0.000279443
0.0126053 0.000276463
0.0125762 0.00027415
0.0125447 0.000272192
0.0125248 0.000269226
0.0125037 0.000266448
0.0124966 0.000263016
0.0126273 0.000290641
0.0125969 0.000288496
0.0125915 0.000284873
0.0126119 0.000282031
0.0125918 0.000279252
0.0125663 0.000276998
0.0125892 0.000274594
0.0126247 0.000273616
0.0125999 0.000271512
0.0125948 0.000268384
0.0125872 0.00026539
0.0125688 0.000263
0.0126794 0.000282578
0.0126554 0.00028045
0.0126371 0.00027796
0.0126626 0.000276107
0.0126874 0.000274249
0.0126649 0.000272251
0.0126596 0.000269421
0.0126756 0.000267077
0.0126915 0.000264789
0.0126746 0.000262619
0.0127727 0.000277856
0.0127544 0.000275671
