17.0691 0
17.1087 6.63865
17.1475 6.62207
17.1886 6.60074
17.2254 6.58311
17.2637 6.56855
17.2998 6.54506
17.3353 6.53192
17.3712 6.53003
17.4014 6.5148
17.4407 6.49727
17.4846 6.47812
17.5188 6.45421
17.5483 6.44362
17.5834 6.42856
17.6176 6.41057
17.65 6.40401
17.6834 6.39842
17.7224 6.38358
17.7543 6.3708
17.7891 6.35594
17.8183 6.34755
17.8446 6.32707
17.8722 6.3156
17.9104 6.29695
17.9425 6.2821
17.9741 6.26613
18.0098 6.26911
18.037 6.2513
18.0749 6.22884
18.1008 6.21202
18.1332 6.21155
18.1701 6.20296
18.2037 6.193
18.2363 6.1781
18.2557 6.17154
18.2919 6.16433
18.3294 6.15566
18.3558 6.14528
18.3823 6.12999
18.4089 6.11059
18.4376 6.10842
18.4681 6.09901
18.4892 6.08648
18.5201 6.07413
18.543 6.06874
18.5675 6.06489
18.595 6.06463
18.6242 6.05128
18.6586 6.05052
18.68 6.04083
18.7156 6.02666
18.7493 6.01926
18.7811 6.01845
18.8182 6.00503
18.8421 5.99564
18.8745 5.99029
18.9076 5.97934
18.9336 5.96642
18.9617 5.95755
18.9976 5.9466
19.0335 5.94169
19.069 5.94537
19.0877 5.93692
19.1108 5.9253
19.1404 5.91152
19.1758 5.88978
19.2099 5.89395
19.2346 5.88843
19.2681 5.88832
19.2997 5.87964
19.3286 5.8788
19.3503 5.87615
19.3819 5.86436
19.4185 5.85227
19.4428 5.84064
19.4707 5.82555
19.5017 5.8132
19.5319 5.81082
19.5575 5.81236
19.5885 5.79672
19.6234 5.78677
19.6578 5.77582
19.676 5.77122
19.7022 5.76011
19.7253 5.75119
19.7535 5.73879
19.7865 5.74111
19.8191 5.72885
19.8386 5.7258
19.8702 5.72294
19.8963 5.72109
19.9243 5.72669
19.9518 5.71829
19.9752 5.71518
19.9987 5.7078
20.0257 5.69722
20.0598 5.69631
20.0885 5.68173
20.1075 5.68574
