31.4075 0
31.4274 13.791
31.4458 13.7765
31.4651 13.7836
31.4831 13.7784
31.5097 13.769
31.5357 13.763
31.5604 13.7475
31.5715 13.7333
31.5893 13.705
31.6043 13.69
31.6164 13.6825
31.6544 13.678
31.6795 13.6674
31.7008 13.6507
31.7263 13.6347
31.7525 13.6266
31.7779 13.6178
31.796 13.6082
31.8197 13.603
31.8442 13.5816
31.8697 13.5649
31.8905 13.5505
31.9128 13.5342
31.9322 13.5299
31.9602 13.5207
31.9878 13.5113
32.0068 13.5074
32.0175 13.5049
32.0354 13.4968
32.0545 13.4879
32.0795 13.4842
32.104 13.4713
32.1205 13.4572
32.1463 13.4535
32.1685 13.444
32.1878 13.4308
32.2148 13.4163
32.2339 13.4014
32.2561 13.3942
32.2743 13.3854
32.2888 13.3698
32.2953 13.3574
32.3105 13.3416
32.3336 13.3297
32.3532 13.3206
32.3679 13.3095
32.3823 13.2967
32.4096 13.2935
32.4266 13.2807
32.4448 13.2792
32.4658 13.2672
32.4964 13.2592
32.5171 13.2609
32.5292 13.245
32.5515 13.2302
32.5629 13.2323
32.5802 13.2337
32.5996 13.2258
32.6092 13.2198
32.6288 13.2149
32.6461 13.2098
32.6721 13.1927
32.6779 13.1789
32.6954 13.1688
32.7248 13.1607
32.7444 13.1601
32.7612 13.1498
32.7845 13.1333
32.806 13.1165
32.8281 13.0982
32.8451 13.0895
32.8629 13.0674
32.8791 13.0571
32.9052 13.0575
32.9294 13.034
32.9416 13.0253
32.9533 13.0206
32.9725 13.018
32.9844 13.0158
33.0039 13.0068
33.0288 12.9978
33.0477 12.9913
33.0688 12.9852
33.0854 12.9791
33.0903 12.9696
33.1114 12.9524
33.1211 12.9385
33.1439 12.9305
33.1628 12.9181
33.1896 12.9177
33.2018 12.9022
33.2241 12.8957
33.2447 12.8973
33.2613 12.8912
33.2852 12.8795
33.3071 12.8732
33.3318 12.8557
33.3542 12.8391
33.3674 12.8321
