0.475081
1.12759
0.220764
0.0334518
0.766091
0.464911
0.134237
1.4144
1.26922
0.997016
3.30005
0.534379
0.170683
2.12414
0.208093
0.681721
0.943523
2.53643
1.502
1.08348
0.23054
1.02688
1.15696
0.198861
1.19052
1.85531
0.436496
2.16636
0.279055
0.38452
0.497423
0.551973
2.8637
0.752092
0.405405
0.0545573
0.0656015
0.110867
3.97107
0.29556
0.606776
3.39404
0.0957565
0.779135
0.665437
0.790804
0.10329
0.954116
0.214233
0.54983
0.441317
1.71313
0.834413
3.06508
0.506518
0.466221
1.75
0.1782
0.401207
0.0543872
0.730013
0.804402
0.875607
0.135856
1.63076
0.477768
0.297295
0.539656
1.19465
1.39319
1.08158
0.674405
0.570507
0.139081
4.99638
0.493251
1.7179
4.70872
0.100729
0.734171
0.306784
2.65242
0.00579294
0.171335
0.33585
1.33332
0.489946
0.35148
0.45972
0.578797
0.596787
0.983712
2.33849
0.17688
1.11051
0.615343
0.354569
0.499464
0.669483
0.310902
1.10545
0.0135919
0.500409
1.36775
0.451921
0.87002
1.9843
0.306745
0.308334
0.0177398
1.9326
0.271573
1.1916
0.351577
1.91554
0.0435906
2.84584
0.022925
0.580223
0.184499
0.112372
0.203386
0.274282
0.450001
0.109022
1.61166
1.42013
1.01612
0.12236
2.32897
1.04409
1.07794
0.692754
0.143612
0.831888
0.981305
1.40547
0.544839
1.29637
0.339207
0.292331
0.579701
0.409787
0.0726566
1.27141
0.113034
0.0331151
1.17609
0.124147
1.36177
1.12365
1.14108
0.329903
0.0784261
0.200012
0.4921
0.409354
0.381673
0.402287
0.526769
0.00212978
0.569921
1.91082
2.19782
0.326177
1.35048
0.82325
0.338917
1.32938
0.336096
0.856333
0.505467
0.871776
0.733875
1.49466
0.630417
1.02507
0.484978
2.02845
0.32649
5.8695
1.21423
5.23966
3.05957
0.0351513
0.550445
0.287997
1.96416
0.384474
0.225005
0.646109
0.742336
1.36779
1.97498
2.70165
0.142344
1.82061
1.19905
0.0799641
2.03324
0.47043
0.145658
0.860758
0.531074
0.901525
0.179241
0.494413
1.89501
0.409548
2.77849
0.493904
2.01449
0.476126
0.0563665
0.69076
0.205405
2.07698
0.0164251
0.0552022
0.20733
2.33024
0.330233
0.37675
1.05513
0.547186
1.16822
0.696968
0.539785
1.79367
3.32685
2.13089
0.115493
0.77517
2.43602
0.477123
0.194401
0.719228
2.09867
1.55468
0.460422
0.715289
0.417196
0.205592
0.17123
0.0679816
0.34484
1.92913
0.00187831
0.17947
0.434377
0.794138
1.82661
0.42938
1.14571
1.03669
1.37216
2.57641
0.648809
1.86925
2.32981
1.25564
0.606721
0.0465739
0.181889
0.305766
0.0931986
0.684345
1.45289
2.52574
0.644847
0.103451
0.973373
1.35818
0.783169
0.905862
0.0640411
1.10573
1.34568
0.998441
0.672929
1.00429
0.290257
0.421478
1.23316
0.305515
0.0431679
1.6296
1.91226
1.4396
0.496492
1.07675
0.672887
0.918299
2.5499
0.99946
1.00155
1.05931
0.103093
1.50584
1.4592
0.486179
0.805788
1.59839
0.36471
0.342678
0.119159
0.266909
0.0969388
1.62981
0.823135
0.901897
2.7781
2.48621
1.92525
0.90985
0.0567067
0.187048
4.34831
1.28264
0.443555
0.148655
2.18846
0.952262
1.36653
0.0499406
1.78319
1.85594
1.35314
0.367543
1.03556
3.80644
0.994902
0.277803
1.25355
0.307944
1.69352
1.13069
0.121202
1.91634
0.849065
1.15741
0.307516
3.18575
0.309078
0.116825
5.41108
0.666909
0.0135245
1.35953
1.96286
0.236134
1.19243
0.335655
0.762774
1.44079
0.159951
1.29525
0.296631
1.00917
1.47621
0.306086
2.33837
0.4907
0.0893632
0.729366
0.809596
0.0343134
1.59777
0.054312
0.967239
0.772051
1.10504
0.130836
1.29288
0.936554
0.164319
0.440964
3.56269
0.321561
1.1231
1.12334
1.23762
0.578476
0.666044
0.100579
3.12235
1.52142
1.0705
3.81835
1.47266
1.53715
1.03637
0.630161
0.899006
0.856317
1.01506
0.000569956
0.521802
1.43308
1.00146
0.388586
1.89465
0.27971
0.281363
2.4023
1.23639
0.314241
1.91032
0.59811
1.1445
3.19792
1.33677
0.227998
0.782361
1.03254
0.131366
0.0109568
2.61888
0.0433951
0.913247
0.347163
0.440254
0.554441
1.28838
1.45354
2.81002
0.22007
0.133335
0.630871
1.82065
2.39321
2.11333
0.0518119
2.94911
1.08813
0.760226
0.961707
2.39634
1.05876
1.27623
0.629271
0.168956
0.702243
1.30082
0.336084
1.7218
0.0307344
1.68023
0.208312
0.869699
0.755024
2.06022
1.10925
0.379865
0.0404934
1.60096
0.553417
0.73532
2.3528
0.431493
0.0562338
2.45303
0.137964
1.05849
0.155431
0.494657
0.563041
0.972459
1.53752
0.660665
0.796559
0.546424
0.541382
0.623735
1.09494
1.57065
0.529612
0.262387
2.26647
0.0571294
2.82774
1.43648
0.885518
0.654737
2.11665
0.217076
2.44329
0.31518
0.182087
4.55043
0.399324
1.53546
1.48441
0.236699
0.460874
3.11112
0.356008
0.0273787
1.09524
1.5069
0.699069
0.117132
2.20215
1.7799
2.59696
0.0122662
0.497265
0.0598992
0.0811493
1.19893
3.30687
0.826486
0.603591
0.712075
0.696593
0.468795
0.985967
1.23229
0.0519641
0.770198
1.32529
1.15954
0.172543
0.409732
0.200211
0.895387
1.1479
2.91797
0.263179
1.4043
1.8919
0.852719
0.515544
0.7819
1.45955
1.05177
2.56365
0.241
1.72377
0.836988
2.35248
1.11449
2.50531
1.00726
1.45256
1.10644
2.56527
0.979252
0.948623
1.13178
0.803038
0.831045
3.90015
0.139405
0.352603
0.216606
0.220426
1.33953
1.38782
0.174977
1.10729
1.72923
0.0380426
1.83113
0.0415951
1.11507
0.546446
1.18898
0.476345
0.803787
1.96128
1.49456
0.508648
1.06446
0.182809
3.71478
0.0391075
1.03688
0.130031
2.39066
0.675738
3.70608
0.596848
1.07412
0.63889
0.498891
0.119528
1.36074
0.0698407
0.580852
0.122886
1.1243
0.14169
1.48836
0.526911
0.584273
1.14047
0.111928
0.189874
2.24026
0.0445889
0.0188441
0.41597
0.993548
0.458413
0.00230129
1.60143
3.03132
0.0842483
0.326891
0.083869
0.385664
1.30069
0.650016
0.0055374
0.564865
0.999676
0.442613
1.45991
0.780742
0.643288
1.03845
0.137542
0.24148
0.63684
0.0176492
0.167971
2.08932
0.642969
0.280833
0.4108
3.61692
0.247425
2.78861
1.51898
0.231209
4.14026
3.50235
1.42424
0.356795
0.178248
1.97618
0.546242
0.689783
0.436923
0.0244026
0.639474
3.33473
0.491912
1.96366
1.01792
0.476183
1.62727
0.305329
0.919631
0.231312
0.212299
0.0308889
1.17481
1.1335
0.0451792
2.0668
0.084147
1.87617
0.806862
0.195836
1.25721
2.62822
0.682312
0.0259813
0.275792
0.328003
0.100662
0.332009
0.185623
0.080907
0.975347
0.483794
0.373943
0.176952
0.446096
1.23418
1.71163
0.504324
0.798882
1.2955
0.192744
1.51952
0.783821
0.222018
0.254462
1.08705
0.614213
0.29578
0.290695
1.17548
1.95424
1.32088
0.960497
0.422279
0.86676
0.538358
0.322881
0.312694
0.873952
0.368517
0.440257
0.61189
0.822427
0.264336
2.09203
0.367239
0.814251
0.908434
1.24481
0.331512
2.11047
0.380276
0.50729
1.25833
0.493244
0.339974
1.02346
3.80411
0.945428
1.35358
0.181284
1.28093
2.94983
1.21583
0.523482
0.672315
0.448601
4.88822
0.788634
1.64197
1.90149
5.01162
0.59935
2.2351
0.540459
0.146008
0.80081
1.64415
0.944898
2.16366
1.21174
0.768752
0.400296
0.274532
0.715724
0.39324
1.84842
0.786294
1.32093
3.83645
5.11959
2.08704
0.429846
1.09093
0.701473
1.04074
0.796984
1.62292
0.0612497
0.34493
0.509618
0.0857684
0.797476
0.256406
1.00745
2.34921
0.0179643
0.777779
0.439419
0.144857
0.744369
0.325003
2.55545
1.62647
1.12372
0.628745
3.02187
0.351194
1.13937
0.567237
1.46742
2.58141
2.05279
0.0214407
0.291928
2.47757
3.36613
0.381462
1.29966
0.981259
0.349523
2.11477
0.0881579
2.01852
2.62032
0.521456
2.39435
0.0100011
0.00736874
1.48059
0.00957478
3.54687
2.91318
0.469225
0.103161
0.325131
2.5318
0.389835
0.817904
0.633842
0.753377
0.00597727
0.496393
0.682746
1.92662
0.662604
2.50921
0.531807
0.571809
1.54344
0.121267
0.306802
0.0456307
2.93358
0.206513
2.23668
0.325186
0.294646
0.0367418
1.49139
9.40702
0.0451476
0.608778
0.76457
3.32522
0.117568
0.660054
0.196575
0.616404
1.86156
0.691304
0.832161
1.75925
2.35741
1.9021
0.133966
2.0234
0.166176
0.938807
0.197291
0.963979
2.95139
0.250796
0.990079
0.275828
0.184202
0.330966
1.12879
1.08504
1.42353
0.389761
0.204383
0.97284
0.633216
1.88107
0.117655
0.570218
0.0788571
2.11501
0.350793
0.47015
2.19091
2.26386
1.91741
0.813394
5.72699
0.875673
0.180036
0.738043
1.01656
0.510165
0.877866
1.50368
0.515265
0.414934
0.568153
0.0234998
1.68537
1.60255
1.54603
2.3497
0.281939
0.265208
0.410118
0.608575
0.0882879
4.96031
1.50867
1.71813
1.2583
1.35338
0.930402
2.14882
6.2216
0.190817
1.47692
1.37251
1.01446
0.12402
1.90696
2.10953
2.60225
1.31378
0.337291
1.25584
1.30966
0.816656
3.78738
1.00623
0.134427
0.0966499
0.824147
1.9645
0.897558
1.83376
0.597827
2.13147
2.12922
0.307261
0.395952
0.82515
0.546488
0.462396
3.11089
2.76676
0.0329613
0.117572
0.669306
1.42027
0.858887
0.376862
0.118025
0.961326
0.769484
2.54926
2.07513
1.50457
0.149487
0.475675
0.667939
3.4728
2.81649
1.30237
0.307162
3.10003
0.841234
0.122206
0.225517
1.69103
1.84077
3.39971
0.462622
3.38394
0.67993
0.208556
1.72262
3.46148
0.793046
0.931869
0.519989
0.410331
0.668792
3.11657
0.192406
0.916781
0.213606
1.02561
0.232156
2.1645
0.698598
2.39284
0.0360415
1.45893
0.873719
3.84582
1.18002
0.00535793
0.371945
0.0495412
0.473663
0.434123
4.21652
0.180435
1.07782
0.978196
6.47061
0.111188
0.144306
1.5349
2.793
0.166707
0.95971
0.573028
0.14652
1.06396
0.0161991
1.78752
4.6212
0.425054
0.587578
0.868656
1.50658
1.03291
0.0265058
0.616956
0.00960562
0.751464
0.255059
0.360566
2.62117
0.942951
1.85267
0.352469
0.551899
3.80207
0.88326
0.426785
0.692773
3.40187
0.194816
0.938484
0.415774
0.0299096
0.359853
1.73241
0.194674
0.116573
0.939015
1.75382
0.0901319
1.1243
1.49283
0.112332
1.63949
1.8069
0.291579
1.07832
0.238988
0.497142
0.383555
3.79566
0.277367
0.791535
1.84456
0.92845
0.548002
0.393319
2.15852
0.996719
1.12673
0.093821
0.800617
0.319891
0.330776
0.211342
0.0737006
0.594523
0.88055
1.1804
0.00794747
0.44685
2.1647
1.63899
1.84572
0.698188
0.67889
0.587056
0.745609
0.356907
2.11404
0.0424106
0.595487
1.00645
1.09568
0.00858638
0.928231
1.24526
0.624274
0.155227
0.743465
1.01411
1.71566
2.15056
0.241237
0.820966
0.109616
2.13779
0.290467
0.901585
1.28578
0.466276
0.281629
1.00464
1.34337
1.48285
1.95376
1.30457
0.477769
1.12969
2.02577
0.556696
0.374178
1.37699
0.685511
0.303161
0.223899
0.0201328
0.336893
1.46922
0.410044
0.0598519
1.64305
1.22368
0.253156
0.818
0.890969
1.1525
0.140395
3.17303
0.135199
1.59167
0.0364179
3.74804
0.0531954
1.75986
0.165401
1.37331
0.54901
1.65561
0.892538
0.123429
0.337968
1.00505
0.930074
0.136422
0.862753
0.531456
0.870335
1.52066
0.245075
1.48754
0.231658
0.724358
1.03879
0.485667
0.581179
2.50375
1.35563
2.74434
0.920191
2.42586
0.113126
0.77154
0.477141
1.53577
0.501447
0.0598525
0.687272
0.317487
0.028315
0.00114844
0.177313
0.559269
0.114587
0.161913
0.0829728
2.37458
0.392278
1.08425
0.786064
1.65333
0.658553
0.903244
1.27654
0.478724
0.0573836
4.27559
0.575302
0.272054
0.988455
0.619589
0.44095
0.957286
1.98417
1.25511
4.40133
0.622884
1.81616
1.30133
0.26512
0.633751
0.310261
4.46348
1.44184
1.08533
2.19251
0.843767
3.62915
2.22748
0.919353
0.409955
0.266578
2.37457
1.6699
2.34004
0.107179
4.7926
1.73031
1.09464
0.974364
0.264451
0.531927
0.224193
0.336737
1.50565
0.490826
2.12657
0.0673606
0.404499
1.28065
0.329207
1.01564
0.218536
1.30919
0.100655
1.5503
0.140745
2.21584
0.278039
0.501669
0.165968
1.12881
0.72422
1.33928
4.06991
1.60026
0.000278065
0.296778
1.13361
0.480191
0.0235032
1.4342
0.109207
1.97351
3.32451
0.759874
0.10625
0.0190045
0.297988
0.0161008
3.46721
0.183343
0.430122
0.0459111
0.185688
0.922722
0.75107
1.81478
2.14924
0.14753
0.353097
0.748121
0.537835
1.79822
0.36844
1.41868
1.17307
0.5661
0.768008
2.26553
1.33539
2.12429
0.263706
1.48765
1.13948
1.59184
1.09632
0.603572
0.171818
0.498285
0.747114
0.364759
0.157576
2.21163
0.366998
0.884683
0.0494341
3.07921
1.00435
0.876502
1.40888
0.0254178
0.393492
0.101639
1.10949
0.565758
0.517188
0.531458
2.4579
3.17861
0.147917
1.0651
2.0598
0.592699
1.15063
0.531539
1.02026
0.993978
1.2142
0.416058
3.86931
0.435127
0.488176
3.09469
0.116815
1.87922
0.237401
0.599371
0.651628
1.28724
0.210059
0.0168147
0.0149032
0.733048
1.2269
0.101445
4.04095
0.517238
2.23901
0.187629
0.0919256
0.0519615
2.6214
0.257213
0.101002
1.03481
0.179325
1.7402
1.69891
3.23323
0.65615
2.27909
0.425575
1.62038
2.22057
1.09611
0.214582
1.18695
0.164008
1.01008
0.104729
0.516634
1.23999
0.0728721
0.879552
2.43402
0.887968
1.45155
0.741286
0.235109
0.457803
2.59041
0.427796
0.370668
2.88567
0.694002
0.0902408
0.135293
0.795214
9.30151
0.918019
0.282457
0.0950227
0.645889
1.61796
0.687313
0.816249
0.875638
1.4158
0.0751026
4.77581
0.253769
0.706318
0.52978
1.53013
1.01097
1.96627
0.16559
0.70859
1.77594
1.64311
0.259373
0.33495
0.205846
0.74741
0.0828619
0.618098
1.23895
0.0110311
0.664122
0.0205158
0.10166
0.530021
0.783263
0.140125
0.0683073
0.451356
1.56111
0.281824
1.15871
0.655838
1.21499
0.72252
0.17005
0.200643
0.180966
0.547818
3.15568
0.107559
1.37807
1.095
0.000662546
0.145583
0.913461
0.959058
0.547329
3.68441
0.877824
0.22504
0.891958
1.65821
0.352498
1.68746
1.058
0.31546
0.383253
1.14551
0.0519146
3.13553
0.380969
1.67903
1.67261
3.79323
0.382351
3.23697
0.72517
0.478181
1.90351
0.591026
0.521021
0.555614
0.268173
1.88888
1.28595
0.306315
0.697846
1.44469
0.735687
0.259519
0.488186
0.607222
0.768409
2.75573
0.448348
0.6661
1.13982
0.601709
0.400431
0.556624
1.24374
0.805806
0.988809
0.79394
0.382517
1.38697
0.502561
3.46787
0.385704
3.83953
2.12871
2.18725
1.03068
0.465377
0.251337
0.000200817
0.221056
0.309207
2.24316
1.37339
0.502592
0.701164
0.178121
0.0951099
1.5068
0.834046
0.145764
1.19027
1.02224
0.250363
0.864969
2.52157
0.689138
0.0227589
1.45773
0.454194
0.458411
0.661836
1.29665
2.4392
1.72174
0.337066
0.0572662
0.534584
0.176436
0.0607636
7.34781
0.574087
1.03567
0.962261
1.13022
1.10047
1.23509
0.033938
1.64258
0.631792
0.817366
0.295949
0.456011
0.748189
0.36276
1.07823
0.402166
0.00382737
0.0501535
1.17885
1.57924
1.5399
1.95929
1.11821
1.60521
1.01666
0.37589
1.6874
0.534939
1.51254
0.238419
2.64771
1.27878
1.26179
1.79284
0.67356
0.392342
0.595552
1.37628
0.267739
1.8324
0.28733
0.3809
0.0809707
2.44539
0.385906
0.682956
0.854678
0.23509
0.475302
3.76689
0.975302
0.289117
1.15262
3.82289
0.875153
6.54855
0.908685
0.593112
0.0117527
1.53264
0.355484
0.117689
0.0794915
0.175716
0.169091
2.0357
0.287727
2.88318
1.86284
0.529778
1.26891
0.171933
0.11312
2.17761
0.221668
1.48018
0.0360387
1.24208
0.685212
0.440993
0.374373
0.522921
0.891173
0.866232
1.66821
0.493857
0.801574
1.0033
0.478153
0.0565758
2.99751
0.0235714
0.422279
2.69683
0.174214
0.0302209
4.48787
0.271658
0.194736
1.558
1.28628
0.43053
0.139026
0.0886081
0.400162
1.19204
2.71937
0.342842
0.143513
1.01222
1.42444
1.10099
0.709685
0.322968
1.50952
0.646057
0.093852
0.0610463
0.970199
1.50943
1.04792
0.652185
4.20258
3.23678
2.00068
0.873633
2.35156
2.05652
0.204865
0.111411
0.488944
0.244907
0.983498
0.253674
1.73987
1.40217
0.402455
3.85878
0.292971
0.859247
4.21007
0.753084
1.1183
0.0972917
0.120285
0.487194
0.213347
0.220114
1.14533
1.22984
0.718724
2.85473
0.629358
0.532398
0.457073
0.0297748
2.66709
0.294876
0.208835
0.752507
2.38168
2.11482
3.44068
0.0924663
0.904133
0.108438
0.48752
1.64865
0.0535074
4.58158
1.40422
0.117281
1.6058
0.683139
1.48514
0.0121656
2.11804
0.246307
1.44103
1.66897
1.80165
2.29867
2.67446
0.791789
0.0248278
0.282507
1.69754
0.906811
0.357642
0.319921
1.24718
0.186676
0.971168
0.0253938
0.398879
0.955069
0.330974
4.83152
3.61666
0.53979
0.304698
0.264723
0.0922633
0.785483
0.0820909
1.03516
0.179394
1.13392
0.639911
0.707517
0.206312
0.493463
0.683217
1.44292
0.23337
0.270749
1.46377
2.52858
0.0659066
4.34943
0.0131337
0.373379
0.303313
2.30794
1.91458
0.152369
1.40874
1.06232
0.388317
0.687485
0.708121
0.973896
1.44604
1.1789
1.93889
1.19634
0.909304
0.142255
2.86083
1.31203
2.62315
0.832987
0.604196
0.159786
1.19436
0.425289
0.330777
0.0045374
2.62066
0.342329
0.417266
0.231666
6.62315
6.86754
0.789769
2.68054
0.901503
0.346779
0.19871
0.586737
4.35959
0.961353
1.18318
4.99734
0.672498
0.079837
3.24125
1.40494
2.29542
0.0805357
1.2466
1.51678
0.293934
0.466318
0.109898
0.760279
1.3028
0.910636
0.0100107
0.142646
0.566887
5.01429
1.86849
0.437703
1.27005
2.41549
1.00296
0.396742
0.445605
0.921575
0.176246
1.54472
0.117546
1.12292
2.10682
0.941587
0.689276
0.066899
0.544635
1.04522
0.393927
0.458928
0.19908
0.0671153
0.215808
0.546477
0.205212
0.288983
0.0656783
4.68848
1.73099
3.35224
0.279746
1.77398
0.169929
1.32632
1.7591
2.76769
3.29241
0.386134
2.18141
0.100918
0.0783546
1.13516
0.334982
0.464963
1.35906
0.453623
2.07751
0.829381
1.02368
1.03952
0.82101
0.431836
1.84194
0.188728
0.124041
0.37949
2.57915
0.283803
0.0793454
1.48525
1.23164
0.669859
0.0696855
1.04313
0.953558
1.08664
1.92207
0.0392109
2.97551
0.215961
0.673582
1.68244
0.725484
0.482236
0.401474
4.44484
1.79742
0.873734
0.741816
3.64525
0.169777
0.137578
1.20679
0.508971
1.37693
1.81146
0.078019
0.14722
0.113653
0.974895
0.735471
1.92052
0.763937
1.35396
0.643985
1.31929
1.09655
3.41598
2.40611
0.478922
0.183705
1.35304
0.0589774
0.188606
2.39575
2.93802
0.0476189
1.21993
2.64003
3.3295
1.9778
0.61774
1.72151
0.824252
1.93373
0.456901
0.45327
1.63806
0.0028999
0.813322
0.194784
0.702644
1.55636
0.378437
1.2318
0.044459
0.54856
1.25431
0.175925
0.205585
0.552047
1.93243
0.140882
0.340301
1.20665
0.874836
0.407717
0.186873
0.252853
0.0648043
0.267522
1.87771
0.52606
0.26859
0.635887
1.10165
0.298315
2.5879
0.718143
1.4883
0.0641162
1.25724
0.0332448
1.94034
2.83968
0.844591
0.187866
0.0377576
0.179845
3.65498
0.96866
0.612263
2.25041
4.02003
1.04229
0.344042
0.0546416
0.41437
0.829112
0.0111063
2.78384
0.812052
0.562607
1.55385
0.329797
1.84842
0.0375652
1.5632
2.42052
1.50829
0.501488
0.497408
0.14947
1.94063
0.793203
0.267823
0.712757
0.152572
1.30231
0.820449
0.845344
0.819135
0.608219
0.117978
1.09879
0.21531
1.44574
0.697415
0.238518
1.37683
0.356216
0.582607
0.12602
0.439066
0.76702
0.632106
0.85494
0.608094
0.139766
0.605112
1.3898
1.47254
1.23718
0.414194
0.669104
1.25648
1.579
0.68203
0.0764545
0.0808842
1.25077
0.401035
1.80261
0.943807
0.170939
2.90896
1.33025
0.70063
0.3626
1.22873
0.407415
0.747511
1.01855
1.38448
0.479716
0.181086
0.97517
2.43397
1.07124
0.200529
0.0826488
0.125571
0.407407
1.99374
1.92152
0.643234
0.74488
1.11362
3.87928
0.567338
0.947069
0.00303206
5.43202
0.611272
0.893106
0.350098
0.576454
0.234763
0.84586
0.81481
3.82561
0.0333313
2.10475
0.613047
1.3291
0.332537
0.156304
0.2437
0.448359
0.03484
0.43247
0.465385
0.563416
0.138337
0.0545527
0.00942537
0.225652
0.052741
1.46825
1.06291
0.100716
0.488569
0.985704
1.6019
0.373955
1.45842
0.538658
0.28053
0.418736
0.32034
3.3497
0.0668771
0.0964827
1.72696
0.676717
0.358229
1.13831
1.02364
0.0152195
0.484683
0.508255
0.695738
0.0166001
2.84536
2.44456
2.01522
2.00559
2.26855
0.661135
0.00636837
2.69091
1.65287
0.324713
1.45667
0.0400059
2.4805
2.9148
3.08794
1.37499
0.701634
0.371715
0.00280282
2.35583
0.961838
1.79491
0.0883452
0.809003
3.1464
0.887995
0.370285
0.587179
0.596332
0.860634
2.49054
0.766196
1.19378
1.96526
0.087208
0.815994
0.879966
0.271161
0.380099
0.167298
2.47398
2.03809
0.790517
1.97676
0.396173
1.32746
0.795253
0.196828
4.57214
0.236767
1.67813
0.633193
2.19955
0.163168
0.718048
0.452428
2.29423
2.34777
1.3644
1.08509
0.660385
4.46578
0.395174
0.211621
1.10513
0.0968776
0.585083
0.745526
0.0218304
0.438842
0.556055
0.500033
0.860522
0.237988
1.15748
1.02339
0.105369
0.541145
1.22333
0.190412
0.597826
0.395974
0.575995
1.35874
0.2406
0.233603
0.071963
3.49166
1.93926
2.37304
2.27007
2.1544
0.464845
1.97503
0.0403391
0.592584
0.611844
0.309094
0.288429
0.0816543
0.573773
1.24194
1.38667
3.23285
0.162608
0.134861
0.712439
1.1272
0.955435
0.380601
1.70167
0.17843
2.80509
0.369802
0.474449
1.44546
0.808483
0.580156
0.162859
1.07668
1.40432
0.569336
0.204413
1.5531
0.62934
0.337147
1.50231
0.985592
0.873194
1.12528
0.480241
0.314457
0.986157
2.09768
0.268697
0.223876
0.589833
0.130223
0.0260849
0.0106995
0.528356
0.435434
2.83755
0.0538242
1.59511
0.0893187
0.0544849
0.668115
1.88778
0.197259
0.368762
0.0953274
2.50466
1.69616
2.44074
0.315214
0.472214
1.50223
0.14714
0.666516
1.82846
0.738952
0.514624
0.286223
0.127134
2.57676
0.00695433
0.394583
0.200302
0.369323
0.211396
0.217077
1.07255
0.517728
0.0519256
0.122927
0.143494
1.32577
1.04279
1.47796
1.34409
2.09245
0.811555
0.0763711
0.75046
0.0206
0.142241
0.630512
2.13117
1.10468
0.471886
1.17683
1.10342
1.02857
2.20668
0.14675
0.24473
0.36749
0.0750391
0.505467
0.216723
0.0199215
0.126647
1.74927
0.324282
4.70842
0.11142
0.355142
1.75426
0.382866
1.04861
0.504824
1.16475
2.39329
0.264809
5.75474
0.407856
0.00201253
3.02997
0.0623237
4.6525
0.425738
0.736296
0.210192
0.747235
1.18616
2.8797
0.552072
2.65505
1.84979
0.110039
0.595638
0.529703
0.160033
0.275024
1.94673
1.13223
0.363364
2.8856
2.46865
0.0248997
1.12856
0.0916848
0.0980317
0.637215
3.37355
0.592169
2.39954
1.01201
0.320661
0.33863
1.85803
0.133601
0.384702
1.56498
0.653817
0.314532
1.66339
2.25196
2.27672
1.53993
1.43521
0.341623
1.47561
0.849675
0.213224
0.510771
1.15284
0.148111
0.839082
5.17883
1.35052
0.168027
0.2017
0.61864
0.939335
0.0605747
0.0305069
0.08846
0.279961
0.705607
1.14933
0.0665044
0.857467
0.574753
0.128269
0.422989
1.53925
0.785301
1.2222
0.234001
0.0841921
0.748955
1.96515
0.286562
0.40445
1.27937
0.0138693
2.34625
0.00289029
1.67028
1.31887
1.63225
0.710746
0.587531
0.61396
0.458985
1.54322
2.08451
2.78671
0.495587
0.216861
0.333112
0.502229
1.96571
0.0995195
0.302152
0.0513757
0.429897
0.127297
0.198529
0.287275
0.880128
0.233671
1.16708
1.28875
0.030561
0.436603
0.592516
0.364881
0.720632
0.5811
0.469769
0.720059
0.504337
1.61503
2.91695
0.0548684
1.74057
1.10999
0.591432
0.756598
0.127246
1.33921
0.385679
0.0995949
4.86861
1.25577
1.19019
1.39279
0.453825
0.291668
0.918016
0.69579
0.291818
1.26046
0.0594534
0.054679
0.180319
0.0316921
2.13343
1.47156
0.475466
3.27597
0.351988
1.4138
0.572461
0.416344
0.073966
0.0824829
0.334016
1.02001
0.549692
0.486278
0.295118
0.362898
4.27174
0.506036
0.057174
2.23697
0.392875
0.976924
0.0544211
0.865442
0.265246
0.222372
0.613718
0.300871
0.0182685
0.0582242
1.63046
0.523781
0.62137
0.0104595
2.55188
0.0484257
1.38864
0.159421
0.259356
1.13603
1.00423
1.67166
0.427807
0.81355
5.03158
0.14842
0.365053
0.105649
2.67943
0.625188
2.2986
0.183165
0.064702
0.0704804
0.229562
2.09766
2.64907
1.26756
0.164499
0.289885
1.50051
2.91405
2.48906
0.497264
0.595952
0.138064
1.10265
1.03039
0.167157
0.285209
0.753529
0.335776
0.506347
0.289093
0.192549
2.95685
1.12953
0.495741
0.175477
0.0782957
0.933333
1.84121
0.056899
0.465082
0.148961
0.856604
0.0941624
3.66965
0.503889
0.661784
2.00477
2.61599
0.64229
0.708625
0.830092
2.59482
0.214935
0.0429671
0.0129205
2.20576
0.418912
2.10669
0.195882
0.0322673
0.14518
1.01891
0.874229
0.224552
0.687391
0.227092
0.749339
0.775653
0.0426561
0.678873
0.929281
0.132618
0.237105
1.03282
0.129649
0.365758
0.992096
1.88876
1.56923
2.64521
0.189969
1.4497
0.272842
0.356505
0.194442
0.695329
2.89067
0.965059
0.470941
1.75191
0.801455
0.0819142
0.215799
2.89011
1.87289
1.55818
0.782542
0.186323
2.65437
0.560665
2.12906
0.0630834
0.691208
0.879823
0.96078
0.7693
1.89179
0.470287
0.447296
0.561137
0.0548876
0.544759
1.33909
1.28828
0.329719
0.971037
1.59298
1.75192
1.22292
0.984317
3.8192
2.29974
1.82113
0.170683
0.840187
0.362578
0.213366
0.731946
2.38244
0.0910765
0.333448
0.24833
1.13381
0.398097
0.378875
0.679725
1.39636
2.06109
0.307982
0.114098
0.709497
2.36052
0.184749
1.25254
0.890385
0.228957
0.443725
0.549796
2.4791
0.434997
0.515432
1.26162
0.941411
0.368634
0.142247
0.287513
0.654476
0.55659
4.33354
1.60216
0.0155996
0.223988
0.039291
0.672911
0.593031
2.22432
0.630549
0.638678
0.87625
0.0574987
0.569989
0.117692
1.01105
0.326249
1.25175
0.571272
0.425391
1.42657
0.0213651
0.55689
0.184742
0.875185
0.821083
0.743344
0.189569
0.490013
0.429196
1.11807
0.633374
3.16654
0.971543
2.70881
0.395185
0.0451652
2.21972
0.138927
0.640159
0.0512676
1.94076
0.943754
0.351927
0.773379
0.589033
1.74644
0.551168
0.892533
0.198932
0.21849
0.428902
1.14132
0.392131
0.6065
0.0219453
0.0591845
0.964822
0.11051
0.425993
1.05948
3.13622
0.804465
4.43044
1.63179
0.0952399
0.584687
0.557376
1.96563
0.0722323
0.226476
0.471964
2.297
3.37634
0.384641
0.0780671
2.54368
1.13096
0.865176
0.150304
0.113134
0.0261748
1.63201
0.0657896
0.0887617
0.738816
0.662943
0.911435
2.6347
0.482783
0.356561
0.827213
0.219504
0.765016
1.21087
0.709228
0.548636
0.312615
0.511052
0.700716
0.935619
0.205747
0.600251
0.583256
1.03024
0.522053
0.606861
0.0124019
2.20261
0.500571
0.768662
0.134241
3.16915
2.5594
4.40912
0.469782
0.0992663
1.78573
1.96262
0.294148
0.287767
0.523505
2.11947
0.925377
0.531913
0.160321
2.27523
0.139467
0.064974
2.09398
1.59813
0.218262
0.817136
1.08387
0.605443
0.222734
0.115092
2.34202
1.28876
0.170082
4.12142
1.05265
0.798021
0.340009
0.275157
0.223592
1.0392
1.40338
0.101446
0.313809
1.02576
2.52983
3.83411
0.409243
0.604888
1.84713
0.0635594
0.782941
0.799219
1.22542
4.0186
0.16561
2.71201
1.81462
0.642712
1.28055
0.562005
0.308618
0.651946
1.3069
0.443224
1.1639
0.234611
0.753402
2.36786
0.908874
0.874805
0.661271
0.982699
0.380557
0.0960137
0.799853
0.123264
0.209052
1.13944
0.197238
0.171001
0.116625
1.1233
0.177207
1.52212
0.628171
0.938158
0.232964
1.73063
0.0762111
0.469416
3.24025
1.17313
0.580583
0.263948
0.869049
0.0598329
0.260778
0.64967
1.15332
3.65949
0.895716
0.185943
0.747769
0.0159458
1.41347
0.136788
0.0732987
0.586548
0.189002
3.08406
0.781813
0.117775
0.221365
0.339595
4.09921
2.21378
0.167437
1.12522
0.0893637
0.999252
2.0328
2.19256
0.644942
1.3577
0.0687892
0.346893
2.34871
0.248469
0.344198
2.19889
0.247572
1.37758
2.26915
0.256338
0.274128
3.54507
0.18669
1.71881
2.93357
0.619072
0.118847
0.832379
1.59463
1.06705
5.20868
0.72284
0.190237
0.253778
1.11098
0.370535
0.716102
0.14648
2.229
0.211727
0.848898
0.0380913
1.02513
0.506716
1.09602
0.557823
1.86004
1.86368
2.0832
0.342988
1.35952
3.38715
2.47708
0.0571367
1.41225
3.1836
0.144482
0.997194
1.37003
0.333985
0.217958
0.442978
0.284066
3.09654
0.835627
0.587138
0.256315
0.0892467
0.416185
0.225786
0.335974
0.750937
0.0438656
0.459111
1.17035
1.08987
0.825268
0.249782
0.0322
0.00122276
0.788277
0.0790199
0.693682
7.36275
1.04667
0.116845
0.516813
0.216288
0.951322
0.146797
0.569337
0.587815
2.74988
1.55457
3.47705
2.79952
3.27117
0.215161
6.16239
0.0371702
1.20123
0.343327
1.69254
0.395384
0.010591
2.50265
2.24636
0.474999
1.14624
0.149897
0.00898818
0.0570861
0.110772
0.260831
0.237994
0.222147
2.94891
1.03673
0.172612
1.73742
1.03564
0.139778
0.0443155
0.231474
0.181784
0.0831321
0.631733
0.940604
0.276436
0.175443
0.35467
0.995585
1.72964
4.28093
0.53293
2.19539
0.42372
3.09769
0.657429
4.63451
0.949529
0.0350826
2.5163
0.461987
0.834498
1.09473
0.154294
0.0333457
0.791743
1.40462
0.861871
1.04592
0.100815
0.137111
0.887298
0.761682
2.79325
0.285845
0.0154616
0.408723
0.365776
0.781484
0.287898
1.21572
0.885102
0.794419
0.0886206
1.12162
1.05636
0.191043
2.04049
0.38496
4.44284
1.08351
0.000505593
0.563986
0.79792
0.132065
0.406184
0.432476
0.532131
0.805916
3.24899
2.59415
1.82177
0.799314
0.995831
2.08725
0.114344
0.356088
0.152344
0.627261
1.81034
2.33267
3.39911
0.440074
1.34318
0.665012
0.246714
0.184045
1.75688
1.17433
0.843861
3.57543
0.661753
0.776061
1.74675
0.156082
0.0835707
0.112723
0.174985
1.02224
2.84704
0.151974
0.636064
0.51405
0.242333
0.535612
0.573826
0.854332
0.190396
0.102654
0.843431
0.541268
2.02895
0.574397
0.280141
1.6589
1.69281
0.17007
0.308471
0.405716
0.2056
1.14645
0.426678
3.47554
0.301851
0.0924315
1.12577
3.39821
1.19531
1.24262
2.35294
1.32273
0.445833
0.0895142
0.137427
0.577751
0.864472
0.192411
2.22568
3.31361
0.0700115
0.0153836
1.51886
0.106188
0.217343
0.980589
1.42863
0.254735
1.46075
0.490753
1.63772
1.05405
0.173269
1.11863
1.02573
0.882785
1.88092
0.0360142
0.0460175
2.04871
2.22467
0.450978
0.402491
4.2149
0.370058
0.566942
1.20644
0.243346
2.27824
1.23723
0.191759
0.215863
2.21685
0.436944
0.234967
1.12536
0.878209
0.343387
1.50659
0.653156
0.313977
0.131564
6.30273
1.37099
0.828302
0.646936
0.276973
0.517611
0.646537
0.10621
0.329663
0.165615
1.9583
0.588285
0.31712
2.3404
1.02039
0.270937
0.622171
0.0267067
0.571328
0.613382
0.204169
1.43877
0.892625
0.771633
0.0759473
1.05429
1.70369
0.0576165
0.449823
2.394
1.30768
0.0945618
0.532708
0.90624
0.574623
1.49708
0.252353
0.838677
1.93445
3.02644
0.436979
0.0675357
0.850823
1.7557
0.24627
0.284074
0.488346
0.965886
1.89145
1.06428
0.690634
1.22585
1.32545
1.40177
0.875764
0.0842743
1.81602
0.383502
0.803512
0.215915
0.103327
0.00473405
5.52501
0.678627
0.281404
0.401788
0.599738
0.452967
0.14639
0.301684
0.502442
0.564414
1.44138
0.353579
0.201906
0.351101
2.57505
0.867077
2.99628
0.419501
3.94926
1.86085
0.297292
0.0188836
0.678483
1.56898
0.398384
0.398782
0.370393
0.721246
6.20686
2.13398
0.390898
0.0822378
1.4079
1.29745
2.44581
0.955771
2.17009
0.021383
0.616169
0.487205
2.05135
0.065308
0.850857
0.334485
1.29814
2.10296
0.0104972
0.339246
0.630493
2.49142
0.0867552
1.86771
0.996542
1.72176
1.17189
1.21862
1.83308
3.62311
0.459231
1.2976
0.546033
1.88411
1.99943
2.15523
0.988505
0.127615
0.0397447
0.962466
0.200702
0.049112
0.368523
0.618295
0.781389
1.7481
0.87129
0.432289
0.184966
0.0667826
0.880234
0.0593785
0.479754
0.255135
1.51916
0.0560572
0.288672
0.141326
0.870124
2.27645
0.160561
0.4144
0.391654
0.772721
0.619283
0.553608
0.330184
0.220156
3.17522
1.18034
1.66391
0.8336
0.0604903
0.589592
0.50359
1.28606
1.2139
0.227104
0.983086
1.2009
1.39884
2.75428
2.00189
1.69061
0.222844
1.10839
0.327054
1.3323
0.669852
0.576754
1.08534
0.578794
1.22306
0.592257
2.45279
0.504582
0.326336
5.07031
0.967487
0.455143
0.358241
2.92839
1.30728
2.15794
0.229562
1.35631
0.302974
0.588326
1.17442
0.707445
0.0154839
0.252783
1.14423
0.201922
1.64351
0.135003
0.615302
1.88807
0.549312
1.78596
0.809762
1.29493
1.05259
1.95581
1.33677
1.87252
2.63046
1.30115
0.706723
1.7674
1.12301
1.65317
0.922277
1.11057
1.34034
2.62876
0.774643
0.637909
1.38844
0.611503
0.406637
0.643456
0.106688
0.18247
0.116197
0.0233428
1.38094
0.0555367
2.08805
1.38099
1.03632
1.94731
1.12004
1.06016
0.249138
1.04722
0.771496
0.255288
0.633019
0.488255
0.0428197
0.424049
1.40674
0.667248
0.0785508
1.49957
1.32042
0.33968
0.0393268
0.349451
1.3994
2.24343
1.86077
0.147286
3.7678
0.944254
0.623283
0.0237506
0.0584504
0.662056
1.18466
0.629022
1.58414
2.10457
0.383107
2.08989
0.679056
0.673114
1.24511
1.56905
1.8671
0.571297
1.02423
1.33865
3.29104
0.398107
1.48419
0.168072
0.611227
1.18833
0.152991
1.49807
0.22536
0.143615
0.171764
3.32225
0.374661
1.62431
0.0810268
1.68489
1.51508
2.3635
0.263817
0.602782
1.8688
0.87059
0.744373
0.732259
0.342325
0.190273
0.452021
0.558778
0.101158
0.311032
0.422639
0.0227646
3.72284
0.957658
1.92936
0.802992
1.51372
0.698479
1.27022
1.63049
0.393376
3.3215
1.26707
0.328321
0.387301
0.381317
0.163565
1.22377
0.377355
1.06508
0.96888
0.320968
0.676288
0.554859
0.320057
1.59795
0.152849
0.281064
0.255642
0.967844
0.161598
0.0621097
1.2753
0.649128
0.415997
0.411812
0.793205
0.64866
0.437708
1.41268
0.952068
1.07939
0.17709
2.9684
1.23209
3.08548
1.95691
0.0552301
0.0254441
0.222801
0.0742304
0.967822
1.34419
2.40398
0.97362
2.13309
2.81928
1.54683
0.0552976
0.438907
1.3421
0.172959
0.947031
0.838555
2.60064
0.652589
0.315034
0.680799
1.63938
0.135287
1.08691
1.9176
1.40525
1.34421
0.402945
0.0112053
1.28548
0.454933
1.06782
0.0765918
1.53122
0.515547
0.174304
0.518951
0.424381
0.814946
1.15053
1.40039
1.69749
0.415772
0.031239
0.386057
0.0773362
0.957122
0.218302
0.283352
0.89091
1.34463
3.10199
0.463888
1.08755
0.405748
0.579977
1.51792
1.81093
2.47339
0.0620913
0.256046
2.24014
1.01541
1.15508
0.312268
0.185555
0.410721
0.0723987
3.15415
0.513986
3.72347
2.50492
0.89833
1.22195
0.166762
0.444542
2.25629
0.108548
0.898602
1.48114
1.27702
0.73069
2.7905
0.470002
1.48095
0.328045
0.782834
0.661956
2.98119
0.853866
0.818664
0.633339
1.72423
0.594375
0.164509
1.06238
2.00251
1.73064
0.159085
0.458677
1.06596
0.901568
0.419184
0.677862
0.21383
0.866782
4.04341
1.03838
0.298525
0.365892
1.35646
0.0645816
0.867973
0.245863
1.42913
0.979176
0.236039
1.16495
1.64618
1.8719
0.923534
0.743918
0.220013
0.125593
0.504091
1.30066
0.398252
1.02994
1.47258
1.84612
0.235534
0.50965
1.94014
0.0514545
1.01308
0.695995
0.187051
0.383623
0.0034279
0.96533
0.228001
1.01767
0.832945
3.18308
0.72174
0.272798
0.389193
1.35651
0.0612004
0.261665
1.64654
0.519317
1.72432
0.653927
1.77737
1.64022
0.415168
1.02238
1.16238
1.98025
1.38055
1.08428
0.148553
6.08067
2.34048
0.288621
0.795934
1.9842
1.01517
0.71079
0.394879
1.14083
0.0519345
0.397472
3.83812
0.654033
1.53595
0.415474
0.0056419
0.053659
1.11666
1.17939
2.26217
1.74029
0.113673
0.562719
2.2161
0.999773
0.642496
0.828426
0.193324
0.80208
0.567045
0.2912
1.15606
0.226778
0.915589
0.146062
2.38515
0.0906126
3.02438
0.383011
1.06058
0.248805
0.295228
0.988956
1.07459
0.44801
0.0333763
0.643285
1.15089
0.00729063
0.608375
0.145181
0.180263
2.23201
0.811343
0.103345
1.90095
0.373121
2.26615
1.17235
1.49166
0.0105145
0.196243
1.02531
0.795043
4.28908
0.144849
0.523761
1.01588
2.73773
0.813698
0.580334
0.094591
1.16659
1.35924
0.716446
0.171071
0.315996
0.545748
0.900607
0.429076
0.789272
2.34303
0.539283
0.768482
0.280746
0.95244
0.0428258
0.656857
1.39248
0.0395871
1.73769
0.472657
1.41659
1.3706
1.39077
0.071165
4.15201
0.654242
0.0278213
0.266577
3.2043
2.43037
0.11393
0.103606
0.55153
2.85631
0.372112
1.56516
1.10114
0.117381
0.319342
0.148472
3.06492
0.914409
0.53654
2.08386
0.632111
0.556054
0.400765
1.42928
2.15898
2.77019
0.950513
2.7259
1.75309
1.74881
0.826084
1.7772
0.273667
0.274577
2.39116
1.44222
2.54094
0.694324
0.194505
0.927606
0.274941
0.771553
0.360769
0.362095
0.333677
0.0846914
0.173278
1.40787
0.264465
0.184864
2.85059
0.139073
0.897421
1.43752
1.54387
0.551113
1.41957
1.2412
0.2707
2.19792
0.217419
0.500552
0.898359
0.176067
2.9836
3.38928
1.63203
0.495221
0.103958
2.65049
0.331807
0.290491
1.47881
2.62351
0.275387
0.36217
0.28302
0.322585
0.264431
0.349984
3.93879
0.228336
0.437897
0.670549
3.13521
0.763136
1.62873
0.185772
2.15652
0.291378
0.758747
2.00327
0.421327
2.35178
1.20346
0.743607
0.253263
2.68992
0.498767
0.549715
0.641282
0.119215
0.0649452
1.63134
0.857626
0.50505
1.76444
0.640455
1.76442
0.0949905
2.27279
0.621066
1.49637
0.152548
1.96983
0.8392
0.628656
2.26404
1.3106
0.71395
1.86575
0.141089
0.833386
1.03343
2.97826
0.391158
0.224723
1.69962
1.88696
0.45989
0.805126
2.15221
1.60994
0.777846
0.607843
1.18545
4.74195
6.13888
0.155707
0.798381
1.79499
0.219743
2.1694
0.212517
0.0741248
0.108332
0.734997
0.964173
0.262598
2.75764
1.73968
0.317128
0.172132
1.21937
1.06994
0.52542
1.24197
4.62038
0.381578
0.825535
0.0602469
0.175538
1.8415
0.931929
0.822047
1.01572
0.0638634
1.28959
1.42339
0.157311
0.00406932
0.0913211
0.950909
1.20626
4.37931
1.08674
0.90302
1.19518
2.88866
1.41645
0.865173
2.95509
1.51724
1.3531
0.505593
0.581218
1.83293
0.301707
0.373426
0.385622
2.69568
6.79434
0.382281
0.00595915
0.174519
1.90326
1.60238
0.226216
0.877658
2.45289
0.505675
2.51436
0.324035
3.96966
1.26607
1.00481
0.90181
1.27238
0.298785
1.54151
1.14946
0.250038
0.624831
0.339562
1.74917
0.627016
0.848112
0.608037
1.4821
0.0127578
0.704223
0.419818
1.13619
0.0783335
0.113419
0.0308731
0.972137
0.593865
1.8309
2.73109
0.402825
0.680965
0.404825
0.0812358
0.150318
1.49122
0.197196
1.55276
0.0712745
1.14981
0.859088
0.227629
0.38088
1.03815
0.288572
1.74286
0.488341
1.18512
1.45884
0.295917
0.0974996
0.294565
0.424457
0.0784746
0.412857
0.407627
1.27675
2.04656
0.939859
0.617687
2.22469
0.0526089
1.5905
0.0541338
1.59722
1.55155
0.329938
1.33277
0.554537
2.12241
2.70472
0.827958
0.890609
0.588762
0.269185
0.457969
2.09492
3.50057
0.389765
0.642369
0.0389707
1.19669
0.245197
1.1804
0.779013
1.31312
0.832181
1.21537
0.0723612
0.2402
0.0324114
0.471864
0.755207
4.08076
0.357633
1.76263
0.64011
0.0596249
0.050267
1.22908
1.79457
0.0543098
2.08694
1.10809
0.352372
0.371477
0.129205
1.37489
0.529278
0.346567
1.34416
0.49591
0.823432
0.164059
0.888928
1.41932
2.90496
1.44481
2.65612
0.193188
0.677517
1.58968
1.49121
1.68288
0.065535
0.177456
1.25586
0.162361
2.29506
2.17813
0.78493
1.30623
2.37494
1.25377
0.871534
0.979708
0.909072
0.716939
0.122312
0.733913
3.9976
1.30129
0.445649
3.24944
0.0482923
2.12931
0.455256
0.685674
0.199253
1.39657
0.333698
0.507598
0.853322
2.03355
0.424937
1.44529
1.53784
2.24471
0.280817
0.0268209
1.02534
0.131688
1.06937
0.576027
0.0955193
1.24881
0.476879
1.45547
1.33121
0.276433
1.17648
0.182152
0.100213
0.447533
0.645071
1.10556
0.528237
1.00622
0.817691
1.28883
0.501108
0.120425
0.582724
0.16403
3.72344
0.128166
1.26324
0.421573
0.111267
0.372781
0.339268
2.17357
0.235504
0.0361891
0.0553695
0.2698
0.250493
1.86929
1.24224
3.22748
0.304463
1.20447
0.247985
0.368574
0.408416
1.63913
0.623271
1.06277
1.1848
0.582512
0.946177
0.623843
0.157121
1.07068
0.206649
1.31303
0.311139
0.0592505
0.446028
0.0837676
0.835413
0.545626
0.450821
0.620562
1.3573
0.893003
0.111059
0.272398
0.924806
1.22076
0.550477
1.60595
0.680213
0.882549
0.251317
0.135138
0.585877
0.181654
2.0885
0.050864
0.295975
0.985188
0.562567
1.04167
0.559464
3.73272
0.9043
0.257344
1.4713
1.92783
0.649502
1.25873
1.35239
0.262
0.115434
1.76136
0.585485
0.592349
1.42253
4.23428
1.28681
1.97171
2.07235
0.23626
0.661964
0.791927
0.402434
1.62936
1.53728
0.869835
0.101116
3.26606
0.236069
0.0304602
1.90677
0.099519
1.74888
1.10569
1.14338
1.20493
0.526129
1.06898
0.568996
0.771542
0.0158162
3.39964
0.435448
0.868966
1.49831
1.06946
0.448996
2.78978
0.912021
0.475316
2.00482
0.607596
0.709346
0.890449
2.77056
4.7634
0.219142
0.445125
0.842514
0.113481
0.135663
0.581166
0.82738
1.47161
1.59115
0.515415
0.450019
0.30117
0.841203
0.427262
0.467284
0.259994
0.288176
0.466176
0.286696
0.188659
0.550765
0.0824212
0.550531
1.35564
1.38034
1.11425
0.497781
0.756453
0.045136
0.603721
0.764987
0.351136
0.244242
1.19794
0.92127
0.0958635
4.69419
0.275488
0.624703
0.365709
0.097702
1.65232
1.36566
0.0377796
3.26243
1.505
0.0411051
0.281803
0.399459
0.102435
0.671192
0.494489
4.912
0.701687
0.396188
0.304709
1.68215
1.18561
0.240721
3.40151
0.317499
2.86883
1.43396
1.58058
1.19585
4.46115
1.3118
0.41362
0.540163
0.300579
0.649663
1.62133
0.383136
0.241151
1.30724
0.0588371
0.695247
0.603089
1.56988
1.25565
0.888763
0.183882
0.86672
4.38738
0.672757
0.671636
4.24585
0.509187
1.59055
0.623084
0.281637
0.0246406
0.0776638
0.254337
0.147077
0.836712
1.62403
1.22116
1.0857
1.11087
0.133814
1.8324
1.59737
2.30139
0.935196
0.241501
2.78384
0.0122661
0.201955
1.14789
1.64251
1.96162
0.139341
0.795282
0.218008
0.612934
0.787849
2.33751
0.583404
1.10296
2.73367
2.56916
1.46098
0.343736
0.796941
0.0804992
0.672618
0.301142
0.487603
2.1582
1.53432
0.759529
1.10451
0.121754
0.896377
0.136624
0.594664
0.0766928
3.22912
2.66061
3.71138
0.214756
0.667703
2.82346
0.0143527
1.53776
0.91322
3.30423
0.510217
0.206737
0.537389
0.827136
0.247141
0.15196
0.618417
1.12005
0.0257478
0.119787
0.091309
1.09851
1.39036
0.206844
0.281339
2.00835
0.555011
0.681105
0.157494
0.738695
0.997402
3.43232
2.52143
1.35793
1.26328
0.220087
0.06274
1.3131
0.416681
1.33351
0.136021
0.519189
1.04067
0.380854
1.58357
1.1492
0.749505
1.83978
0.294434
1.57461
0.895684
3.01235
0.608714
0.405295
1.60152
0.788331
0.928852
1.0107
1.87727
0.453137
0.59739
0.73592
0.406183
0.0610164
0.447791
1.39833
0.0213897
2.63385
0.466758
0.704765
0.233251
0.495228
1.4209
1.04819
1.32573
0.669239
0.0749894
1.02817
0.520756
0.321985
0.00209313
1.47779
0.138849
0.441679
2.28473
0.210167
0.801394
0.511981
0.0584604
0.000206625
3.16611
6.21766
0.268739
0.137933
0.411745
0.529785
0.612905
6.97925
0.208704
0.996894
2.09516
0.819625
0.814682
1.45939
1.34714
2.2747
0.252355
0.696889
1.30503
1.36481
0.643536
0.556608
3.51096
0.556379
1.93696
0.419571
1.22114
0.225334
0.0682807
0.736928
0.245977
0.137957
0.131616
1.11775
0.608157
0.444892
0.47293
1.32831
0.780877
0.731278
0.137959
0.0193841
1.70991
0.28189
2.28924
2.38984
0.3431
0.226607
1.62255
2.02522
0.821551
0.574754
0.632393
0.804413
0.168559
1.92442
0.464501
0.253504
0.0661489
0.0501166
1.29054
0.529142
0.678061
1.12192
0.0700062
0.00484969
0.232937
2.92858
0.972815
3.66098
2.94805
0.714866
0.342691
0.209565
0.965341
0.778171
2.54152
2.96921
0.464953
0.1537
0.0690331
0.955816
2.9993
0.767886
2.43891
0.0620379
0.535111
0.53943
0.248702
1.02982
1.08305
1.73136
2.4307
0.356045
0.00157367
2.18719
0.165341
0.670982
0.112698
0.407531
0.348125
1.29223
0.202516
0.503441
0.900481
5.50676
0.589924
0.13954
4.17161
0.328529
0.759073
0.995592
0.0458006
1.6918
0.0926278
0.254162
0.556749
1.27532
0.545159
0.138786
3.05448
0.797341
3.98543
1.39589
0.0745358
1.28531
0.0920257
0.485274
2.44164
0.291708
0.103948
2.75859
0.53214
0.680346
0.543961
1.48656
0.476383
2.2218
4.34523
0.019206
0.680777
1.58934
1.69515
2.15118
0.677408
1.69643
0.144618
1.74544
1.09813
0.246459
0.568777
0.580569
1.20874
0.155134
0.355292
2.97351
0.162856
1.16625
0.489455
0.816201
1.91176
0.0230266
1.2888
1.10437
1.13125
1.53846
0.352908
0.333969
0.44031
0.251415
0.541152
1.09373
0.171239
0.253935
1.39513
0.764559
2.77259
0.206459
0.395637
0.426773
2.24449
0.0364518
2.29342
0.533434
0.300538
1.51283
0.461012
0.195689
0.543346
0.54615
0.636402
1.02691
0.67726
0.350301
1.73532
1.41762
0.65533
0.0365894
0.0597955
0.442101
0.833291
4.42457
0.822227
1.01136
0.136755
0.788398
0.511042
2.23191
0.671737
0.462521
0.0360885
1.62578
0.203756
1.12114
1.94985
0.368257
1.11345
1.77294
1.66944
1.05452
1.14918
1.21459
0.062597
0.547286
1.14927
1.29842
1.16561
1.73042
0.0565199
0.468256
4.92757
2.06303
0.422745
0.0643841
0.27667
1.56684
0.0251237
0.68662
0.651526
0.438925
0.507273
0.057316
1.44181
0.361069
0.304445
0.236578
0.202732
0.815756
0.398833
0.716915
0.209358
1.88295
2.03319
1.59362
1.66773
0.89666
0.189143
1.30302
1.07532
0.259515
1.39076
0.249223
0.238819
1.23649
0.365065
2.06792
1.86356
4.08027
1.84245
0.177223
0.816421
3.34781
0.475105
0.28878
0.0948976
2.52714
3.65702
0.212916
1.01532
0.158125
0.854881
1.11354
1.52622
0.429029
7.33307
2.99262
1.09238
1.45687
0.557728
0.319436
0.182831
1.25014
0.600015
1.2952
1.33985
0.219457
0.381303
0.790549
0.0595877
0.337582
1.32346
1.04921
0.390486
0.123802
1.16366
0.0752405
0.828044
0.400849
0.493525
1.97559
1.36412
0.483697
1.69226
0.76521
0.0652449
1.22552
0.791081
0.675674
1.48589
0.143665
1.27517
2.50934
0.253444
0.343974
0.119856
0.0422229
2.42411
0.626123
0.682405
0.703393
1.68942
1.38215
1.17588
1.90558
2.40723
0.532585
3.31307
0.281771
0.755148
0.254745
0.774373
1.29349
0.665859
0.0819037
0.15496
0.531702
1.9303
0.399011
0.189334
0.714543
6.16717
1.42063
0.63221
0.032536
0.433772
0.551693
0.593432
0.55377
0.134262
1.18006
0.225356
0.769996
0.575186
1.09286
0.0981381
0.345716
0.368097
1.10428
1.70216
0.375786
2.56797
0.687783
1.52662
0.605903
1.7163
0.119269
0.616923
0.463771
0.219721
0.499272
1.88506
0.133
3.42003
0.773056
1.78202
0.266597
3.33584
0.640451
1.30999
0.209274
2.09294
0.290356
0.0570116
0.381724
3.28227
0.466238
0.156813
0.0674721
1.81373
0.0632591
0.20903
0.817136
4.1209
0.226225
1.67283
0.124236
0.015027
0.523732
0.124099
1.98811
2.30973
1.49996
0.44419
0.397735
1.26587
1.63018
0.844226
0.0507711
0.208833
0.540216
1.35911
0.64394
0.144797
1.40701
2.8251
0.502341
1.12831
0.860541
0.22105
1.89258
1.1764
0.568006
0.601797
1.0082
2.69893
0.342693
0.33607
1.40485
1.63974
0.354202
0.0552346
0.381521
1.60039
0.0190916
0.209674
0.567405
2.28049
0.840863
0.171931
1.47019
0.144195
1.90318
1.91091
2.06215
0.0370577
5.65834
0.0339947
1.01786
1.81133
0.21392
3.09239
0.0163635
0.814775
1.34765
0.341734
2.4403
0.88781
0.118431
0.0982927
0.342862
0.468328
0.35155
0.607036
1.17507
1.1769
0.354951
1.58312
0.0951765
0.780138
0.555345
0.168948
0.750573
0.939916
0.287019
0.242009
2.05008
2.26363
1.58278
1.77365
0.156852
0.893891
1.2445
0.80098
1.72587
0.350832
1.04389
0.375173
0.753853
2.63331
1.20407
0.304267
1.47701
0.152361
0.299221
2.35991
4.17458
5.25218
0.583472
0.29068
2.3338
0.541768
0.103371
1.82388
0.86697
0.325795
0.720172
0.132087
0.156057
0.77453
1.31636
0.206885
0.934576
0.0976732
0.102388
0.753332
1.15356
1.21222
0.327836
0.597019
0.170218
0.904624
1.73302
0.66211
3.04484
0.494468
2.9935
0.0604405
1.2471
0.071514
2.96144
0.35109
0.959445
2.92227
0.992615
0.0909605
1.62431
0.310121
1.52326
0.651793
1.12753
3.08695
1.57732
0.451854
0.154521
1.67066
0.217525
1.15837
0.792224
0.402619
0.115216
0.0870624
0.64498
0.434025
1.66884
0.335608
0.233152
1.20336
0.00651884
1.66427
0.417294
0.297823
0.0435976
1.32958
2.36774
1.14143
0.262036
0.752767
0.513
0.24007
0.740754
0.505502
1.26821
0.310959
2.34248
0.0823088
0.884665
0.0378473
1.12648
1.65378
0.398168
0.500451
0.00351272
3.07725
0.451872
0.649037
0.171466
1.72922
1.55224
0.230291
0.352464
4.11522
1.14697
0.948351
1.39083
0.294707
1.34663
0.463099
1.47298
2.90453
1.72967
1.44527
2.25426
2.9942
0.887254
0.0336924
0.450408
0.848262
0.275152
0.867418
0.677594
0.344722
0.611167
1.28735
0.538269
1.68064
1.57566
0.116668
2.21092
0.382449
0.519998
1.13096
1.14601
0.725098
0.290058
0.383937
6.59764
0.916077
0.406675
0.883024
2.50215
2.65522
2.18063
0.720923
0.479972
0.0406069
0.351112
1.90392
0.195676
1.10789
0.087883
1.10503
2.02453
1.01118
0.682161
1.70389
1.28877
1.85436
0.577725
0.770608
1.2826
0.127601
0.172716
0.539951
0.188975
0.173231
0.880879
1.67059
1.31351
0.150087
1.18059
2.48989
2.63332
1.65272
0.13445
0.495252
1.20494
0.5155
0.0158531
0.353312
0.354047
2.01468
0.600086
0.0415143
1.63391
1.79526
1.83304
2.82523
1.26616
1.73933
6.22124
0.559093
3.55556
0.515154
1.5762
3.93912
0.662224
1.15873
0.733077
0.897369
0.0627894
1.70584
1.31909
1.34093
0.0851191
1.69494
0.403212
0.673569
4.43591
1.3815
0.487305
0.200607
1.36452
0.523498
0.176525
0.258394
0.12189
0.998318
0.747843
0.362618
0.270205
0.0717153
0.249969
0.013956
0.290546
0.683876
0.353229
1.25183
5.71486
0.92466
0.559591
1.32834
0.571215
0.670412
5.05205
0.801812
1.4687
0.758712
0.386369
0.431313
0.292672
0.0330968
1.04652
0.126498
1.01605
0.480226
0.12504
0.0398745
3.7034
1.13813
0.103521
0.380033
3.08309
0.11707
1.0597
0.236427
2.92624
1.86502
1.79902
0.123411
0.10799
0.466412
0.55668
0.0981608
1.76393
0.975087
2.76778
2.21837
0.260068
0.840314
2.31903
1.12192
0.114718
1.95163
0.986004
0.554922
0.137057
1.72178
0.442665
0.27201
0.00901195
0.829618
0.858887
2.293
0.37357
0.158645
0.0910624
1.17267
0.58501
0.948031
0.0095455
0.0170785
3.23534
0.152519
0.75483
0.222621
3.18849
0.533852
1.76559
1.63577
2.56586
0.747
0.0646301
0.688416
1.46372
0.0151938
0.75881
0.410855
0.246547
1.67741
0.858228
0.536029
2.16211
1.26845
0.71281
2.10908
0.917226
0.28296
1.28985
2.26636
0.164771
2.30391
0.64282
0.864722
1.04295
3.85504
1.49748
1.95899
0.744552
0.291396
0.232527
2.3336
0.854995
0.221391
0.449314
1.61385
0.403977
0.162556
0.94638
0.773028
0.676513
0.946151
0.104265
0.0554692
0.589395
0.254741
0.119308
0.586761
0.211849
0.371368
0.0554324
0.00187351
0.346998
0.951694
2.01313
0.124434
1.21894
0.971749
0.373168
0.582599
0.63765
0.903411
2.81008
3.72824
1.86008
0.0393506
0.76432
0.83933
0.398043
0.838504
1.00816
0.0254603
1.31407
1.44675
0.391385
1.59643
0.437585
0.669686
0.666512
1.12794
2.43825
1.56085
0.566279
1.70179
0.611228
3.14873
0.0897184
1.34942
0.0887434
1.29698
0.564979
2.01724
0.318039
0.227134
1.98024
0.206488
1.07509
2.13949
0.365752
0.341733
0.775614
0.182653
0.232669
0.32381
0.587326
0.279655
0.964991
2.33725
0.316092
1.62081
2.66823
0.162841
0.869282
0.182794
0.484385
1.02685
2.82099
0.81458
2.35763
1.68267
0.694171
0.999258
0.889745
0.336891
0.277307
1.50949
0.00605002
1.76683
0.207107
2.66307
0.549644
2.41893
0.104668
0.712245
2.63159
1.39983
0.327943
0.881689
1.15294
2.30302
0.787098
1.58084
0.408374
0.924449
1.1131
0.206682
0.931237
0.0585321
1.91453
0.255683
2.51415
0.273133
0.179859
0.97923
0.444601
0.610319
2.02214
3.59694
0.532532
1.07902
0.62695
4.32548
2.16277
0.258127
1.97776
0.0205353
0.475577
1.25135
0.426917
0.0391501
0.466407
0.569447
0.572602
1.39459
1.08861
1.1284
0.158446
1.91008
1.16232
1.11055
7.1046
0.431293
1.74557
0.811287
2.73081
1.26303
0.453505
1.69665
0.179837
1.50608
0.757047
1.60341
1.11426
3.14016
0.508337
1.28187
0.0449997
0.388928
3.00848
0.433512
0.571238
1.2588
3.61536
0.379604
1.94995
1.8083
0.727312
1.29402
0.554235
0.191105
0.770491
1.62888
0.768365
2.53904
0.0481005
2.00968
1.92318
2.70279
0.183348
0.286503
0.0592335
0.3727
0.224264
0.2216
0.0454597
0.917644
0.0338116
1.91398
0.156485
1.2109
0.710079
0.291924
0.130563
1.44043
3.06164
1.41959
1.03088
0.188953
1.55841
1.21534
0.70641
1.14303
0.745913
0.130266
0.508887
0.207585
1.15634
0.856612
0.0928865
0.101134
0.122333
0.789716
1.52591
3.43396
0.256484
1.16801
0.607178
0.791371
0.0983187
1.50153
0.143178
1.24009
2.17271
0.191839
1.58362
0.744354
0.179676
1.67166
0.408659
1.76391
0.520434
0.115115
0.269401
1.15678
0.40633
0.240268
0.69945
2.99752
1.67708
3.13424
0.312567
0.142452
0.163766
0.833698
0.377317
3.45978
0.754769
0.881534
0.984327
0.826832
0.223174
0.76464
2.44681
2.25254
0.252318
0.151756
0.811279
1.29356
0.707703
5.70553
0.692825
1.12468
0.156115
0.0110902
1.29612
0.366707
0.726203
0.118406
1.27921
0.662004
0.105852
0.758613
0.248849
2.10143
0.881334
0.0887951
1.69037
0.333926
2.2697
2.07912
6.43901
0.085434
0.869767
1.08206
0.0623351
1.08778
0.142921
1.992
0.0375212
1.0657
0.0586828
0.133568
0.824946
0.134174
0.799462
0.152201
2.54607
0.295343
1.48333
1.44161
1.00112
0.101155
1.50902
0.32461
0.110191
0.495006
1.76296
0.429092
0.11762
2.85347
0.359115
3.31734
0.281202
4.78206
0.859008
0.298987
1.78464
0.332352
1.2448
0.654072
0.112829
0.453356
1.05462
0.392972
0.181842
1.43447
2.65457
0.0559556
0.375124
0.465153
2.72621
0.585394
0.0418296
0.375803
2.8141
1.04017
2.9254
1.50466
0.0830422
0.375433
0.203197
1.28103
1.74222
0.00408899
0.575276
1.12533
0.433935
0.70066
0.602484
0.0118897
0.47497
0.946791
0.650316
2.0019
2.8091
0.294738
0.063927
1.84777
0.566749
0.451141
1.61364
2.57524
1.06378
0.117366
0.322683
1.22178
0.187428
0.536498
0.84265
0.745954
4.19854
0.874284
1.19279
0.255796
0.16368
1.53824
1.93734
0.379159
1.73831
0.932986
1.10662
0.44895
0.801636
1.36643
0.240526
0.417041
2.20104
0.728627
0.708634
1.18113
0.251113
0.0407183
1.23097
1.08804
1.70544
1.2605
0.298686
0.415666
0.743949
0.422242
2.57409
0.410741
0.286934
0.0492504
0.764202
0.408927
1.06754
0.219757
0.600308
0.601706
1.58942
0.236715
0.878732
0.681396
0.182918
2.63213
0.139714
0.456867
1.41964
0.304244
0.22745
3.89259
1.29942
1.56677
2.77847
1.01711
1.06578
0.597885
0.422228
2.04923
1.76113
1.09852
1.68786
0.650583
0.239783
0.238217
0.465124
0.057175
0.0832228
0.307412
3.08199
1.61264
0.362769
0.275977
1.42603
1.38655
0.0261543
1.57919
0.106691
0.140796
0.744158
4.89205
1.36234
1.99838
4.16359
0.695702
0.333842
1.45399
0.846412
2.73803
2.84205
0.298822
0.391187
0.494774
0.0317973
1.00894
0.49087
0.243813
0.308199
1.31748
1.52861
1.38675
0.998912
0.396112
0.195589
0.21862
0.896897
0.374198
3.85689
2.28906
0.297058
1.11661
1.51567
0.820191
0.906717
0.0465919
0.0644197
1.36877
2.17048
0.175696
1.14435
0.463011
2.2812
0.129109
1.04755
0.553954
2.02351
0.320704
3.08032
0.824811
0.307198
1.08109
0.898258
0.399024
1.18681
0.869356
1.6361
2.17481
3.42555
7.16459
3.00929
0.482965
0.0894623
0.125703
0.0845228
0.442313
0.916385
1.13361
0.855408
0.471574
1.80717
0.249363
0.0676636
0.951925
1.09086
1.29191
0.164752
0.752719
0.0524698
0.717465
0.247604
0.739095
0.0536746
0.0762325
0.262358
0.406319
0.433519
0.335889
0.123923
0.955986
0.202794
0.215801
1.59047
3.05636
0.561317
2.71982
1.43808
1.23659
4.93283
0.197868
0.326458
0.192447
2.67878
0.638406
1.28292
0.240735
0.263157
0.920003
0.775678
0.0742046
0.062834
0.680845
0.0385798
0.298546
0.926812
0.713326
0.402044
0.0718075
0.716758
0.206891
1.47865
1.6668
0.161117
2.3445
5.20911
0.19918
0.482315
0.201269
0.241524
0.604107
3.13544
2.48136
1.41295
0.870493
0.861741
0.18946
0.283452
0.48677
1.83441
1.59752
2.01878
0.976152
1.90074
0.327828
0.211126
0.965031
2.06722
0.848973
0.0415703
1.19391
0.145651
0.175482
0.832538
0.101768
1.92131
3.08594
0.19697
0.134958
0.0883046
1.53476
0.957106
1.26725
1.169
1.49167
0.209331
0.662
1.82147
1.11583
0.230621
2.67431
0.623814
1.44029
1.95956
0.447105
3.38388
0.270051
1.2919
1.04414
0.690406
0.0616815
0.23333
1.17582
0.269582
0.858414
0.0347993
1.66854
0.122336
0.376436
0.695806
0.328374
0.534157
1.58433
0.141733
2.30603
8.86214
0.953156
0.23265
0.0946578
1.00608
0.755479
0.2703
0.114342
0.0677561
2.0164
0.839077
0.346888
0.0657394
2.84533
0.302323
1.50017
0.765348
0.674842
0.170183
2.00811
0.748556
2.48385
0.33833
3.65371
0.906435
0.807508
1.80441
1.73453
0.867384
1.14099
0.848531
1.77679
0.553943
0.922434
1.82541
1.95871
0.0964648
0.49552
1.8867
0.579644
0.985432
0.792121
0.460111
0.373084
1.74383
0.891675
0.285497
1.26845
0.233859
0.00283868
0.0447347
3.43196
1.2633
1.08282
0.0351251
1.18022
0.100792
0.582742
1.67467
0.240048
0.949145
0.938699
0.70628
0.152849
2.06238
0.568927
0.756252
0.710354
0.0385391
0.961719
2.76263
0.641973
3.05695
0.0997642
0.342339
0.0554723
0.31856
2.42006
0.217485
0.0565113
1.18952
1.01909
1.65029
1.87116
0.614344
0.549008
1.81023
0.0201313
0.124011
1.08445
1.19105
0.0867323
1.39449
1.36325
1.88723
1.74528
1.5343
0.566465
0.3091
0.0977814
1.0323
1.15793
0.0115523
0.659573
0.28699
0.0726662
1.13512
0.90533
0.657003
0.903654
1.90823
0.730068
2.56503
0.0157514
1.20119
0.20781
2.80206
0.415686
0.815477
0.290908
1.2082
1.12926
0.0942239
0.627829
1.31937
0.80021
2.23014
4.58477
1.74297
0.765953
1.43851
0.162028
0.248239
0.400129
0.141011
0.12204
0.638443
0.430318
0.228037
3.1112
1.17295
0.253383
0.436702
3.50461
0.500621
0.465931
0.504873
1.73795
0.131135
1.3316
0.036126
1.13062
0.789442
1.25372
0.662284
0.415972
3.56842
0.11053
1.69401
1.65658
0.0993219
0.172996
1.42396
2.45831
0.16825
0.600565
0.807333
4.1582
0.597928
1.66049
0.216216
0.554548
1.67276
1.24811
0.405068
0.0773465
0.0360174
0.00687367
1.24362
0.940372
1.02828
0.0245153
3.17527
1.43546
0.486702
2.23968
1.01296
0.673239
1.05426
0.532245
1.02968
1.10925
1.98719
3.01536
0.486603
0.945859
0.00675212
1.53878
0.0967191
0.238141
1.53877
1.02288
0.375079
1.27361
0.41702
0.298945
4.03396
1.09836
0.0741899
0.0941294
2.11091
2.02399
0.411252
2.12533
3.07397
1.5691
1.05589
0.648315
1.55808
1.17529
1.20963
1.34676
1.09128
0.719046
1.76374
0.547528
0.966761
1.66339
1.34777
0.386708
0.205418
2.38277
0.736923
0.344418
0.833259
2.8811
1.07589
1.57631
0.0887865
1.69415
2.49807
2.00443
0.561089
0.529761
0.58136
1.10546
2.20809
2.9937
0.525662
0.304874
1.27847
0.243427
1.13998
2.88403
0.39248
0.457396
2.30974
0.615207
1.79289
1.92133
0.120367
0.658921
1.14124
0.918078
0.88729
0.0550419
1.04607
0.481801
1.35317
3.02477
0.00456887
0.885145
0.105491
0.263728
1.05921
0.137048
0.539342
0.134322
0.488092
1.86518
0.807759
0.109373
1.01863
1.06844
0.803579
1.70759
0.835174
0.0889111
0.702255
1.3095
0.543607
0.439114
0.239545
0.072699
0.387307
0.94964
0.0199688
0.316485
0.997063
0.117771
0.301469
0.774797
1.00828
0.678092
0.219693
1.23027
1.03914
0.152814
0.584671
0.359977
0.763853
0.660985
0.359512
0.825951
2.2902
0.0724535
0.459119
0.585822
1.00708
0.311867
0.528258
3.14464
0.705943
1.47431
0.147871
3.05185
3.04063
0.478188
2.90069
0.208227
3.52437
0.555736
0.0885089
0.723019
0.375145
1.02843
1.64015
1.50807
2.8654
0.775387
0.782223
1.44963
1.78286
1.16004
2.72347
1.19697
0.84497
0.587677
1.82541
0.781218
0.425397
0.491599
0.0898545
0.0896219
1.43312
0.0361436
1.76532
0.742768
0.566875
1.25482
0.43449
0.552606
2.03146
0.0998443
0.201861
0.64472
1.16462
0.896421
0.756886
0.98764
1.3332
1.11425
0.459753
0.0559403
0.396172
3.04446
1.75732
4.3195
1.78549
0.661863
1.66422
1.89601
1.6943
0.11488
0.84898
0.401913
0.323258
0.318508
0.0548204
2.45972
0.300929
0.0193327
0.988208
0.0951764
3.246
0.554474
2.51768
1.05553
0.818081
2.11762
5.49912
0.285503
1.14537
0.0222627
0.993775
0.507352
3.58631
1.4503
1.39233
0.468108
0.228627
1.25634
1.01633
0.665004
1.03845
1.57573
2.14005
0.111629
0.77655
0.857615
0.754343
3.20899
2.34881
0.577595
2.00691
0.75366
0.417451
0.173514
1.39925
0.533569
1.09411
0.306594
2.13018
2.84579
0.341353
1.03803
0.187394
1.1605
0.210871
0.4295
0.585921
0.61475
0.960068
2.43575
0.607023
0.408787
0.854544
0.245746
2.59003
1.7936
0.690633
1.9419
0.231325
2.63951
1.94684
3.34386
3.07776
1.18004
2.58044
0.199852
0.404575
0.322622
0.58782
1.06277
4.01458
0.216525
2.28872
0.200871
1.19673
1.22163
1.05064
1.99744
0.604474
1.6925
0.379753
1.86356
0.422584
0.581511
0.887391
0.640812
2.98947
1.03597
1.20315
1.45309
1.1646
0.00944523
0.4873
0.652933
0.566515
0.165917
0.154391
0.0533667
4.58023
0.546487
1.37462
1.33868
0.344609
2.82275
0.279777
0.566317
0.166203
0.970737
0.297225
0.0550333
0.309229
0.581852
0.920826
0.42075
0.523309
0.505778
0.678918
0.0651772
0.727434
3.0884
0.739398
1.15736
1.648
0.802053
0.00244324
1.38123
0.132801
1.36176
4.04509
0.446583
0.999538
1.28746
0.720962
0.356369
0.113669
0.229693
0.920697
0.719846
1.34309
1.31683
0.427903
0.401042
1.1743
0.415621
0.523529
1.16422
1.3016
1.4155
2.90956
0.223282
4.66709
2.53885
0.684665
1.54733
0.432161
0.0698198
1.03305
0.443403
0.778797
1.8127
0.428568
2.24624
0.0343483
0.337052
0.53356
0.277531
0.176014
0.143294
0.744379
0.857339
0.888796
0.634925
0.109185
0.376718
0.760605
0.278136
1.23991
0.376784
0.273866
0.592106
2.97052
0.348647
0.810114
1.57635
1.20135
0.180161
2.60844
4.6652
0.82386
0.905833
0.0629868
0.285943
1.48665
1.00778
0.745674
0.648556
0.584643
0.350733
1.47884
0.509868
0.179766
0.103235
0.091894
1.0935
0.181843
1.65354
0.75239
0.604735
1.51845
1.84288
0.670379
0.202763
1.63236
1.0185
1.40607
0.144714
0.291948
0.0374338
4.17073
0.213936
2.51961
0.327993
2.13543
1.52682
0.614236
0.841543
0.0850048
0.664391
0.663181
0.556249
0.0222837
7.06832
0.19294
1.37376
1.83806
0.0666114
0.642959
0.261149
0.83168
1.7967
0.308954
0.549755
0.349807
2.36426
0.754754
0.342215
0.814794
2.713
2.23065
0.0166805
4.27959
0.297521
0.117701
0.755957
1.36693
0.515004
1.04832
0.387644
1.63679
0.469647
1.77881
2.81773
3.15624
0.556286
0.235036
1.65588
0.342777
0.119037
0.359254
0.642442
0.174651
2.4887
0.115992
0.527946
0.37829
0.236309
1.3201
0.153297
2.81181
0.904044
0.986849
0.60867
1.2658
0.719725
1.50308
0.67335
0.572573
0.0388847
0.430035
0.940662
1.69077
1.05127
1.08734
0.327756
1.66928
0.264416
5.00259
0.216633
3.93298
4.1526
0.719936
0.267483
0.261979
0.168664
0.371067
0.423256
0.686787
1.58505
2.9988
0.223745
0.000580819
1.69093
0.671091
1.94509
1.41802
1.72955
0.785155
4.17528
0.0562346
0.0264769
0.463022
0.72867
0.750623
0.403783
0.6801
0.729722
0.290487
3.33198
4.98693
0.00958787
0.639642
2.14261
0.0273502
1.44307
0.127268
0.360185
0.714657
0.31122
0.580727
2.42788
0.588416
0.0465467
0.893756
0.417868
0.450576
0.438958
0.0913964
0.14024
0.621632
0.143838
0.0650529
0.200045
1.26205
0.888609
0.410922
0.765452
0.849248
0.796895
1.05186
0.678112
1.09406
1.19599
2.36686
0.88479
0.674933
0.081112
2.38664
2.61234
0.559341
0.422546
1.05671
1.75107
0.626659
0.683686
0.641012
0.938845
2.36942
0.318362
1.92312
1.47191
0.18707
2.35567
0.108434
0.696961
0.365479
1.35632
1.19125
0.815728
0.286899
3.5396
0.473944
1.25738
0.344194
1.40683
0.236602
0.307973
0.183584
0.942083
5.1711
0.0580476
0.125415
1.72129
1.20225
0.337294
3.41603
0.620442
0.0014063
0.311023
0.807284
1.351
0.3286
0.745735
1.39847
0.947516
0.888861
0.708035
0.026841
0.00674813
0.906519
0.655114
0.358081
1.09122
0.125214
1.0534
0.513446
0.0138013
3.31691
0.772224
0.033551
0.367352
2.96045
3.22671
0.0736726
0.340743
0.303719
5.47695
1.56337
0.00571934
0.392116
0.881442
0.93026
0.504187
1.28249
0.60259
0.39093
0.448049
0.0781024
0.234591
0.138817
0.0778795
0.581863
0.313211
0.24282
0.0709175
0.239231
2.38637
1.52666
0.682559
2.29688
1.64804
0.0856971
0.189392
1.01925
0.0607877
0.166319
0.323662
0.0878751
0.105054
0.364742
0.864245
0.12075
1.35538
0.518048
0.152087
2.11202
0.615164
0.373121
0.578404
0.500446
1.25081
3.20383
1.1404
0.39291
0.486546
0.582887
0.164735
0.0243931
0.779278
0.0742835
1.78955
0.0663494
1.81994
1.89491
0.290598
1.01397
3.5012
0.469892
0.176145
1.73755
1.12182
0.720512
0.636975
1.68473
5.18452
0.91095
4.01718
0.153816
1.02846
0.617707
1.0534
0.839881
0.6153
0.0168264
1.57071
1.21622
2.40697
0.906483
0.0796707
0.386666
0.344014
2.73884
0.317263
0.97103
0.908502
0.149686
0.0724693
2.18824
1.15481
0.692046
0.510396
1.61531
0.256677
0.943077
0.594533
0.543472
1.33051
0.666243
2.68003
0.112664
0.479523
0.779569
0.915856
0.692777
0.0893074
0.446336
0.99828
0.631994
0.184566
1.0017
0.819815
1.17132
0.227566
1.81734
0.258599
0.362143
0.43698
3.30195
0.702078
1.07853
2.12958
0.666686
0.0804634
1.02927
0.22313
0.013244
0.875421
1.45222
0.564744
0.609751
4.14352
0.243435
0.210367
1.46673
2.42351
0.557032
2.70283
0.41899
0.709211
0.537525
2.02394
3.63241
2.63713
3.59794
1.00617
0.494008
0.554926
0.725563
0.0382531
1.19215
0.120384
1.45638
0.45233
1.47966
1.52291
1.76316
0.675422
1.85237
0.338516
0.44448
0.580131
0.695731
0.176932
0.841138
0.399634
2.80467
0.523561
0.173575
0.199616
1.14951
0.646354
0.123768
1.34412
0.913767
2.06791
1.27152
1.01004
0.342239
0.928161
0.0865466
1.88497
0.574285
2.3259
0.0644116
1.02964
0.484667
1.5835
0.143778
3.49896
2.07597
0.758566
1.24897
1.25787
1.74736
0.995973
1.99426
0.191882
0.312677
0.250938
0.0868114
0.949138
2.10314
1.67247
0.20179
1.17069
0.105827
2.24419
1.12132
1.29384
1.86343
1.57456
1.04736
0.140752
0.867808
0.773756
0.233054
1.02513
2.23242
0.922673
3.56714
0.0108393
2.8338
0.313763
0.252561
0.500682
0.773962
2.15124
0.69238
0.414778
2.97397
1.97821
2.85551
0.0177502
2.83761
0.37435
2.72928
0.619768
1.18094
0.579708
0.323207
0.0413579
0.0851763
0.168193
1.29105
0.706712
0.925355
0.0121346
1.25538
0.770478
0.222425
1.30989
1.00008
0.0317338
1.63481
0.0491214
0.805928
0.301954
0.563456
0.000626552
1.71007
0.825625
0.534162
0.242321
0.497918
0.250925
0.671263
0.525728
0.623969
1.60767
0.210341
1.38624
0.211207
2.03545
0.583202
0.522769
0.481229
0.296234
0.0641439
1.34087
0.301941
1.3416
0.173536
2.23701
0.546537
0.0373055
0.664531
1.71853
0.805905
0.109641
1.81372
3.60504
0.703078
0.423276
0.375687
0.702058
0.393221
1.41501
0.165101
0.116056
0.10244
0.132203
2.7494
0.484114
1.95153
0.850778
0.0659755
1.6377
0.906532
3.49556
1.58074
0.117274
0.322087
4.62352
0.0415628
0.637394
1.1947
0.191638
0.0513757
3.02115
1.19191
2.9479
0.885041
0.105689
0.129575
0.44015
0.223456
0.201981
3.58571
0.171061
0.403103
1.40633
0.295989
1.25379
1.22436
0.597624
0.0740704
2.15019
1.0493
1.21069
0.274452
0.59202
0.414335
0.681849
1.63999
0.952013
1.71672
0.358624
1.64764
0.350234
2.00576
0.535559
0.041735
0.185181
0.0426382
0.614642
1.64378
0.876748
2.65354
1.50853
1.50007
2.2173
0.33574
0.909445
1.26534
0.513436
0.818634
0.753497
0.851409
0.889269
2.52059
1.11406
1.2857
1.96483
0.834609
1.10292
1.05244
2.13963
0.377632
1.56646
2.53511
0.741282
0.370565
0.214457
1.25765
0.690853
0.237775
0.578171
0.118099
0.29309
1.45126
1.15044
0.042417
2.60855
0.801149
0.222099
0.318474
1.43659
1.06967
0.347791
1.13174
0.913744
1.0492
0.237522
0.331824
0.188217
0.716352
1.23865
1.4652
0.740442
0.158061
0.436702
1.42693
1.78318
2.90737
2.01664
2.63912
2.33772
3.41247
0.432455
4.36605
0.696122
0.226535
2.16801
0.429148
2.61527
1.23664
1.05865
1.51861
1.75989
0.0443775
1.7141
2.47356
0.500534
0.355501
0.00670068
2.47133
1.67274
0.564491
0.400291
3.2734
0.444894
0.794281
0.176182
0.265229
0.991083
0.167185
0.513865
0.689979
0.432127
0.40068
0.111847
2.57582
1.61466
0.682778
1.04907
1.41101
0.0862029
0.64944
0.968955
0.987016
0.353006
0.483285
0.911858
1.22041
1.94352
0.248383
1.47319
3.53959
0.952242
0.0626636
1.03279
1.77906
0.0823057
0.00157898
0.249291
3.26004
0.430555
0.261926
0.139458
2.41419
0.614419
1.92605
3.26869
0.26556
0.169546
2.28159
0.152299
1.43503
0.850034
0.152587
0.21319
0.85426
0.299465
1.08668
0.271682
0.0410847
0.671333
0.606615
1.05903
0.477958
0.00360319
0.0902717
0.509782
0.00525561
0.152808
1.24357
1.45451
1.2352
0.0602719
2.80566
2.63609
2.26166
0.0273718
0.0934626
0.423054
0.660142
0.0450627
0.972925
5.50598
0.049253
1.08042
0.392317
0.837194
0.0147383
0.542488
1.90348
2.01281
0.236584
0.00655084
0.128073
0.246373
0.775499
0.600658
1.76735
1.02197
1.03342
1.67864
2.49804
3.8447
1.22639
0.0560856
0.760511
0.889973
0.761005
0.595789
0.14182
1.33287
0.0830594
0.12996
0.682781
1.80169
5.0706
0.550264
0.0952082
0.809295
0.968356
1.83096
0.73977
0.254467
0.771801
0.387642
0.470524
5.3247
1.85584
0.199915
0.149528
1.71657
0.242347
0.411462
0.0414492
0.0165446
2.09288
0.673803
0.255268
0.494915
2.06904
0.0107669
0.307883
1.00153
5.67764
1.15955
0.408857
1.29282
3.30369
0.118461
0.486498
2.24966
0.497989
0.205077
0.582538
0.611999
0.149186
2.34519
3.77498
0.906926
1.98633
0.143724
0.688953
0.449644
0.781137
0.270064
1.09323
0.470017
3.14338
5.14858
0.146925
1.93962
0.0981643
0.0726774
1.12933
0.857988
1.06302
2.25135
0.0418191
0.88235
0.458283
0.157442
1.65465
0.505662
0.113164
0.640622
0.109275
0.917114
1.2418
0.756448
0.546458
0.524636
0.188324
0.213907
0.411994
1.07639
0.137626
1.38564
0.442967
0.824315
0.735866
0.361277
1.16638
1.26433
0.177601
0.126258
0.318879
0.291849
2.96555
1.354
0.479226
0.772869
0.691579
1.34713
1.31201
2.35469
0.176977
0.407071
0.278702
1.41908
0.421913
0.528066
1.10341
1.90807
1.7471
1.08881
0.832744
0.744613
1.40476
0.508871
0.39182
0.0957313
2.28596
2.32127
0.628027
0.0668521
0.0444273
1.29846
0.845384
1.09799
0.549122
1.58613
0.703687
0.225714
0.150772
0.179992
1.32971
0.0798186
1.71842
1.53386
0.355842
4.12329
0.430782
1.19652
0.61304
0.237581
0.66563
0.0147374
0.357237
0.0916698
0.425145
1.17232
2.26452
1.63628
4.91117
1.1081
0.77836
1.19245
0.525809
0.467618
1.13378
0.46919
0.903292
1.16797
0.178314
2.78302
2.86567
1.01429
0.521917
4.24987
1.91492
0.686744
1.846
1.89322
0.128284
0.490834
0.232753
0.0387993
0.213805
2.07084
1.74393
0.136749
0.12745
2.99071
1.96835
0.706681
6.21689
0.770431
0.288119
1.0943
2.17573
0.167537
0.45126
1.62348
0.560698
0.467932
0.997974
0.0354554
0.886854
1.88591
0.591163
0.786761
0.860002
0.890009
3.23867
1.24735
0.00670801
0.897743
0.682451
0.125751
1.53901
0.332621
1.3563
2.001
5.7567
0.339281
0.96766
2.50968
0.0143691
0.15951
0.587635
0.0157363
1.73724
0.473888
0.228544
0.981621
3.14365
0.134468
0.435899
1.83329
1.23562
0.126811
0.139816
1.37578
0.355961
2.46261
0.949432
1.13936
0.251913
0.224114
0.139148
0.0165785
3.72019
0.235937
0.425499
0.205205
0.352077
1.20354
0.215142
3.27164
0.821951
0.751369
0.208347
1.27402
0.866923
0.040305
1.77336
0.243254
0.0462994
0.37689
0.344549
1.82841
0.911741
0.214652
0.105614
1.31572
0.165141
1.97326
2.72894
0.305641
1.47549
2.55078
1.67721
0.207234
0.0658904
0.387369
0.22957
0.385731
1.1998
0.355379
0.0497821
0.435913
4.31143
1.47097
2.62474
1.66044
0.409063
0.204158
0.279784
0.186908
0.379595
2.57058
4.45186
1.13339
1.13324
1.07812
0.6716
1.08809
0.397623
1.07442
0.714516
1.32436
0.501988
1.24242
0.470467
1.06811
0.36496
0.00698691
3.01164
3.27346
0.652965
1.14165
1.47912
0.740699
1.53387
1.24976
0.123347
1.20043
0.569665
0.158859
0.266245
2.29121
0.236558
1.82201
0.41476
0.139608
1.39998
0.0104712
0.488269
0.576175
1.25948
0.217963
0.931646
0.186857
0.792602
0.863681
0.934867
0.320246
2.65671
1.10903
0.335086
1.80193
0.0241107
0.545556
0.860943
1.93304
1.58664
1.02504
0.358532
1.22509
0.272326
1.12353
2.02965
0.339118
0.231428
2.12932
0.0803072
0.0120741
0.0327593
0.398124
1.01002
0.232343
2.72977
0.419666
0.446534
0.225448
0.499884
1.50776
1.12227
0.770224
1.6067
0.312754
0.211653
1.21297
0.937835
1.22213
1.03414
0.281006
0.384432
4.07055
1.11968
1.47762
0.724042
2.81061
0.085115
0.566968
0.196951
0.94435
3.34991
0.0406936
2.54426
0.94417
3.55176
1.27802
1.43763
1.51901
2.7912
0.592842
1.75292
0.489752
0.123586
4.02644
1.29481
0.124799
0.447021
1.75021
0.615977
0.102352
0.357215
3.85909
0.125693
0.0237126
0.0779543
0.458714
0.420268
0.555189
0.411762
0.585215
2.42945
2.11681
1.21479
1.00936
0.907091
1.2885
0.66857
0.680963
3.46062
0.421204
1.04713
1.04873
0.723085
0.296348
0.56773
0.161325
0.561412
2.95658
1.76763
2.00873
0.0883072
0.560796
0.0318235
2.72721
0.388639
0.969976
0.633253
0.931771
0.781443
1.21801
0.489974
0.375701
1.42887
0.154891
0.789733
1.12391
0.419655
4.74735
0.592239
1.54484
0.778521
1.97501
0.0160615
0.704015
3.36974
0.438842
0.299301
0.121072
0.160002
0.256359
1.73345
0.258252
2.06897
1.80097
0.405556
0.105742
0.262013
2.6939
2.05924
0.775788
0.989751
0.0916645
0.114682
2.02516
0.610121
0.768739
0.98925
0.202502
1.11954
0.531706
0.549022
0.536351
0.37532
0.725852
1.70028
0.209973
0.964523
0.676496
0.124601
0.902498
2.24443
1.29575
1.70136
1.93939
3.96482
2.41104
0.507958
0.53707
0.0140916
0.159076
1.3701
1.08045
0.342616
0.187783
0.562279
1.49731
0.0705525
1.19645
0.0036547
3.68125
0.245871
0.731439
1.50001
0.467564
4.49315
1.22109
0.0859281
0.855312
3.20512
0.542074
1.4621
0.973677
0.450549
0.454288
1.63198
0.639722
0.642034
0.00908316
1.00796
2.67737
0.375715
0.258131
1.88368
0.898334
0.494371
0.292247
0.425503
1.0081
0.107742
0.445585
0.502926
0.272274
0.484974
1.9581
0.648018
0.329179
0.837312
0.526606
0.0502894
0.161327
1.06538
0.38788
0.146974
1.55683
0.66288
0.34511
1.4866
0.296825
1.41617
1.10801
0.0282515
0.344061
1.33539
1.07449
0.79464
3.91603
0.67086
1.02351
0.0141744
0.133315
1.42786
1.17518
1.06275
0.0705518
1.59156
0.124751
0.280272
1.03722
0.177805
0.0750898
0.0878914
0.977489
1.26794
1.17248
1.76155
0.0630067
0.992435
0.270824
0.517069
3.7635
0.319444
0.194441
0.399997
0.760388
0.299023
0.228209
0.922203
0.843358
2.22897
1.80132
2.73648
0.266501
0.415064
0.514121
2.70392
2.80629
0.700193
2.01548
0.0437017
3.1034
0.258932
4.21055
0.827652
0.276927
1.1686
0.850004
0.263388
0.178451
0.610061
0.127448
3.26551
0.82455
0.637668
0.291512
0.0963243
0.233385
0.713627
1.11353
0.490135
0.67536
0.25352
0.926017
0.259527
0.80864
1.53637
0.918857
0.831929
0.140177
3.30761
3.0535
2.29726
0.865547
0.187255
0.199025
1.23954
1.50691
1.85507
0.235631
0.230797
0.769847
0.539067
2.40117
0.541728
0.128411
0.0550531
2.1743
0.754073
1.75935
3.75969
1.15463
0.913594
1.30719
0.729383
2.71895
4.18095
1.04363
0.486813
0.537589
1.07546
0.0933732
1.60446
0.716128
0.0669234
0.690191
0.465392
1.79313
0.517057
0.270782
0.55405
0.0599663
0.439639
1.9878
2.28074
1.38889
1.46582
0.52351
0.679031
0.341061
0.252933
0.969389
0.0908612
0.622864
0.523976
1.58929
1.81759
2.01511
1.22983
0.654362
0.979317
0.458855
0.517075
1.35941
0.398326
0.964843
0.704939
1.90934
0.922844
0.188184
2.72441
0.278678
2.30743
0.209957
2.19354
0.174617
0.0236685
0.417636
0.846002
1.31251
1.74584
4.46186
1.07017
0.961028
0.227218
0.946965
0.0828303
0.895969
0.540743
0.243851
1.84949
2.65367
0.191111
0.706961
0.0857389
1.42696
2.03339
0.857935
1.33804
0.36148
1.80891
2.20939
1.3208
0.138811
0.267752
0.0798095
0.0641478
0.598857
0.102213
0.846235
1.15799
0.367618
1.25721
0.0539288
0.891255
0.0551078
0.715529
2.46041
0.0542016
0.63197
0.3976
0.189529
0.494069
0.449252
0.0403055
0.358404
1.59476
1.37658
1.6792
1.72881
4.48097
0.262536
0.621417
0.0822531
0.0554045
1.27495
0.218759
1.43812
0.243097
5.5822
1.19248
0.53705
0.272703
0.0665708
1.57991
0.591342
0.310552
0.0964537
1.63413
0.14993
0.654802
0.659565
1.08645
1.5332
0.92531
0.325708
1.91587
0.340425
2.38875
0.515866
0.655199
0.667944
1.21618
1.32419
2.30156
1.05864
0.968963
1.65631
1.1391
0.526767
0.490066
0.112892
0.535622
0.0957496
1.5293
2.14256
0.315719
0.740726
0.623743
2.01283
0.191214
1.89251
0.262173
1.8861
0.288616
0.394421
1.50532
0.031452
0.375371
0.658186
0.198985
0.93015
1.34586
0.841491
0.480409
0.620668
0.92034
0.348595
0.265032
0.401551
0.056634
0.265389
0.728
0.726268
0.289098
0.626802
1.14432
0.341805
1.71536
1.04038
0.460046
1.86774
0.883111
0.251893
0.42885
0.867339
2.23169
0.79686
0.126256
0.951001
1.49743
0.768939
1.02634
0.606704
0.522324
1.38972
1.3843
0.308137
0.629377
2.29307
0.40729
0.26311
0.774504
1.70939
0.270124
0.402551
1.0502
1.29515
1.17801
0.901589
1.34682
2.93737
0.353111
0.727033
0.463652
2.11016
3.95797
0.409899
0.125652
1.68439
1.20114
0.726557
5.15498
1.10654
0.166273
0.294872
0.538746
1.88378
0.319572
1.07767
1.04053
0.763909
0.780909
0.0323547
0.895215
1.72495
0.280866
0.796199
0.209264
0.366436
1.47261
0.632595
0.48447
0.235119
0.286107
0.494506
0.910886
1.25033
1.41825
0.60855
0.631178
0.11246
0.703903
1.0655
9.9325
0.41976
1.17055
0.58876
1.44886
2.18055
0.00388001
0.1288
1.3755
2.31228
0.143397
0.0909432
0.405117
0.0480603
0.312574
0.156192
2.43267
0.0758896
0.0845009
3.74169
2.02306
2.2648
0.34551
0.391514
0.44287
1.35586
1.02204
0.209373
0.357385
2.70114
0.829867
0.463695
0.154727
1.21012
0.40287
0.634283
0.260118
1.71044
1.41554
0.212794
0.570966
0.366389
0.693681
0.776095
4.43763
2.47095
0.940593
1.31395
0.382286
1.44378
0.244623
0.0423728
0.0490542
0.356007
1.57401
0.184958
2.81289
2.99079
0.253495
0.133098
0.126998
0.111986
0.171524
0.686317
0.320804
1.4705
3.38958
0.924571
1.9323
2.01004
1.00663
0.532088
0.575475
0.155842
0.814298
3.57246
0.430826
0.373935
0.327126
1.5514
4.40164
1.17809
1.00892
0.46048
1.49071
1.77284
0.640171
1.32205
2.38031
0.161364
0.70926
1.68013
0.555695
0.520399
0.135375
0.688121
0.0781458
0.518446
1.21258
1.24674
0.256036
0.688211
2.07991
0.07514
2.88422
2.11194
0.122569
1.37904
0.314891
1.68483
1.25456
0.615673
2.04635
1.21035
0.35643
1.63961
0.542953
0.57299
0.367782
0.0722788
0.0748093
1.87927
0.129657
0.881675
0.102752
0.136149
0.294657
1.1417
0.776047
0.006463
5.21893
3.42646
0.686329
0.0447447
0.0468309
1.50771
0.517558
0.785243
0.243749
0.0591384
0.187088
0.368469
0.0917143
2.60425
0.236836
0.486165
0.766977
0.162293
1.11028
0.169707
0.300279
0.0826419
0.457215
0.127849
0.0133056
0.829426
0.331857
0.714047
1.36647
0.643412
0.924954
4.80674
0.648289
0.687439
0.232179
2.79241
0.837575
1.8891
1.28739
1.35885
0.553447
1.04456
0.868153
3.96629
0.212699
0.418169
0.134129
0.80784
0.100141
0.514153
0.947514
1.63108
1.86093
0.57857
0.962404
0.67835
0.916906
2.04129
1.74676
0.0529675
1.48568
1.50634
2.51965
0.0187979
0.716541
4.65798
2.01692
0.909645
0.856501
0.737982
1.99166
0.175773
0.0896771
0.300643
1.1836
1.2137
2.53942
0.425792
1.78454
3.66758
0.572014
0.628096
0.0685659
1.55706
0.774786
1.88993
0.240407
1.771
0.477558
0.0334667
0.241369
1.20404
0.150644
0.483122
1.53721
3.57499
0.586331
0.278389
0.374668
2.59123
0.126361
4.5942
1.7651
0.875274
0.77235
1.37998
3.09804
1.54664
0.405852
0.15853
0.739785
0.434631
0.229249
0.347276
0.240285
0.0669092
0.0200257
0.907284
1.11782
0.266287
8.5297
0.875484
0.0484915
2.73291
5.11091
0.620767
0.241815
1.22895
0.846024
1.04393
1.83047
0.617205
1.17828
0.28716
0.0675328
0.544941
0.34789
2.40572
1.08489
0.144653
0.354472
0.178359
2.18519
0.875831
2.83997
0.633276
0.669295
0.240329
0.273314
0.590605
0.119115
2.96492
1.57254
1.90204
0.0277795
1.29824
1.06381
0.142573
0.179022
0.8021
1.72583
1.00398
0.114881
0.163475
0.112577
1.49295
0.285468
1.35833
0.192685
5.32145
0.913499
1.43657
1.31511
0.296616
0.337
0.295736
4.12994
0.287992
1.3557
1.09305
0.413823
1.86875
0.942112
0.318904
1.45621
3.03872
0.651315
0.480514
0.718389
0.0894216
2.28846
0.824044
0.158534
0.0464652
1.72535
1.42498
1.18191
0.0111238
0.639758
1.74208
0.53426
2.57618
1.16062
1.24311
0.537704
0.724124
0.83906
0.535644
0.892072
0.0444806
1.16805
0.0434717
0.507587
0.606298
0.637078
0.659556
0.0658663
3.77792
0.487519
0.308537
0.0165249
0.339361
0.724654
0.776186
0.958123
0.641719
0.195133
2.38313
1.87675
1.15167
1.83035
0.212008
1.23931
0.212901
1.08303
0.419162
0.524668
0.963955
0.778084
0.869039
0.314938
0.402545
0.952123
1.04678
0.01741
4.76806
0.490019
1.41877
2.04609
0.459647
3.16757
0.538565
1.38816
1.40628
0.94085
1.66718
0.27007
0.746721
0.0968894
1.37847
2.31474
2.76189
0.587442
0.193644
0.295001
0.640533
1.48476
0.00884874
0.0319885
1.46607
0.0918091
0.0300959
0.396526
0.0432888
0.4518
0.0823957
1.34288
0.51543
0.691437
0.127108
1.60372
0.68814
1.2533
0.035403
0.899408
0.498736
0.0950509
1.39692
0.633614
0.0476457
0.227798
0.315713
0.42008
0.332055
1.42225
4.52952
1.24281
2.51539
0.715622
0.124535
0.603593
0.216367
2.70039
0.397993
0.9474
0.457118
0.927357
3.47667
0.361511
0.432915
0.436376
0.467697
1.27081
0.570872
0.101078
1.9577
3.3275
2.40244
0.159104
0.0880494
0.628171
0.325783
1.01958
0.278991
0.448088
0.473601
0.538719
0.339494
0.168513
0.165613
0.427167
0.837991
1.89584
0.248967
0.056145
0.136977
0.666621
0.0187036
0.444267
2.09379
1.35141
0.0262672
1.43613
0.0667761
0.0643975
2.4958
0.911839
0.548681
0.169854
1.60681
0.446136
2.49048
0.0150289
3.57153
0.829613
1.52928
1.31526
0.953888
0.498549
0.298842
3.97623
3.1088
0.716268
0.862596
0.171108
2.44452
1.38077
0.243816
6.33392
2.8205
1.66474
0.350135
0.357702
0.314434
0.811629
0.568985
0.856719
0.711926
0.557794
0.217003
1.40289
0.503462
3.32013
0.817755
0.213375
0.582823
0.689618
0.825312
0.0391537
0.778962
0.878161
0.228996
1.45819
1.05899
1.51313
2.223
0.522417
0.348011
0.412741
1.75441
0.311333
0.610869
0.491225
1.60954
0.239299
0.0314383
0.274214
0.491042
0.785367
3.17964
1.14899
0.932741
0.14891
4.96597
0.297678
0.0788842
1.31841
0.827365
0.531436
1.03049
0.262238
0.0935486
1.56005
1.03676
0.104135
0.217466
0.351209
0.456603
1.04367
0.129156
0.762448
0.231522
0.0878083
2.05308
0.123174
0.395589
0.342627
0.141345
0.788766
0.642663
0.639196
1.38435
0.0615994
3.02984
0.0784953
0.0441618
0.17606
0.960332
0.110391
1.26293
0.892007
3.07916
0.724587
1.0062
0.087512
2.49908
0.440003
2.65397
0.528996
2.94916
0.606926
0.281807
0.578613
0.580832
1.25403
0.70928
0.280288
0.87873
0.4511
0.445615
2.13855
1.99035
0.254734
1.90522
0.0790346
0.198721
0.501246
0.540605
2.59712
0.675498
0.356513
1.14996
0.315498
0.490588
0.883399
2.03224
0.900244
0.343047
0.617153
0.0743729
0.78698
0.0229717
0.0234247
0.763244
0.237129
0.765957
2.55354
0.22158
0.163222
0.919016
0.802786
2.09359
1.15671
0.418593
0.994265
1.07522
1.7392
0.840127
1.37589
1.35619
4.12036
0.00276904
0.40375
0.638428
0.0609362
0.777348
0.210048
0.690806
1.11605
0.873711
0.878911
2.05095
0.0807083
0.175124
1.87784
0.451496
0.44529
1.42214
0.21754
0.246155
0.718075
0.508643
0.468707
3.03931
1.09717
0.371807
0.783239
0.141973
0.282004
0.319295
0.616035
1.62408
3.17685
0.0504277
0.593207
0.112067
0.12204
0.0830722
0.0217509
1.4235
0.638538
0.346715
1.71686
0.640969
0.29816
0.26423
4.36535
1.16129
1.21293
0.275446
0.210727
1.08087
1.41325
1.64187
1.16624
0.0119789
3.12394
1.56088
0.46435
0.139674
2.61983
1.47426
0.62135
0.0192288
1.66805
0.637455
0.0463378
0.427318
0.116752
1.37515
3.48044
1.38894
2.43184
0.267609
1.65381
0.639347
0.148579
2.45319
2.55097
1.10347
3.47682
1.75526
0.477091
0.306964
1.52021
0.514957
0.642395
0.0113201
0.165468
0.575065
0.0620021
2.78441
0.549751
0.193739
0.375089
4.63374
0.158036
0.18001
0.372572
0.460589
3.31812
4.91135
1.14051
0.907711
0.0519781
1.13755
0.403208
0.181714
0.759837
0.855819
4.19276
2.18315
0.0470192
0.217232
2.50544
1.13891
2.98902
0.89353
0.590802
0.134848
0.304014
0.836807
0.772719
4.89542
0.104049
0.588935
0.35426
0.11821
1.06599
2.94123
0.818457
0.460065
0.426889
0.27672
0.639926
0.54349
1.89808
0.00770799
2.00095
0.694772
5.85582
0.790739
0.492542
0.12328
2.10384
0.255777
1.25851
0.20456
0.444544
1.65868
0.709221
1.45035
0.780992
0.200152
0.9855
1.61049
0.694249
0.620213
0.997324
0.299606
1.27277
0.204626
0.336618
0.143982
3.38871
1.59159
0.863466
0.148442
0.421665
2.03348
0.0925759
1.24969
1.81365
1.48514
1.80753
1.092
0.0144848
0.999732
1.27339
1.85901
0.481266
2.06664
0.0384029
2.33984
0.274349
0.00953352
0.52214
0.054935
0.280843
0.00811173
1.28728
0.790378
0.165648
0.194452
2.75837
0.794848
0.946309
0.458702
1.28777
0.0898311
0.224245
1.88872
0.451515
1.10646
0.141021
1.90238
1.24587
0.353158
1.62666
1.88741
0.53329
0.120202
0.659754
0.592975
0.0118563
1.32082
0.264834
0.802568
0.0502279
2.80571
0.569967
0.945279
0.807739
0.164729
0.0995895
0.348561
0.477544
0.0441954
4.56348
0.27814
0.0492524
0.595488
1.16141
1.02668
0.180136
2.25008
1.55093
0.579999
2.04403
1.27804
0.269719
0.193127
0.731159
2.20631
0.364777
1.06329
3.34059
1.01486
0.8282
0.144571
0.109981
1.03903
0.907237
0.3328
0.119886
0.241759
0.059493
2.1449
0.0987569
5.75242
0.384077
0.0853285
0.432968
0.738722
0.0278966
1.33352
0.651463
0.363098
0.955719
0.0739402
5.66517
1.02379
0.57902
0.202176
2.49129
0.00905801
0.036032
1.6984
1.52918
0.664471
2.08558
3.5434
0.293251
0.0642969
0.154989
0.143054
2.83773
1.62222
0.121646
2.49974
0.0691882
0.0798737
1.22832
0.432553
1.16159
1.56801
0.181888
0.926327
0.171939
0.983712
0.55163
0.393921
0.828919
0.487919
1.68422
0.463683
1.49763
0.203005
0.0357578
0.396227
0.414328
0.279153
1.38638
0.262431
0.743224
1.11957
0.446715
2.05261
1.39193
2.9704
0.273588
0.544205
0.514698
0.752424
0.352389
0.4898
0.333121
1.76758
2.57215
0.506059
0.275131
0.728388
0.157811
0.51448
0.463224
0.118157
1.75313
0.0933706
2.1971
0.496659
1.40283
1.06391
3.09897
2.41984
2.70236
0.124176
3.14472
1.06194
2.41251
0.210258
0.142754
1.42926
1.58848
0.985543
1.02512
0.528435
0.206647
0.0983937
1.63246
0.0152958
0.804672
0.169537
0.258594
0.479199
4.00593
0.0695446
1.10698
0.826429
0.586922
1.24813
0.252479
1.22209
2.41195
0.665111
1.22803
1.4863
0.634328
3.00008
1.36404
0.166163
2.03837
0.0269711
0.427791
0.909001
0.190191
2.60488
1.56844
1.47192
0.133315
0.316638
2.93141
0.0785894
1.18707
0.73749
0.392391
2.06106
0.840174
4.24451
2.06829
0.535093
0.249282
0.0818727
1.15204
0.847213
2.93032
4.87988
0.834475
3.86282
1.31934
0.305742
1.74428
1.49527
0.330449
1.26516
0.234408
0.382615
0.848484
0.780103
0.0727439
1.48303
3.79366
0.87067
0.460992
0.585236
1.3182
3.18008
1.01833
0.114227
0.188138
0.573498
1.94725
0.200111
0.033489
0.192484
0.0888248
0.755012
1.42537
0.272681
0.460998
0.562502
0.429384
2.30474
2.80754
0.303616
0.267389
0.0259886
0.0451811
0.920719
2.75688
3.94235
0.438048
1.4588
3.4913
0.151063
3.31779
0.573586
0.777913
0.658603
0.421332
0.819782
2.31729
0.527179
1.8202
1.1864
0.618251
0.0991522
0.40205
0.484278
1.2129
1.26179
1.00679
0.00262284
0.0272747
0.132717
0.158299
0.441738
0.629817
0.0552892
1.38278
0.408832
0.0382823
0.270988
0.42721
0.361756
1.20039
1.38215
0.609851
0.303584
1.01673
2.29736
1.61089
1.06014
3.03767
0.0914933
1.8659
0.165356
1.71834
0.273716
1.67398
1.66338
1.98208
0.0176307
0.228907
0.0817729
0.327588
1.32939
1.61315
2.1331
0.676683
0.0448463
2.56717
0.0768823
1.21103
1.40849
0.598491
0.0961686
2.58544
1.40237
0.430032
1.78642
1.33018
0.798206
1.02048
0.0623698
1.98881
1.22569
1.49583
1.34265
1.84299
1.56018
0.00984655
0.545344
0.934204
0.99953
1.31205
0.51636
0.0488492
0.214615
4.98111
4.89938
0.279232
0.0567128
0.0976187
0.841903
0.213573
0.159246
0.428024
2.39445
0.137039
0.779163
0.217178
0.52827
1.14576
0.823905
1.6506
1.139
1.64295
1.63306
0.0358234
1.68443
5.79853
0.554525
0.370036
0.301251
0.530658
2.18986
4.78047
0.303369
0.25177
1.38279
0.596064
1.03066
0.294681
0.748617
0.0209484
0.462683
1.31888
1.11192
0.366721
0.596222
1.8822
1.08768
0.234162
0.0700926
1.66792
0.940362
0.849334
0.388977
2.26014
1.89613
1.44036
1.12699
0.650824
0.368583
0.0303308
1.43285
3.05359
0.0184919
0.0487574
3.65281
0.0659537
0.882156
2.20248
0.269385
0.432281
1.28761
0.104791
0.68358
0.204779
0.629447
0.198476
0.128682
1.5493
0.91098
0.242479
3.44591
1.15771
0.206904
0.663839
0.0890668
0.729468
0.289341
1.04378
2.18113
1.72346
0.38599
1.08062
0.144656
0.651549
0.447845
0.263123
1.25054
0.730855
3.3723
1.91562
0.639506
2.01943
0.0666459
1.79481
0.185392
2.07406
0.798555
0.134821
1.54709
1.19926
0.154295
2.71174
0.633131
0.27221
0.475911
0.375069
0.553658
1.17461
1.40273
0.391568
0.197226
0.19749
0.824985
0.370016
0.234162
0.604414
1.18448
3.6641
1.03077
0.575534
0.483533
3.76671
0.504462
0.503228
0.401263
0.521837
1.01521
0.81781
0.821048
0.0395261
0.60527
0.034333
0.578903
0.904504
0.0449057
0.376179
0.159091
2.56077
2.58133
0.586044
0.244412
0.442348
2.54808
0.278234
0.111909
0.449157
1.2559
0.641529
1.21093
0.633603
0.466917
1.17458
1.31591
1.35896
1.00507
0.0492565
1.43766
0.402443
0.0475628
0.802675
0.316973
1.15799
2.32246
0.472925
0.996067
2.30716
0.024909
0.933843
0.13155
0.142703
1.39905
0.244026
1.47562
1.69362
0.181137
1.67659
0.0109325
0.435209
0.0183738
0.610845
0.856647
0.18445
1.34016
0.2
0.637055
1.14005
1.77283
0.286327
0.0358261
0.212158
0.500481
4.91176
1.96763
0.82307
0.305725
1.03318
0.165933
0.369598
0.179859
0.00275687
2.37586
0.737102
1.76013
0.344709
0.455336
0.555735
0.291666
0.0175999
0.893614
0.0480897
0.342615
0.115576
1.35843
0.125333
2.27193
1.40659
1.65225
0.0305238
0.324142
0.0475628
0.124506
0.622082
0.803066
0.303601
2.60665
0.587944
0.789802
0.0618812
1.07699
1.10151
0.0224194
0.370749
2.07585
0.219807
1.09021
0.274232
1.17158
0.378869
10.8159
0.196796
2.87938
1.31273
0.141086
1.0719
1.33565
0.136452
1.38178
0.0139174
2.14749
2.06934
1.34636
2.99425
0.0126352
0.560088
0.446592
0.796434
0.325048
1.1314
0.106327
2.3608
0.859848
0.190348
0.178893
0.504624
0.680001
0.759785
2.56386
0.504086
0.663671
0.415316
0.596759
0.398824
1.33973
1.26272
1.01561
1.99823
0.21262
1.50551
1.12105
0.0229822
3.28768
1.26843
0.652443
0.342831
0.489238
0.186919
1.54217
0.837472
0.633429
0.155484
0.0361943
0.04229
0.348906
1.11573
0.208522
1.28294
0.157836
1.92018
1.07375
0.438052
0.265241
0.000295777
0.214578
0.468906
0.295406
0.059306
2.4018
0.369803
3.602
0.304029
0.895552
2.49558
1.02994
0.792311
0.62737
0.108924
0.0768325
1.0602
0.173665
0.53706
0.107195
3.41339
0.851993
0.226205
4.35659
0.349872
0.845023
0.319797
0.61739
0.10218
0.290568
0.676375
0.264502
2.83265
0.308018
2.37674
1.18663
0.633257
0.00918364
2.93077
0.584736
0.0649215
0.414346
0.528655
0.0614965
0.393072
1.57669
0.769214
0.62865
2.25521
0.644205
0.894838
2.08529
2.44617
0.44258
0.0703665
0.07174
0.558634
0.395113
2.18156
0.162637
0.550327
0.0522636
0.705581
0.056366
0.0379254
0.928296
1.09813
1.30223
0.633851
0.451607
2.78012
1.9386
0.630474
0.466474
0.21658
0.111008
3.56822
0.333494
1.51788
1.56362
0.2455
1.45141
0.162197
0.521822
0.7136
1.2053
0.10947
0.332821
0.019179
0.6883
4.08671
0.443726
1.56407
1.18467
4.59235
0.485158
0.0680663
0.0950256
1.0429
0.387585
1.28742
0.940618
1.40459
2.19713
2.50477
1.54345
0.282251
1.06155
1.56952
0.343078
0.739262
0.301088
0.890675
0.7927
0.0122961
1.58275
2.05915
1.50515
0.196097
0.544265
0.250633
0.60927
1.17397
0.723714
0.681422
0.150391
0.0161718
0.275481
3.34659
0.15578
1.96054
1.64846
0.926507
2.19409
0.81179
0.357877
0.218977
1.05674
0.0245412
1.59594
0.455958
1.19193
2.55437
0.124128
0.0525949
0.402832
0.550729
3.09335
0.276755
1.47302
3.02737
1.11479
0.467826
0.0313869
0.46691
1.19627
1.08133
0.483609
1.40385
0.877939
1.12933
2.34734
1.30966
0.249643
3.11096
0.87225
1.83973
1.31019
0.591494
1.14712
0.851755
0.0857894
2.35524
0.111592
0.122243
0.803724
0.257122
0.236881
0.813274
1.21343
0.268092
2.96377
