1.03389
1.01731
1.111
1.11235
0.935106
0.912299
0.925958
0.923164
0.925538
0.994304
1.02092
0.871408
0.885284
0.889435
1.06665
1.04251
1.05884
0.920497
0.93843
0.859489
1.22598
0.897957
0.938564
0.966053
1.11407
1.08621
0.860956
0.937711
1.05425
0.990933
0.89128
0.980628
0.86666
0.959236
0.941081
1.16939
0.971385
0.993854
0.901094
1.07129
0.969973
0.923846
1.04912
1.07464
1.13479
1.10923
0.787523
1.04968
0.806628
0.875106
0.960698
1.14789
0.956542
0.962817
0.724167
0.826483
0.908746
0.867587
1.05077
0.968573
0.822516
0.914505
0.968558
1.10303
0.950391
1.09715
1.24541
0.906248
0.823631
0.952878
1.19972
1.08748
0.943142
1.00026
0.964161
0.99449
1.00346
0.878748
1.00225
0.929281
1.12412
1.33276
1.09607
1.12311
0.979997
1.0195
0.969086
1.00183
0.81887
0.917929
0.969591
0.86096
0.942271
0.860881
0.874053
0.991386
0.998385
0.999535
0.966795
0.847644
1.01461
0.825979
1.01092
1.04976
1.21672
0.91334
1.1728
1.10296
1.14723
1.00985
0.919802
1.04605
0.94451
0.987058
0.936412
0.938964
1.09185
1.16332
1.14696
0.99764
1.02867
0.984992
1.16543
0.93152
1.15176
0.942105
0.918967
1.02689
0.884339
1.02579
0.762808
1.12126
1.13238
1.01766
1.14925
1.04799
1.02094
1.18433
1.00962
1.06016
0.980133
1.0146
1.03757
0.907592
1.09135
0.981243
1.06067
1.16531
1.16255
0.941908
0.882071
1.04105
1.01812
1.11632
0.976152
1.02948
1.09674
1.07121
0.998362
1.08735
1.15986
0.886924
1.07207
1.0027
0.886636
0.958937
0.912359
1.22069
1.10987
1.06884
0.948187
0.987947
1.06289
1.04525
1.01486
0.865093
1.07897
0.910616
1.26643
1.0716
1.07669
0.9942
0.979665
0.958043
0.822287
1.02292
1.12349
1.18155
0.950836
1.02692
1.07649
1.05712
1.02646
0.851945
0.905277
0.962706
0.971372
0.913964
1.07309
0.873529
0.939786
0.922581
0.996468
0.837272
1.03994
0.981351
0.942998
1.12714
0.983655
1.00354
1.12555
0.990196
0.84956
1.01209
0.953237
1.02199
1.05721
1.10519
0.997459
1.04763
1.16567
1.00664
0.932003
0.862823
1.08327
1.1302
1.03501
1.37744
1.00726
0.863677
0.99364
0.81639
0.94014
0.918992
0.908359
1.05554
0.997095
1.02084
1.0102
1.03055
0.927329
1.03504
0.93929
0.978477
1.00382
1.138
0.874556
0.986439
1.11058
1.04826
1.05102
1.03534
1.08908
1.12441
0.927434
0.903243
1.07258
0.939519
1.08179
1.15174
0.998358
0.891165
1.11846
0.898661
1.05515
0.937216
1.05517
0.954717
1.05902
1.0124
1.07798
1.04248
1.16133
0.956875
0.833099
1.15467
0.923939
1.03599
1.26488
0.829268
0.996
0.983484
1.03048
1.06737
0.925834
1.08857
1.05069
0.917422
0.917474
1.0311
1.1307
1.01377
0.98593
0.965441
1.05186
1.08585
0.913522
0.993533
0.887574
0.988806
1.05466
1.07503
1.02252
1.06669
1.06596
0.960162
1.03923
0.938065
1.03157
1.02928
0.745187
1.06131
1.15814
0.899217
1.18989
1.09445
1.09868
1.04304
1.03003
0.931017
1.05923
1.04451
0.928488
0.91405
1.15285
1.04677
0.96598
1.02068
1.02915
0.87833
1.07532
1.02325
0.994746
1.05809
1.05431
0.968261
1.13475
0.970125
0.980621
0.909249
1.00719
0.978914
1.0534
1.05225
1.16955
0.940888
0.966828
1.05816
1.03184
1.15658
1.1346
1.16382
0.957748
1.0366
1.01202
1.18185
1.02462
1.03965
0.922022
1.09946
1.04297
0.924086
0.990273
0.947646
0.940018
1.04731
0.967251
0.995174
0.780895
1.01098
0.944882
1.01158
1.0771
0.878126
1.02896
0.962714
1.21379
1.14203
1.1225
1.18439
1.10947
1.0867
1.02648
0.952473
0.938754
0.944474
0.941966
0.953074
1.11833
0.974141
1.09929
1.00075
0.966825
1.00541
0.76288
1.00017
1.02586
0.814529
1.03357
0.863734
0.921179
1.04202
1.13902
0.87442
0.987948
0.97257
0.838987
0.922772
0.945284
0.872598
0.7648
1.07675
1.06984
0.930228
1.04003
1.17323
0.960701
1.15716
1.02076
0.983767
0.918771
1.10049
0.951154
1.0102
1.05896
1.09214
1.15735
1.03417
1.15397
1.01937
1.0061
1.22919
0.931437
1.11758
0.984141
0.928472
1.14563
1.05664
1.00735
0.824196
1.12929
0.914785
0.92352
0.916021
0.972739
0.99454
0.795517
1.09499
0.777703
0.875341
0.912856
0.989303
0.971372
1.02386
0.951504
0.979992
0.921486
1.06402
1.24428
1.03442
1.05549
0.972436
0.92522
0.899173
1.03214
1.00749
1.08158
0.902092
1.04227
0.910397
1.0398
0.938359
1.27768
0.987575
1.08318
0.975076
0.969227
0.924568
0.788841
1.00099
0.988954
1.05364
0.793795
0.959485
0.855841
1.22298
0.972297
0.993078
0.868458
1.01674
0.829752
0.896466
0.835967
1.23461
1.05358
1.07119
0.998779
1.24064
1.07851
0.895899
0.941199
0.968777
0.965705
0.966835
0.821574
0.852817
1.07793
1.19073
0.881262
1.11803
0.979677
1.11815
0.981637
0.94175
0.916762
1.15685
0.946286
0.991462
1.02031
0.819989
1.21183
1.13956
1.04046
0.994132
0.904198
0.819821
0.914587
0.874432
0.993904
1.06591
0.92601
0.929434
1.00958
0.955427
1.04508
0.933956
1.1304
1.05014
1.09517
1.16309
1.0313
0.85062
0.989246
1.04679
1.00182
0.822758
1.02288
0.960642
1.05418
1.11279
0.89896
0.921215
0.886856
0.890718
0.862743
1.21486
1.04156
1.1173
1.0503
0.840458
0.887971
0.927778
0.978372
0.762781
1.0079
1.08663
0.999437
1.03417
0.949591
1.06244
0.883167
1.02015
0.947453
1.10149
0.859123
1.07156
1.04357
0.95163
1.01852
1.11454
1.1208
0.799869
0.906993
0.925106
1.06905
0.94981
0.913759
0.734373
1.00295
0.873794
1.14442
0.98554
0.986232
0.773024
0.849767
1.06169
0.847775
0.942433
0.778841
0.910135
0.975246
1.00066
0.938485
0.897358
0.984036
0.765308
0.922441
0.938647
1.12468
1.00666
0.901106
1.1481
0.964329
0.814859
1.16659
0.956064
0.938442
0.957629
1.25828
0.88678
1.06781
1.09763
0.856524
1.04582
1.07028
1.02065
1.08547
0.963937
0.971413
0.986386
1.26107
0.958387
0.946227
1.04208
1.03688
0.968349
0.971706
1.02691
0.950296
0.934481
1.13174
1.01913
0.82974
1.10998
1.0209
0.962166
1.10282
1.00541
0.925463
0.844599
0.888963
1.21059
1.0629
1.04331
0.931477
1.05164
0.99664
0.858494
0.973911
0.944275
0.985459
1.0342
1.14261
1.03594
1.0143
0.911619
1.00064
0.998342
0.871537
1.05484
0.864255
1.03583
1.04967
0.980484
1.02124
1.23027
0.989029
1.0445
1.14042
1.00657
1.0775
1.07542
1.00615
1.06721
0.876812
0.991514
0.979903
1.0444
0.747404
0.96634
1.09758
1.05845
0.913351
1.01092
0.994118
1.1064
1.00743
1.02805
1.07605
0.954943
0.965293
1.10401
0.811396
1.09008
0.938751
1.03632
0.940521
0.808647
1.00601
0.904492
1.03495
0.905115
1.09767
1.01213
1.08854
1.07935
1.17747
1.11927
0.968744
0.766666
1.08952
1.05663
1.03653
0.988619
1.01636
0.944797
1.0403
1.08443
0.99524
0.858875
1.00289
1.0038
1.0804
0.947006
1.18451
0.890521
0.920498
0.9059
0.946933
0.932651
1.05378
1.02906
1.19423
1.17969
0.873083
0.954262
1.13732
0.871473
0.932611
1.08705
1.06056
0.856511
1.06996
0.872185
1.09164
1.09146
1.06181
0.935875
0.976616
1.04531
0.899241
1.0106
1.00768
0.943345
0.974459
1.0759
1.09758
0.912457
0.920667
1.0219
0.841105
0.959049
0.959256
0.956438
0.999809
1.03353
0.744056
1.22085
1.13024
1.01216
1.09926
1.08944
0.98249
1.00986
0.921915
1.1009
0.934887
0.804195
0.950513
1.0604
0.886801
1.08258
0.964991
0.910759
1.03078
0.949821
1.0436
0.997941
0.995864
1.05597
0.948885
1.06104
1.0071
1.10255
1.15482
0.9796
0.943798
0.998905
0.823155
1.3364
1.01402
1.05484
0.911345
0.809903
1.08108
1.029
1.14297
1.10696
1.15224
1.05943
0.944335
0.936374
1.00547
1.00532
1.04053
0.949473
0.710859
1.06122
1.14254
0.963956
0.84307
0.995724
1.04716
0.953009
1.12563
1.06787
1.05796
0.994933
0.862074
1.02908
1.13371
0.744494
0.963298
0.959408
1.03899
0.888378
1.02116
1.09021
0.870804
0.898586
1.00571
1.18031
1.06048
0.995736
1.18204
0.964291
1.04874
1.00517
1.09255
0.984795
0.91781
1.18704
0.932409
0.985797
0.932306
1.01522
1.05588
1.00267
1.05186
0.858009
0.88157
0.828499
0.919285
1.10342
1.11283
0.977535
1.01809
0.877229
0.776988
0.970883
0.958146
0.917506
0.965881
0.988876
1.06006
1.2428
0.922737
1.12819
1.00502
1.03658
1.03508
1.11559
1.11925
1.03377
0.909138
0.992858
0.993437
1.13997
1.05037
0.978819
0.859128
0.952623
0.922011
1.0493
1.04239
0.845654
1.0152
0.861963
1.11512
0.956
0.808
1.07108
1.08236
0.804972
0.90828
0.928788
0.937508
1.04662
0.867018
1.30384
0.972427
1.08351
0.866061
0.982364
1.07744
1.08768
0.658445
1.13983
1.15195
0.888672
0.973182
0.989482
0.886346
1.13619
1.02037
0.979476
0.903509
0.976924
0.823289
1.06983
0.943679
1.08152
0.95029
0.989872
0.881702
0.964162
0.949293
1.11899
1.15671
0.982443
1.01108
1.09148
0.896072
1.24414
1.08141
0.824367
0.941518
1.12623
1.12855
0.860917
1.07226
1.07612
1.01842
0.854582
1.08329
0.976435
1.11229
1.02159
0.773507
1.19117
0.924834
0.963712
1.02046
0.89575
1.05164
0.940152
0.971935
0.794872
1.08394
0.981458
0.988254
1.02845
1.02351
0.962825
1.06812
1.05773
0.901708
0.81963
1.14305
1.22804
0.864994
1.01038
0.926672
0.997415
1.09864
1.06394
0.943668
1.0947
0.970061
1.08968
1.12198
0.818207
0.993156
1.12747
0.931322
1.03516
1.25797
1.02213
0.984516
1.04311
0.943551
1.07473
0.870809
0.994385
1.01638
0.841044
0.903396
1.05373
1.00674
0.815944
0.894409
0.953887
0.896674
0.881014
1.15942
1.13968
0.946745
1.03974
0.941459
0.953382
1.08712
0.988377
1.03546
0.997693
1.00314
0.988686
1.02912
0.93246
1.03898
0.971812
1.2677
0.863504
0.94215
0.844046
0.948834
0.930327
0.996039
0.969019
1.31842
0.748557
1.03721
0.872362
0.961985
1.02875
0.809829
0.872558
1.04414
1.15757
0.900618
0.943079
0.87883
0.935122
0.943416
1.04265
1.13829
0.827791
0.820834
1.12644
1.02029
0.867912
0.950101
0.967096
0.895177
0.992094
1.16859
0.991257
1.00484
1.01137
0.933087
0.870757
1.03896
0.877879
0.921505
0.980104
0.987221
0.986362
0.995177
1.05734
0.890177
1.13403
1.16325
0.927097
1.0562
0.962343
1.13962
1.00666
1.20661
1.05038
0.928663
1.15649
0.955913
1.10152
0.874849
0.964175
0.876977
1.03149
0.79087
1.15089
0.991864
0.980687
0.909938
1.04799
0.984751
0.927113
0.951272
1.08363
1.05749
0.930534
0.935618
0.918453
1.07638
1.00247
0.916971
0.756769
1.04345
0.886687
1.04258
0.935465
0.960023
0.76604
0.851328
0.888145
0.997855
0.983944
1.09967
0.998182
0.767931
1.03983
1.08394
0.938169
0.984154
1.00228
0.891352
1.03035
1.03142
0.95652
1.12164
0.992688
1.1376
0.992323
1.04632
1.00329
0.981766
0.924944
1.14027
1.01247
0.888826
1.07559
1.09094
1.15464
0.962194
0.909841
1.08347
0.98905
1.13382
0.824313
0.920186
0.887841
1.1329
1.02442
1.05192
0.916849
0.925648
1.1442
1.02301
1.16875
0.997096
0.923034
1.12031
0.961042
0.867834
1.15322
0.893353
1.00312
0.981616
1.08431
1.11947
0.952022
1.11448
1.04136
0.807458
1.03392
1.18874
1.04128
1.03616
1.03462
1.08446
1.2104
1.00771
0.993967
1.14406
1.03331
0.911997
0.984584
1.13234
1.0203
1.08866
0.916799
1.0757
0.944844
1.03352
1.13629
0.883819
0.952964
1.09414
1.05919
1.00217
0.98044
1.02789
1.1294
1.03869
0.958896
1.00074
1.04682
0.968708
0.995903
1.01161
0.837526
1.03736
0.952075
0.92868
0.916571
1.15356
1.02685
1.12458
1.04742
0.968534
1.02766
0.9445
0.982206
0.992862
0.831814
0.906338
0.957362
1.14029
1.0875
1.08117
1.03641
0.94609
0.957778
0.909227
0.9821
1.12399
0.774345
0.927601
0.96727
1.25667
0.97477
0.978902
1.09919
1.1559
1.01369
0.871161
1.03424
1.01413
0.938805
0.990975
0.990046
0.884206
0.930786
1.01582
0.957095
0.891117
0.894979
1.03094
0.979527
0.8853
1.0397
0.910862
1.00566
1.13388
0.883598
0.863505
1.03994
0.824362
1.14091
1.12092
1.11654
0.812041
1.13273
0.973627
0.965842
0.937782
0.885171
1.01128
0.80199
1.0863
1.15824
0.976743
0.94709
0.908023
1.04702
0.974256
1.07003
1.00746
1.0223
0.880262
1.01004
0.968678
0.991323
0.868806
1.05709
0.987901
1.05075
1.00923
0.940975
1.07342
1.01077
1.14064
0.802204
1.00457
1.10253
0.891747
0.902406
0.90773
1.01338
1.03293
1.1053
0.916001
0.842994
0.973595
1.03543
1.02389
0.993033
1.05462
1.17084
0.83696
1.0881
1.03448
0.900078
0.93937
0.902016
1.15132
1.19126
0.966648
1.05295
1.02773
0.90236
0.996828
1.07146
0.884268
0.938165
0.782985
1.14645
0.899607
1.14165
1.26795
1.03926
0.85918
0.907467
1.06952
0.97375
0.946682
1.23061
1.07246
0.969861
1.00002
1.04626
1.0798
0.953898
0.986789
1.14996
0.916348
1.00468
0.912551
0.936514
0.946038
1.06632
0.910726
1.06553
0.963508
0.971895
0.916404
1.04458
0.93998
0.994775
1.19572
0.950581
0.964063
1.00244
0.947272
0.946248
0.951029
0.957989
1.06795
0.939996
1.18827
0.99361
0.905005
0.824741
1.09002
1.05621
1.08882
1.01623
0.996246
0.973174
0.989984
0.926216
0.922197
0.984658
1.00539
0.952402
1.12383
0.908944
1.35129
1.1274
1.05435
1.10386
1.03995
0.844168
1.05971
0.94042
0.897282
0.995951
1.04569
0.953412
0.91329
0.859754
0.942811
1.0561
0.956168
0.873401
0.943628
0.9137
1.11655
0.822645
1.04859
1.09897
1.04684
0.975094
0.953746
1.1372
1.00893
0.944179
1.11357
1.05478
0.981106
1.14213
1.17576
0.911183
0.96784
0.975213
0.939675
1.0111
0.919979
0.805738
0.980144
0.934678
1.00814
0.937112
0.912125
1.11498
1.11522
1.03407
1.12791
1.03596
0.830676
1.02158
1.04161
1.04632
0.845947
1.03676
1.02298
1.21028
0.895392
0.935324
1.05699
1.11524
0.67935
1.15748
0.964905
1.01446
0.971851
1.13052
0.944659
1.13936
0.953143
0.885787
1.07885
1.04333
0.851985
1.10553
0.938673
0.80186
1.06721
1.03142
0.927526
0.864632
1.00534
1.08328
0.868879
1.09128
0.993217
1.048
1.30427
0.940557
0.973904
0.848776
1.05209
1.1861
0.978603
1.03356
1.12727
1.03453
0.99714
0.756243
0.968388
1.03457
1.0282
1.01114
1.05754
1.0374
0.855375
1.02609
1.04837
0.969755
1.18115
1.01783
1.14243
0.919362
0.895122
0.888035
1.03796
0.98401
0.955487
1.01548
0.975408
0.860897
1.01039
1.04945
1.0895
0.861051
0.828601
1.17749
0.961438
1.16105
1.0576
1.00877
1.06995
0.95491
0.974048
0.917706
0.95201
0.846325
1.03641
0.976901
0.908529
1.08363
1.16045
0.958532
0.938253
1.045
0.795839
1.13108
0.794868
0.942655
0.950776
0.995221
1.05892
1.05593
0.948998
0.944103
1.07298
1.01321
0.972284
0.843269
0.95644
1.06558
0.791148
0.946895
0.945822
1.10702
1.14085
1.00711
0.883071
1.07538
0.98612
0.897267
1.11848
1.04327
0.976381
0.882767
0.998741
0.987081
1.11074
1.00053
0.815871
1.00031
0.937275
0.882569
0.882902
0.854826
0.97845
0.979561
1.05794
0.869833
1.00746
1.11865
1.11452
1.03851
1.05193
0.895852
1.03422
1.11189
1.14333
1.08435
1.21114
0.884404
1.01551
1.15736
0.977204
1.14857
0.859985
1.09818
1.13529
0.95288
0.967698
1.02809
0.87882
1.07179
1.14176
1.02733
0.826539
1.03574
0.776923
1.1283
0.973916
0.897372
0.843894
1.09185
1.15057
1.11093
0.924297
1.00375
1.12563
1.13348
0.983353
0.842194
0.941924
0.884597
1.01729
1.06636
0.904691
0.899871
1.06313
1.04172
1.0912
0.855358
0.905354
1.15084
0.944329
1.00841
1.05826
1.05765
1.04214
0.978315
0.896321
0.931387
0.879097
0.968512
1.06784
1.02142
1.01877
1.08421
1.15678
1.15604
0.905861
0.947332
0.918302
1.1533
1.14255
1.05264
1.08794
1.02063
0.963447
1.01459
1.02346
1.02406
0.882599
0.948931
0.80399
1.07977
1.11103
1.09583
0.947626
1.01966
0.910775
0.863947
0.975155
1.08578
0.915467
0.899565
1.00277
0.987613
1.09714
0.928512
1.03922
0.871694
1.0365
1.16534
0.970565
1.17654
0.91184
0.940728
0.919074
1.12358
0.981434
0.89579
0.921029
0.942835
0.932077
1.07205
0.964329
0.986182
1.03447
0.989386
0.709055
0.915818
1.20947
1.03537
0.939873
1.1221
0.840392
1.00712
0.903493
1.06179
0.952712
0.914118
0.952299
0.833875
0.995771
1.09528
1.03544
0.989434
0.948257
1.10644
0.931914
0.95275
1.11211
1.06742
1.05093
1.01619
1.02374
1.03694
1.01589
1.09977
0.832981
0.95528
0.949276
1.12144
1.10853
0.871304
0.925197
1.13592
0.874407
1.10759
0.926443
0.820887
1.13316
1.06389
0.896902
1.12515
1.07797
1.03592
1.07993
1.02581
0.842411
1.049
1.17116
0.963072
1.21424
0.957947
0.822839
1.05233
0.93447
1.06616
1.06802
0.948113
1.12216
1.07353
1.01006
1.14551
1.04889
0.896412
1.01823
1.05347
1.02345
0.860902
1.0158
1.03569
0.914994
1.10933
0.873644
0.894909
1.07937
0.979373
1.00883
0.926502
0.979367
1.06719
1.25539
0.89545
0.993581
1.18374
0.944594
0.99887
0.87241
1.06298
0.889731
0.860297
0.887916
1.15051
0.710361
1.05204
0.92156
0.982564
1.10364
1.15135
0.996531
1.18006
0.911676
1.05703
1.00219
1.15851
0.931247
1.0385
0.95158
1.03615
0.949735
0.851638
1.00402
0.987013
1.091
0.992242
1.05323
1.04649
0.956393
0.932172
1.0737
1.15839
1.00299
0.812811
0.996044
0.843943
0.990378
0.998541
1.04588
1.19511
0.980044
1.09447
0.941773
1.04723
0.735093
0.928652
0.846886
0.984737
0.971505
0.904312
1.08899
1.00374
1.23317
0.944914
0.999817
0.915833
1.01487
1.07521
0.890638
0.938063
0.930585
1.00455
1.02165
0.87347
0.817315
1.07437
0.949417
1.12624
0.975072
1.02066
0.979043
0.968124
1.09395
1.10496
1.16412
0.8877
0.948649
0.89208
0.841911
0.966268
1.07059
1.22758
1.03681
1.03472
1.34966
1.0806
1.14083
0.958642
0.9325
0.858105
1.07147
1.00948
1.03267
0.84225
0.863675
1.18674
1.0404
0.914334
0.94056
1.06197
1.15565
1.08339
0.843282
1.06991
1.04538
0.872424
0.891689
1.04735
0.881335
1.2936
1.04048
0.987006
1.07402
0.955623
0.978327
0.798124
1.16388
1.28966
0.895256
0.9283
1.0991
0.853745
1.08158
1.11352
0.969194
1.0773
1.13395
1.05699
1.15013
0.838492
0.940818
0.918546
0.917143
1.11542
1.01999
1.05116
1.17157
0.976031
1.06445
1.1086
1.1405
1.1366
0.922678
1.06558
1.033
0.824862
1.09828
0.894374
0.969893
0.948103
0.910331
0.886672
0.969373
1.06653
1.02764
1.07985
0.996967
1.05268
1.05145
0.942771
1.15145
1.06817
1.12155
0.944704
1.08064
0.880856
0.836877
1.16906
1.00731
1.10559
0.895996
0.933067
1.22414
0.895139
1.11865
1.02363
0.934481
0.978194
0.890507
0.949072
0.732539
1.00787
0.932617
1.06996
1.08788
0.892858
1.07338
0.767451
0.947773
1.15662
0.92046
0.899159
0.894019
1.10042
0.923168
1.02297
1.12167
0.987895
1.01957
0.939466
1.07532
1.00585
0.810873
0.901065
1.05871
0.962416
0.915998
0.835091
1.039
1.0849
1.02575
1.04474
0.890665
0.981277
0.823357
0.927649
1.02024
1.05066
0.938278
1.18521
1.01974
0.948144
1.21668
1.0507
1.19018
1.07179
0.849334
1.06861
1.10854
1.12863
1.179
0.826808
0.859765
0.963167
0.867905
0.804947
0.912632
1.00079
0.983162
1.15308
0.933102
0.872997
1.0515
1.0712
1.05404
1.14441
1.14735
0.912476
1.06237
1.00554
1.03034
0.914382
0.827277
1.05159
1.05133
1.09548
1.10952
1.0049
1.01728
0.96384
0.981422
0.897696
0.932638
0.885231
1.07697
0.997828
0.944703
1.02044
1.01059
0.983224
1.08171
1.11265
1.04337
0.952759
1.13159
0.990312
0.975441
1.02236
1.11672
0.96184
0.739904
0.877627
0.862287
1.13481
1.04809
0.979999
0.955358
1.04399
1.01531
1.06053
1.01676
1.069
1.06696
0.883284
0.800959
0.991916
1.14511
0.874192
0.964939
0.984607
0.985107
0.984163
1.08935
0.881316
1.01616
1.13521
0.894265
1.17176
1.18339
1.0275
0.826795
0.969302
1.02978
1.0669
0.943623
1.11302
0.886476
0.988425
0.960396
1.0375
0.873396
0.93074
0.941888
0.974276
0.891456
0.873249
1.13512
0.982888
1.39216
1.15792
1.00702
1.03544
0.928992
0.972243
1.01122
1.07643
1.18322
0.913439
0.925162
0.931881
1.03831
0.919109
0.933981
1.06663
1.05081
1.02079
0.931886
0.942871
0.89143
0.965455
1.05271
1.15124
1.02704
0.970882
0.972065
1.05806
0.914847
0.930881
1.22642
0.935375
1.15151
1.13031
0.927432
0.92363
0.976667
0.897317
1.00419
1.04666
1.00447
1.05776
1.1321
0.984409
0.963988
1.13466
0.997652
1.04995
0.9781
0.925745
1.08123
1.05489
1.13898
0.942916
0.874997
0.974424
1.065
0.948477
1.05372
0.961588
0.985373
0.951928
0.991662
1.15388
0.973142
0.950253
1.00559
0.964545
1.09421
0.977733
0.983942
0.955819
1.01027
1.06413
1.05895
1.19928
0.862372
1.13734
0.803862
0.947699
1.09518
1.18504
1.08114
0.972124
0.991263
0.81534
1.13339
0.850443
0.955405
1.04024
0.959626
1.06669
1.00628
0.870945
0.884298
1.10328
0.907063
0.862779
1.10283
0.988733
0.824469
1.06581
0.95811
1.07632
1.11633
0.959083
1.18009
1.01402
0.843508
1.09402
0.869082
0.951311
0.843062
0.948565
0.957802
0.950368
1.09915
1.06301
0.872021
0.950722
0.904216
1.09435
1.11793
1.07028
0.958414
1.03224
0.946107
1.08015
0.90037
0.995166
0.913624
0.926582
1.11927
1.00389
1.02394
1.05109
1.0614
1.10128
0.98108
0.759578
1.03412
1.00456
0.946808
0.946567
0.991105
0.784863
0.962941
0.98269
0.881549
1.10087
0.999791
1.14079
1.06351
1.02971
1.01502
0.897435
1.04384
0.936398
1.15926
1.19896
0.940372
0.957289
1.10483
0.931597
0.920999
0.883694
1.09971
0.936312
1.19086
0.792879
0.955353
1.15191
0.869633
1.01254
1.01189
1.12967
0.987782
1.06107
0.912069
1.1949
0.971177
1.09865
1.07128
1.06493
1.05738
1.07877
1.14637
1.10747
0.935936
0.924358
0.829381
0.870932
0.79531
1.04684
1.01519
1.09275
0.900531
0.917246
0.979098
0.943355
0.843896
0.933472
0.958704
0.953659
0.965738
1.10036
1.00968
0.968047
1.11006
0.881683
0.929921
1.19993
0.876899
0.901743
0.925624
1.044
0.909773
0.972172
0.879457
0.888259
0.973862
0.948343
1.18985
0.75356
0.877483
0.891676
0.986467
1.09505
0.975524
0.978286
0.92029
0.979435
1.02312
1.166
1.0628
0.926731
0.950645
0.98383
0.8677
0.940761
1.1469
1.12921
1.10019
1.00585
0.996497
1.01812
1.03981
1.03764
0.923288
0.861348
0.859
0.961448
1.09
0.842665
1.07641
1.01726
1.06132
0.917589
1.06247
1.12881
1.09257
0.874967
1.05758
1.37494
1.19776
0.941634
1.17183
0.958014
0.983762
1.10661
0.930047
0.927126
0.93077
1.05156
0.950676
1.1134
1.01577
0.87819
0.873668
1.03865
0.976696
1.08495
0.877468
0.895022
0.884596
0.939991
1.16966
0.986661
1.06942
0.938031
0.883806
1.01841
1.02246
1.00137
0.96628
0.949068
1.21135
1.04848
1.04482
1.13499
1.02581
0.918748
1.00961
0.80754
1.0612
0.932653
1.07664
0.867857
0.963062
1.093
0.98996
0.955217
0.89599
0.954989
1.05502
0.815241
0.865239
1.16159
0.96473
0.962127
0.939703
0.871088
1.11731
1.00254
1.10853
1.1325
1.01524
0.906189
0.975454
0.898907
0.996062
0.94073
0.89152
0.887165
0.887888
1.0072
0.901149
0.910326
1.14246
0.859237
1.06652
1.09866
1.08881
0.936748
1.09749
0.966563
0.947816
0.959381
1.13618
1.06428
0.967255
0.880687
1.06923
0.983505
1.01619
0.919887
0.825571
0.910473
0.880824
1.05204
1.02273
0.853516
0.926858
0.853242
0.918202
1.09554
0.886372
1.01395
0.998158
0.93266
0.934603
0.911566
0.954919
0.926985
1.04984
0.927244
0.956064
1.10498
1.00768
1.25258
0.90592
1.00927
1.03162
0.978838
1.03348
0.898385
0.895449
0.878835
0.950295
0.8698
0.84154
1.12359
0.854555
1.00175
1.05025
0.883749
0.99329
0.974041
0.888867
0.910608
0.880802
0.94444
1.16376
0.972356
0.969829
0.927354
1.08391
1.1746
0.991985
0.958729
0.979862
1.21543
0.939585
0.904303
0.980371
1.04833
1.09454
0.980342
1.02379
1.03731
0.851108
0.904929
1.00252
0.948951
0.901456
0.837082
0.9488
0.935128
1.04547
1.02124
0.872339
0.945225
0.942279
0.993714
1.0379
1.03759
1.11299
1.14431
0.943117
0.882467
1.00446
0.989257
0.923436
1.09004
1.08063
0.828951
0.949419
0.958621
1.04163
0.944116
1.01397
0.881103
1.13321
0.797173
1.02481
0.984331
0.877257
0.859143
1.00839
0.836347
1.07681
0.958891
0.929476
1.02095
0.919004
1.01075
1.0645
0.993035
1.02086
1.06162
0.927112
0.859676
0.944162
1.01941
1.09704
0.940823
1.0392
1.10228
0.994594
1.05892
0.892179
0.97855
1.15404
1.11316
1.08208
1.21528
0.917772
0.792084
1.06465
1.13958
1.00072
1.19703
0.970248
1.20374
1.07408
1.06269
0.981763
0.765964
1.00916
1.0274
0.956593
0.854439
1.09253
0.876964
1.17756
1.04109
1.1273
1.04931
0.92047
1.00496
1.11774
1.01508
0.935567
0.933161
1.02725
0.788305
1.12331
1.05771
0.923807
0.993328
0.911221
0.871181
0.868995
1.19794
1.14991
0.934197
0.899994
0.829963
0.92267
0.945704
0.939039
1.08895
0.887129
0.976095
0.984472
0.879287
1.01794
0.953719
0.951192
0.894784
1.00162
0.842692
1.10738
1.04951
1.0554
0.889612
0.95351
0.981713
1.00758
1.3054
1.02076
0.929164
1.17945
0.917642
1.03011
1.10508
0.89831
1.13824
1.08888
1.00972
0.841836
1.04235
0.776522
1.17108
1.02456
0.986504
1.18277
0.92599
1.09537
0.885594
1.00105
1.00271
0.995766
0.959293
1.0831
0.929619
1.0328
1.02498
1.02679
1.11669
1.13627
0.991707
0.97489
0.95698
1.1295
1.14493
0.859224
0.919442
0.955814
0.903781
1.17945
1.06928
1.11375
0.884601
0.9317
1.05468
0.955832
1.10891
1.01039
0.983882
1.09818
0.989344
1.07483
0.961788
0.992927
0.954438
1.11396
0.96789
0.965268
1.01232
0.957144
0.957625
1.00114
0.961784
0.95806
0.898505
1.0904
0.814849
0.997684
1.16329
1.04616
0.899089
1.06462
1.03265
1.04276
0.866187
1.0687
1.12118
1.03834
1.01891
1.11302
1.02113
1.14591
1.17965
0.963745
0.923167
0.923888
0.943287
0.899868
1.10002
1.05954
0.95294
0.973145
0.841753
0.873745
1.03269
1.18623
1.08497
1.03283
0.991845
1.1079
1.07909
0.964423
1.07507
0.927972
1.01816
1.02413
1.08099
1.00985
0.919631
1.03264
0.909921
0.968168
1.00361
0.883472
1.05409
0.83172
0.842006
1.10693
0.935262
1.09898
1.06082
0.876631
0.899609
0.938314
1.09313
0.975986
1.25384
0.965825
1.07718
1.03885
0.966126
0.948532
0.972603
0.953908
1.075
1.19701
1.0193
0.971317
1.0529
1.08696
1.0381
1.02921
1.17641
1.10406
0.965703
1.08844
0.886711
0.964309
1.048
1.12003
0.825537
0.980812
0.902957
1.01502
1.05315
0.987224
0.831016
1.08259
0.798665
1.01124
0.971046
1.02756
0.950767
0.939286
0.794929
1.0399
0.846346
1.00372
1.07036
1.04476
0.912692
1.12924
1.11306
1.05722
1.05936
1.06282
0.979109
0.914687
0.979636
0.993803
0.826008
0.984055
1.05865
0.87398
1.13618
1.00582
0.997271
0.963622
0.931751
0.899219
1.0131
0.992894
0.917807
0.894482
1.17724
1.16436
1.13198
0.922947
0.937793
1.01512
0.954802
0.955444
0.867768
1.0537
0.914373
1.32061
1.01817
1.05398
0.934802
0.881148
1.21074
1.14686
1.14491
1.07454
1.05558
1.23609
1.01599
1.06171
0.801234
0.891224
0.892832
0.866211
1.07441
1.06403
1.1303
0.88836
1.04091
1.17614
0.954494
1.06819
0.8278
0.878354
1.05951
0.884481
1.00646
1.07955
1.03095
0.916368
1.09263
1.06889
1.08838
1.04049
0.878346
1.00256
0.897512
0.847339
1.18087
0.934525
0.984197
1.02697
1.16839
0.950934
0.871885
1.13275
1.01245
0.928527
1.10221
0.94958
0.923123
0.867877
0.880047
1.04595
1.1079
0.990953
1.02414
1.09578
0.979883
1.0792
0.936789
0.932186
1.12174
1.01339
1.10534
1.01363
1.02023
1.16129
0.895167
1.18216
0.918191
0.890524
1.01322
1.11316
1.01413
0.941373
1.04521
0.871775
1.04926
1.08974
1.26849
1.04345
0.932819
1.05902
0.97285
0.756644
1.02326
0.892708
0.963458
0.983367
1.22571
1.0595
0.922129
1.00715
1.21157
1.02018
0.99643
0.960225
1.18816
0.970408
0.922348
0.869142
1.12594
0.9242
1.07509
1.12071
1.01474
1.05135
1.09916
0.992754
1.07187
0.980958
0.911162
0.875181
0.951576
0.947882
1.13945
0.950329
1.16918
1.02681
0.929112
0.974376
0.966171
1.05384
0.883424
0.952461
0.895635
0.890255
0.961287
0.90265
1.11315
0.970229
1.03927
0.96357
1.07304
1.14675
0.927873
0.888554
1.06711
0.938751
0.808333
1.05218
0.971635
0.946746
0.779892
0.932109
0.99612
1.13135
1.08807
1.06152
0.943453
0.932856
0.968242
1.05351
0.927417
1.01622
0.989211
0.934683
0.961719
0.917288
1.20382
1.0117
0.934747
0.977912
0.942477
1.19076
1.01341
1.09279
0.8833
0.954314
0.880655
0.987748
0.885072
1.11308
1.00162
1.03148
1.04193
0.995382
1.0645
1.06055
0.997464
1.01883
1.14419
1.00437
0.952778
0.85841
1.10662
1.03616
1.10453
1.03344
0.982342
1.17277
0.924111
0.92001
0.972408
0.955092
0.996593
1.11292
1.12432
0.88868
1.01492
0.917332
0.97045
0.916171
0.905288
0.973585
1.22084
0.864932
0.950055
0.892202
0.959288
0.948566
1.05485
0.941757
0.98116
1.16212
0.970314
0.875444
0.93428
1.19375
0.888881
0.937441
1.18821
1.03338
1.2381
1.14295
0.769112
0.97839
0.978117
0.957019
0.931569
1.19592
1.01214
1.16707
0.976704
1.04684
0.841765
1.11273
1.03119
0.945822
1.00871
0.867212
1.03827
0.992458
0.910437
1.02087
0.929293
1.06269
0.891702
1.24903
1.12461
1.00874
0.756186
0.938198
1.00808
0.980583
0.926388
0.879174
0.937611
0.972061
1.05284
1.1298
0.918079
0.921121
1.11766
1.07327
1.14009
1.12341
1.03102
1.02104
1.01891
1.00939
0.854357
1.20048
1.02274
0.95157
0.957107
1.06891
0.969831
0.965731
0.860989
0.923629
0.984354
1.13621
0.928144
1.07032
1.09365
0.9378
0.890134
1.0101
0.890439
1.00476
0.907558
0.996791
0.975768
1.00282
1.01939
1.06633
0.992547
0.896833
0.949255
0.89961
1.05599
1.06972
1.00603
1.04506
0.928969
1.03931
0.98734
0.863015
1.10168
1.1063
1.03877
1.07242
1.01516
0.975617
0.949727
0.833269
0.806602
0.991631
0.897928
0.97376
0.897751
0.966401
0.896704
0.971265
1.0704
0.980325
0.998196
0.932369
1.02971
1.03243
0.911568
0.979266
0.890379
0.888035
0.806902
0.982699
0.99333
0.883931
1.122
0.994896
1.05474
1.10491
0.969923
1.10682
1.00695
0.944802
0.960891
0.899129
0.933661
0.994838
0.933673
0.928536
0.907094
0.940851
0.902263
0.948148
1.12757
1.0991
0.896591
1.10878
0.994634
0.815276
1.07859
0.80985
0.838117
0.970983
0.880303
1.11047
1.07944
1.01131
1.09754
1.04138
1.03163
0.878495
0.924234
0.911847
1.1241
0.918422
0.992564
1.05468
0.92282
1.02055
1.01523
1.01313
1.14093
0.943061
1.02113
1.17013
0.93701
1.18529
0.869036
1.0617
1.02271
0.959091
1.02566
1.07145
1.07586
1.01494
1.10334
0.83211
1.11525
1.09692
0.986677
0.911044
1.016
1.20804
1.14108
1.11933
0.904239
1.02425
0.877445
0.965703
1.10369
1.14113
0.972526
0.882427
1.04724
0.978942
0.872447
1.28953
0.925796
1.02462
0.883796
0.895071
1.04673
0.977261
0.98972
1.1445
1.08172
0.90442
1.02295
1.18056
0.884051
0.757408
1.00755
1.22254
0.930912
0.820099
0.981217
1.0311
0.950086
0.833215
0.868252
0.843436
1.07366
0.862002
0.994418
1.02807
1.04905
1.04388
0.921102
0.979877
0.98341
1.12922
0.963609
1.01212
1.15831
0.91681
0.927689
0.977031
1.05694
1.20166
0.938972
1.07929
0.80206
0.898086
0.831809
0.871168
0.943931
0.888206
0.796137
0.945317
0.884854
1.06964
1.07142
1.05698
0.891924
0.844236
1.06244
1.1592
1.02032
0.829648
0.977462
0.878897
1.01013
1.05476
0.871123
0.834562
0.949042
1.04319
0.889649
1.01452
0.851227
1.01188
0.881635
1.0538
1.1128
0.922731
1.05079
0.963571
1.07056
1.14888
1.04428
1.11304
0.906199
0.925191
1.08801
1.0614
0.993479
1.01986
1.05196
1.01066
0.882794
1.01853
1.10888
0.915199
0.99569
0.753436
1.01998
0.914815
0.990772
1.22533
1.09162
1.06329
1.00348
0.957165
1.08725
1.05143
1.08735
0.894511
1.01192
1.03748
0.940086
1.11743
1.13528
1.03311
1.00396
1.116
0.947304
1.17577
0.914739
1.04984
0.956959
0.787484
0.911966
1.0571
0.925881
0.860729
1.10164
0.982244
1.00996
1.10012
1.14764
0.87067
0.92288
0.96074
1.07841
1.00917
0.994159
1.04361
0.892802
0.857289
1.04874
0.924118
1.03307
0.985147
0.939897
0.902082
0.966826
0.85938
0.972478
1.13711
0.983302
1.06946
0.938634
1.06192
0.871513
0.976024
0.872983
1.02941
1.03133
0.851449
1.11485
0.996544
1.05163
0.884743
0.982848
0.924934
1.05568
1.03695
1.13944
1.07194
1.11188
1.11452
0.872891
0.993102
0.958414
0.970206
0.896591
0.993084
0.769497
1.09509
1.04391
1.05103
0.914728
0.971122
0.995589
0.984391
0.960045
1.06937
0.990177
1.01969
0.932554
0.9815
0.955338
1.07286
0.960631
1.02421
1.06105
0.873746
0.950283
1.08497
0.95768
1.11156
0.978425
0.957958
1.07771
1.22494
0.740283
0.824268
0.950651
0.918291
0.935976
1.01663
1.12325
0.917494
0.740375
0.850823
0.951389
0.967224
1.05451
1.0805
0.972884
1.1111
1.04156
1.06449
0.913617
0.858808
1.03068
1.08045
1.05495
1.0237
0.975837
0.99293
0.974217
1.01278
1.0818
1.22435
0.908776
0.989912
0.837682
1.1682
0.925851
0.965012
1.17371
1.01649
0.956098
1.21309
0.893223
1.04328
0.879679
0.985495
0.835149
0.955285
0.928486
0.861054
1.0077
0.996127
1.01203
0.897062
1.00833
0.977235
0.847231
0.993732
0.871244
1.14643
1.07176
0.917826
1.01515
0.919197
0.879984
0.992601
0.951666
1.01373
0.786923
0.835712
1.08392
0.987944
0.929716
0.952952
0.95415
1.09106
0.936942
1.11053
1.05224
0.98781
1.00909
0.948452
0.990836
0.862932
1.02431
1.09532
1.13599
1.03069
1.05924
0.959618
0.958706
1.03351
0.979861
1.0685
0.932228
1.15456
1.0197
1.02238
1.05539
0.993366
1.11203
0.853859
0.976682
0.960575
1.08576
1.04392
1.16933
0.8407
1.13485
0.866921
0.973045
0.754972
1.10393
0.843503
0.826299
0.938655
1.01696
1.06173
0.913043
0.900546
0.916042
1.13494
0.912321
0.989406
1.01442
0.916637
1.17087
0.824346
1.13186
1.04865
1.04979
0.999675
0.928982
0.964352
0.798197
1.02013
0.882059
0.97938
0.920011
1.02127
0.937086
0.999988
0.986758
1.02662
0.969314
0.948466
0.997963
1.06053
0.879775
1.03113
1.10254
1.1865
0.905999
0.928912
0.935176
1.1382
0.861937
0.89871
1.00394
0.97613
1.04041
1.1135
0.916002
0.893411
0.862709
1.10573
0.921514
0.963227
1.16698
0.954863
1.2562
0.986363
0.97411
0.898644
0.970185
0.914291
1.07021
1.02533
1.0176
0.918926
0.926225
0.998424
1.01592
1.07051
1.05169
0.993777
1.1524
0.915093
1.09135
0.917753
1.03594
1.00766
1.146
0.786853
1.06124
0.891697
1.08946
1.02942
1.00205
1.11246
0.935063
0.942684
1.04243
0.88251
0.902723
1.03906
0.963866
1.05393
1.26509
1.06877
0.94995
0.922298
1.09566
1.06932
0.958021
1.03905
0.983208
1.02609
1.10816
0.978912
0.966321
0.948209
1.14512
0.972059
0.904598
0.910979
1.03976
1.04777
1.04846
0.98618
1.05921
1.07853
1.06058
1.14704
1.00504
0.904704
1.06142
1.01066
0.94604
0.916153
0.982417
0.887416
0.958078
0.882137
0.872931
0.817907
1.02994
1.10068
1.0132
1.09272
1.04015
1.10502
1.00457
0.843633
0.957807
0.88983
0.899613
1.16879
1.1058
0.961821
0.94344
1.09574
1.05595
1.11256
0.919092
1.03535
0.901081
1.09862
1.0677
0.897557
0.989463
1.07312
1.0535
0.973268
0.875315
1.02761
1.02931
0.944245
0.977452
0.986231
1.12302
0.96256
0.907882
1.02747
0.902253
0.961014
0.86901
1.04803
0.897742
1.03636
1.01743
0.93153
0.982023
1.07161
1.19409
1.09733
0.911899
0.962746
1.03133
0.893289
0.90341
1.0673
1.08388
1.22086
1.12776
0.880476
0.968787
1.12745
0.927272
0.979529
1.04979
0.843237
0.990728
0.982521
0.780568
0.871389
1.10669
1.05071
0.897974
1.02803
1.06375
1.02054
1.05864
0.97575
1.04579
0.998612
0.931599
0.99007
0.832613
0.955684
0.994722
1.16011
1.04407
0.881659
1.01481
1.1149
1.05529
1.12311
1.04045
0.901857
0.931229
1.06766
0.919262
1.02614
1.10254
1.12819
1.02573
0.894861
1.0738
0.851326
1.0591
0.954411
0.977054
1.08652
0.911911
1.04724
0.950981
1.00716
1.02549
1.01921
0.923448
0.914142
1.04141
1.07492
0.732456
1.02054
0.901952
1.08761
1.00502
0.977384
0.903301
0.876349
1.16362
0.911251
1.01318
0.912808
0.853063
1.059
1.08168
1.00384
1.06251
1.02598
1.12307
0.917965
0.910713
0.825676
0.956351
1.00177
1.1889
0.989641
1.11475
0.805025
1.00657
0.997478
1.03353
0.987464
1.20361
1.02063
0.878499
0.978083
1.00523
1.12513
0.999011
0.974077
1.01223
1.0422
0.860291
0.903006
1.09512
0.957923
0.946459
1.01079
0.888771
0.899795
1.00195
0.980859
0.977824
1.05016
1.06448
0.879237
1.03862
1.00905
0.98189
1.01775
1.06624
0.997427
1.08084
1.16426
0.97795
0.961324
0.930939
0.918585
1.03032
0.943009
0.994834
0.963109
0.870908
1.01371
1.01247
1.02161
0.934996
0.881917
0.882339
0.911361
0.93688
1.10003
0.987871
0.92994
1.13234
1.01274
0.987066
0.946273
1.02614
0.982301
0.921014
1.06099
1.03197
1.02607
1.09236
0.920424
0.854114
0.951934
1.20397
0.972549
0.900479
0.887069
1.00885
0.931242
0.881894
0.87824
1.0679
0.971634
1.00012
1.00364
0.831651
1.0262
1.1207
0.876007
0.857174
0.92837
0.939835
1.02917
0.882492
1.06512
1.10413
0.967189
0.845942
1.06739
1.0712
1.06371
0.940094
0.809224
1.02719
1.05269
0.852638
0.93097
0.932216
0.976042
1.07901
0.904699
1.08107
0.854259
1.10124
0.944243
1.06387
0.877655
1.22135
1.00362
1.04278
0.966912
0.795158
0.98311
1.06018
0.955058
0.846883
1.09983
0.935157
1.13003
1.06426
0.998376
1.02128
1.17219
1.15732
1.11757
0.92005
0.783757
1.22558
1.06353
1.13173
0.997073
0.919891
0.912728
0.845103
1.06322
1.07308
1.13057
1.01242
0.866394
0.962348
0.991971
1.05083
0.933265
1.00964
1.11363
1.10094
1.03171
0.947914
1.11651
0.921008
1.00749
0.837123
1.00733
0.944466
0.94004
1.06763
0.966487
1.17786
0.947095
0.913869
0.964165
1.11758
1.05064
0.898145
1.01571
1.17322
1.12431
0.719131
1.06726
0.932865
0.958462
1.25129
0.95985
1.06629
0.784926
1.02384
0.903715
0.929233
1.14521
1.04557
0.894613
0.913751
1.16449
0.9092
1.21741
0.978519
1.01837
1.04325
0.806174
1.05029
0.940026
0.982534
0.959752
0.981393
1.04651
1.06192
0.906632
0.993671
0.987829
1.1566
1.08147
1.04145
1.20474
0.978388
1.04378
1.03701
0.969011
1.16261
0.996369
1.08168
0.866205
1.0209
0.89266
0.994451
1.04175
0.898266
1.15661
1.10869
0.961054
0.934897
0.976648
1.06273
1.1243
1.08601
1.03986
1.0934
0.951925
1.02424
1.0097
1.18542
1.15625
0.970756
1.05406
0.98537
1.07465
0.802009
1.10496
1.20687
0.886799
1.14214
1.00773
0.954564
1.05516
1.07095
1.036
1.09102
1.17146
0.874304
1.04046
0.895459
1.11285
1.07246
1.17212
1.1548
1.04209
1.16218
0.813453
1.01678
1.11752
1.00778
0.875013
0.947531
1.06387
0.889876
1.00831
1.19051
1.04132
1.05092
0.914817
0.980551
1.09588
0.97541
1.13294
0.936621
1.12421
0.981154
0.760704
0.993167
0.90254
0.963614
1.12321
0.921652
1.19163
0.94244
0.973849
0.961413
1.13906
1.08076
1.20763
0.989642
0.867212
0.862013
1.20766
0.930913
0.89158
1.03387
0.899658
1.03628
0.923374
1.15176
0.913515
0.865805
1.04963
0.909045
1.17737
1.18006
0.991548
0.949188
0.869757
0.973104
1.05118
0.898146
0.865773
0.894941
0.927965
1.04899
0.941366
1.09748
0.843861
0.804345
0.908277
0.981715
1.26276
0.833723
0.949724
0.956523
0.868862
0.958415
1.08102
1.2428
0.954668
1.04237
1.0903
0.87256
0.911934
0.898826
1.01755
1.18564
1.08879
1.11302
0.970048
1.1459
1.02002
1.07792
1.08531
0.942117
0.930994
0.974114
0.906379
0.930011
0.910133
1.00382
0.903455
1.00181
0.942432
0.988963
1.00019
1.09193
1.01371
0.870614
0.997937
1.03264
1.02604
0.807592
1.00774
1.12318
0.983444
1.17353
0.948702
0.974694
1.04679
0.803205
0.959043
0.870676
0.932642
1.1869
1.01362
0.936756
1.30798
1.14642
1.0649
0.998306
1.00161
1.08111
1.02242
1.13887
1.0551
1.03951
1.05412
0.879998
1.04995
1.10541
1.18756
0.910507
1.035
0.845683
1.08904
1.05741
1.05506
0.967736
1.05412
0.813997
1.05458
0.826627
1.37513
0.88119
0.841902
0.834023
1.23558
0.990632
0.943564
1.10773
1.04266
0.955449
1.13903
1.04488
1.10966
1.07896
1.15685
1.11058
1.11639
1.00582
1.17111
1.1541
1.09304
0.88697
0.946307
0.999462
0.930486
0.927433
0.940236
1.06607
0.99653
0.911396
0.932766
0.989033
1.07323
0.918195
0.788371
1.08612
1.09303
0.894972
1.05913
1.08428
0.890971
1.02427
0.82839
1.24639
0.988788
1.02408
1.15163
0.981087
0.934525
0.850828
1.00139
0.983249
0.845856
1.074
0.994806
1.04353
0.987255
1.0586
0.932628
0.947186
0.820752
1.15098
1.14494
0.987674
0.965548
0.954726
0.946422
0.92699
1.07076
1.18337
1.1052
0.866575
1.07732
1.06638
0.995051
1.05242
1.16414
0.970117
0.96615
1.26592
1.12957
0.867149
0.980913
1.02449
0.992165
1.25483
1.04251
0.996502
0.931312
1.04929
0.94878
0.871714
0.805241
1.19402
0.939219
0.89059
1.0243
0.979339
1.04127
1.14801
0.975115
1.06057
1.07682
0.826605
0.98144
1.07185
0.97744
1.01535
1.17513
1.18491
1.01872
0.856022
0.925093
1.10524
1.11807
0.840839
1.24967
1.13337
0.910121
1.10586
0.918135
0.942765
0.929348
1.18345
1.045
1.01485
0.858305
1.06928
0.860422
0.999255
1.16464
0.889193
1.06078
1.14261
0.978864
0.868
1.01779
1.15823
1.01862
1.16138
1.06128
0.895543
1.06281
0.88624
0.931334
1.05055
0.93311
0.908038
0.979724
0.833434
0.841831
1.07752
0.944462
1.16965
1.0582
1.20066
0.969893
1.01773
0.91869
0.945331
0.965934
1.1938
1.01895
0.966526
0.810681
1.20532
0.932051
0.987147
1.15994
1.1721
0.857351
1.01503
0.948544
1.08051
1.10609
1.04083
0.874406
1.03739
0.944344
1.04705
0.834985
0.89994
1.15913
1.02304
1.06239
1.02258
0.859746
1.02898
1.21808
0.784344
0.896458
0.969368
0.953415
1.00692
0.918764
0.988589
1.17304
1.01562
0.927683
0.882318
1.13622
1.03654
0.986835
0.932373
1.00556
1.11105
0.93489
1.06549
1.1219
1.1515
0.828976
1.09058
0.892564
1.00592
1.01936
0.922491
1.02013
1.04287
0.854203
0.891977
0.885032
0.84955
0.862263
0.956822
0.853555
0.851994
1.07
0.981594
1.173
0.867842
1.03764
0.983435
0.99097
1.11564
1.01519
0.896612
0.874924
0.964399
0.904573
1.04185
1.02066
1.06582
1.03225
1.01461
1.08231
1.00588
1.01139
0.867276
1.10709
1.01941
1.01493
0.871821
0.879863
0.95775
1.16957
1.00546
1.0096
0.96863
0.86775
1.12882
0.979716
0.935514
1.00165
0.943241
0.931985
1.0589
0.944232
0.90477
0.906578
1.0197
0.996178
1.07282
1.03599
1.00969
0.857548
1.00683
0.932865
1.07503
0.989186
1.09298
1.03361
0.944288
0.955649
0.897522
1.03376
0.97057
0.847758
0.954831
1.16496
1.11971
0.889562
0.88941
0.971755
0.998885
1.05092
0.996565
0.825896
1.1725
0.850327
0.938701
1.07731
0.948013
1.05191
1.02092
1.00675
1.08392
1.10103
0.91864
1.16395
0.91074
0.954541
0.972828
0.912405
1.05191
0.998376
0.980461
0.848575
1.02603
1.09757
0.814828
0.91187
0.844284
0.837347
1.01147
0.997831
0.997749
0.883017
1.04636
0.947906
0.881814
1.15967
1.03882
0.908773
1.04942
0.957841
1.01793
1.06499
0.917731
0.855783
1.01729
0.966194
0.915804
0.909237
1.1725
1.13652
0.789806
0.968043
1.09255
1.09754
0.860426
0.784355
1.18447
1.06393
1.00242
1.04878
1.11751
0.961406
0.988779
1.12604
0.851392
0.980358
1.02461
1.01787
0.837709
0.950004
0.991367
0.929185
1.10505
0.936087
0.894037
0.970545
1.08137
0.768756
1.02985
0.979977
0.881808
1.13953
1.08577
1.04868
1.03732
0.736641
0.971079
1.11277
0.884739
0.891264
0.829965
1.024
1.07725
1.00986
1.04877
1.1354
1.08681
0.912303
0.973569
1.19081
0.957819
1.01868
0.748978
0.946
0.945642
1.10207
1.01836
0.907276
1.02812
1.29754
0.884781
0.807781
1.11213
1.08308
1.112
1.14104
1.07137
0.933708
0.953439
1.00873
1.01507
0.837751
0.904118
1.16796
0.828524
0.997517
1.04073
1.12509
1.00737
0.909767
1.12854
1.08549
0.997334
0.957171
0.906719
0.970898
0.930599
1.04704
1.18191
0.871655
0.889468
1.09488
0.994854
0.954182
1.02175
1.11525
0.897331
1.07458
1.07966
1.17205
0.99911
0.954429
1.13597
1.07798
0.926289
1.01476
1.23897
0.939877
1.16151
1.0212
0.846374
1.21196
0.924029
1.03073
0.88224
0.950878
0.980655
0.901332
0.975114
1.04095
0.945137
0.937785
0.885817
1.34882
1.0081
1.07071
1.02654
0.925091
1.09026
0.906268
1.09586
0.958712
1.05741
0.907077
0.916272
1.04965
1.18859
0.922443
0.880407
1.09703
0.988876
1.00168
1.1314
1.05429
0.919233
0.839436
1.05753
1.14846
0.852559
0.92266
0.932191
0.974063
0.911666
1.11623
1.14482
0.920653
0.887111
0.940088
0.937875
0.86118
0.979885
1.04437
1.12767
1.00312
0.874948
1.09268
1.10425
1.02256
0.951164
1.17234
1.09104
1.04772
0.940049
1.05989
1.18439
1.33624
0.872847
0.918132
1.02597
0.913602
0.995363
1.06683
1.03544
0.978048
0.990388
1.08833
1.12539
1.04787
0.987856
1.15065
1.01362
0.994108
1.22759
1.12004
1.05855
1.13731
0.930393
1.07406
0.901709
0.994076
1.12147
0.940139
0.843806
0.993417
1.10048
0.93193
0.946429
1.01794
1.00721
1.07966
1.16883
1.05528
1.0898
0.990772
1.05594
1.27603
0.952183
1.16755
0.858078
1.05227
0.871332
0.956659
0.945842
1.21678
1.12083
0.961926
1.10104
1.21425
0.8837
0.945126
1.06526
0.917638
0.965539
1.09807
0.949987
0.877991
0.889575
0.927625
0.970593
1.01182
1.09769
0.976018
0.899462
1.03742
1.11687
0.851776
0.817782
0.948328
1.26702
1.05723
1.03499
0.921803
1.06191
1.02159
0.981518
0.889532
1.00543
0.897929
0.969543
1.13146
1.13005
0.971429
0.947213
0.888637
1.05715
1.04623
0.953835
0.959649
1.01095
1.05227
0.854254
1.21365
0.871926
0.846107
0.853325
0.962228
0.806313
1.10068
0.91815
0.91164
1.11175
1.03021
0.864591
1.03174
1.03833
1.15049
1.07523
0.986018
1.01713
1.06655
0.940881
1.13134
0.88182
1.02021
0.716412
0.883165
1.03333
0.94158
1.15156
1.09713
1.11399
1.01879
0.954173
1.00996
0.971184
1.26275
1.1817
1.21558
0.966346
0.822369
0.918778
1.07457
1.0789
1.00257
0.98873
1.05463
1.05336
0.954241
0.969712
0.839915
0.838915
1.02625
0.922493
0.999487
1.01614
1.02064
1.09602
0.862518
1.25
0.918501
0.884118
1.04021
1.05513
1.05259
0.838945
0.967466
1.20508
1.07983
1.10729
1.09403
1.00043
1.11565
1.06277
1.16021
0.839878
0.857911
1.00448
1.14224
1.07311
1.24239
1.05683
1.01753
0.894974
0.971179
0.903463
1.03859
0.885462
0.87343
0.785062
0.907515
0.971207
0.923253
1.0124
1.17539
0.821209
0.918775
0.844434
0.898477
0.998343
1.04151
0.943028
0.901882
0.79901
0.894061
0.798538
1.08397
0.742659
1.18996
1.15552
1.07429
1.06369
1.14936
0.932185
0.986458
1.15848
0.965881
0.762025
0.96067
0.862448
1.06608
0.997919
0.942185
0.998967
0.929142
0.898289
1.05744
0.96624
0.891268
0.991999
0.939087
0.863507
0.997785
1.05358
1.04008
0.807251
0.935619
1.1103
1.06927
0.826126
0.916767
0.91925
1.21016
0.864495
1.08423
1.21908
1.00926
1.09686
0.924627
0.859959
1.01283
1.04219
1.04648
1.07243
0.95947
0.910517
0.87225
1.0669
1.02105
0.84989
0.947364
0.965827
0.893278
0.991041
0.905215
0.855338
0.903585
1.06696
0.972484
0.839394
1.06637
0.961861
0.875031
0.949879
0.940096
0.883017
1.15656
0.847437
0.947495
1.04125
1.05347
0.978695
1.16587
0.929419
1.09232
1.0467
1.15103
0.974228
1.15155
0.787977
1.05108
0.838101
0.829016
0.974043
1.01548
0.9327
1.02056
0.962185
0.858965
0.91425
0.896322
0.97073
1.09808
1.00115
0.97101
1.03911
0.958479
1.07457
0.942239
0.976293
1.18409
1.2557
0.881785
1.02038
1.00831
0.858823
1.10866
1.1186
1.05919
1.12832
1.04767
1.02936
1.09172
1.0187
1.19354
0.984951
1.04207
1.03498
0.990053
1.03686
0.929725
0.998766
0.957883
0.943745
0.999171
0.983411
0.9472
1.11027
0.943275
1.0522
0.895205
0.960678
0.814739
0.92867
1.16421
1.15758
1.01487
1.13457
1.10981
0.953505
0.945329
1.02161
1.13528
0.976134
0.938186
0.846223
0.896329
0.908218
1.04077
1.25918
1.02127
0.942498
1.05267
1.03787
1.15371
0.868027
1.13569
0.91149
1.02685
0.977797
0.848118
0.88108
0.756829
1.14877
0.998296
0.903262
0.926265
0.938478
0.910092
0.963494
1.00052
1.0111
1.02843
1.17491
1.06491
1.08781
0.939545
0.99611
1.24139
1.17773
1.05389
1.07533
1.24488
1.17627
0.884826
0.999503
1.03815
0.994177
1.04454
0.941607
0.936975
0.956657
1.08702
0.953394
0.802198
1.10225
1.07315
0.924174
1.09275
0.934271
0.885209
0.889582
1.03824
0.958686
0.895064
1.04094
0.89495
1.0949
1.11931
1.07509
1.05438
1.05351
0.991758
0.919571
0.920424
0.891059
1.00526
1.05707
0.919197
0.899101
0.920485
1.07059
0.831934
1.15709
1.16389
1.07632
1.00375
0.982429
1.07084
0.983898
0.936989
1.11921
1.01776
0.942788
1.14461
1.04848
0.967951
1.09348
0.964911
1.05091
0.985484
0.919806
1.06846
1.06294
0.868729
0.911933
1.0413
1.00843
0.944646
0.818887
0.971592
1.05696
1.00557
0.889003
1.09364
0.919316
1.09008
0.895133
0.880246
1.07773
1.07366
0.998084
0.844905
1.03338
1.07119
0.988945
0.978642
0.841635
0.8425
1.04164
1.04057
1.13648
1.13643
0.925841
0.897295
0.880977
0.937209
0.978052
1.03826
0.857627
0.749818
0.928305
0.928545
0.93806
1.02868
0.99865
0.886584
1.02409
1.08788
0.937793
0.965444
0.870562
1.00872
0.943047
1.23689
1.18886
0.99247
1.03819
1.19292
1.19339
1.05006
0.907781
1.10412
0.925479
0.875259
0.919719
0.991468
1.1219
0.930416
1.0134
1.12176
0.951617
0.96274
0.875846
1.06824
0.852142
0.930295
0.982768
0.988652
1.00375
1.01187
1.07158
0.912372
1.00525
1.09253
0.96579
1.05761
1.05524
0.994202
0.878981
1.16252
1.05484
0.983354
1.16431
1.04982
0.841966
0.891715
0.982025
1.10468
0.933501
0.979722
1.04568
1.06945
0.989247
1.1566
0.809851
1.12274
1.03039
0.956795
0.906339
0.99073
0.89528
0.922825
0.984646
1.0343
1.12535
1.0783
0.943182
1.01689
1.10036
0.947548
0.953668
1.03427
0.983623
0.820362
0.92669
1.05142
0.95699
0.896913
0.948751
1.16961
1.07532
1.09613
0.98036
0.875738
0.853871
0.997349
0.982685
0.945226
0.939758
1.10125
0.986844
0.994691
1.03545
0.913874
0.990454
1.05115
0.987443
1.02559
0.97971
1.05336
0.981865
1.03644
0.957606
0.97355
1.0294
0.930856
1.12378
1.02106
0.965128
0.783956
1.07683
0.87152
0.99434
0.871169
0.815647
1.11763
0.847144
1.1447
0.932995
1.22941
1.06768
0.997594
1.04665
1.10126
0.867896
1.05171
0.772998
1.15655
0.936673
0.987453
0.945599
1.08477
0.992755
0.9766
1.10977
0.936127
0.943032
1.01521
0.974007
0.869593
1.10382
0.984031
0.949178
1.10336
0.953547
1.04048
1.04994
1.11957
0.942591
0.922454
1.0252
0.85607
1.0388
1.00119
0.89588
1.08156
1.03548
0.94274
1.08892
0.780896
1.08963
1.01618
1.25817
1.08497
1.12839
0.996391
1.17334
0.938761
1.12002
1.04552
0.982234
1.04784
1.00192
1.14387
1.05717
1.08651
1.00904
0.975935
1.00411
1.0772
1.03104
1.12604
1.08079
1.09716
0.937348
0.873287
1.0562
1.03215
1.12233
0.878895
1.01025
1.13659
0.992809
0.88853
0.929926
0.975693
1.06109
0.97408
1.24771
0.987052
1.0596
0.990935
1.10803
1.21071
0.839237
1.23151
0.966708
1.06482
0.995345
0.873454
0.97647
0.960107
0.789371
1.21538
0.938823
1.12199
0.879053
0.96607
0.971396
0.927813
1.00558
1.01555
1.07195
1.02318
1.01258
1.0329
1.00347
0.851133
1.0536
0.968789
1.10176
1.0782
1.02314
0.987294
1.1435
0.786776
0.961016
0.847437
1.01975
0.961797
0.974286
0.913948
0.819639
0.778843
1.05759
1.06476
1.04678
0.976179
0.988891
1.00122
0.884272
0.869704
1.04705
1.00183
1.13212
1.00544
1.00546
0.968171
0.944375
1.18028
1.04178
1.02434
1.03695
0.967596
0.971935
1.13965
0.946253
1.07994
1.02833
0.97527
0.90298
1.05201
1.18359
1.00075
1.18072
1.07271
0.980703
0.962728
0.959926
0.940204
1.38312
0.921336
0.944171
0.965952
0.981917
1.04656
0.898049
0.977787
1.08428
1.02752
0.814171
0.951189
1.20538
0.987419
0.98777
1.11094
1.08862
1.17089
1.02461
0.983555
0.9384
1.21475
0.941572
0.867683
1.01013
0.926181
1.07292
1.09866
0.900516
0.942975
1.08618
0.875298
0.977654
0.996357
0.884021
0.905717
1.14011
1.08869
0.968989
1.04898
1.11164
0.89264
0.962283
0.978784
0.904965
0.925906
0.920615
1.11117
0.872778
1.11745
1.05583
1.02951
1.05781
0.983447
1.03765
1.00694
0.990421
1.0538
0.948995
0.851053
1.01585
1.05842
0.901374
0.936258
1.02944
1.05376
0.890459
0.998336
1.01644
1.02052
1.08263
0.923101
1.01662
0.885838
1.04758
1.10418
0.895456
1.06088
0.904483
0.990818
1.0484
1.08069
0.9967
1.0312
0.959221
1.02008
1.04741
0.979544
0.842456
1.0423
0.913924
0.946299
0.991998
1.0209
0.954031
1.25936
1.13635
1.01229
0.925172
0.922038
0.838079
1.0683
0.909928
1.13567
1.15417
1.08224
1.17377
0.9448
0.897516
1.07658
0.941385
0.850873
0.91084
0.93725
1.13134
1.0512
0.972624
1.04518
0.970961
0.961717
1.03728
1.08293
1.04429
0.863404
0.883143
0.918312
1.19031
1.01341
0.935692
0.955391
1.0775
0.945369
0.94494
1.03248
0.949333
0.961924
0.924309
0.957377
0.965204
0.786964
1.00166
0.856481
0.993938
1.01067
0.973148
0.847937
0.879262
1.09293
0.873456
1.03388
1.1385
1.09265
0.934255
1.25423
0.916484
1.22361
1.01333
0.814919
1.00327
0.867946
0.975938
1.00741
0.878654
0.866328
1.01361
1.13261
1.10285
1.0805
0.900617
0.956902
0.86334
1.0815
0.872644
1.00092
0.987457
0.938576
0.982128
0.882717
1.11868
0.82285
1.10134
0.86546
0.855833
0.876182
1.06512
0.784789
1.17766
0.828821
0.993187
1.17429
1.06162
1.05407
1.07369
1.01951
0.915271
1.02008
0.954521
1.07168
0.997331
1.00845
1.16675
0.996118
0.995259
0.976975
1.05052
1.08578
0.843384
1.04601
0.777669
0.966917
0.933198
1.00937
1.02878
0.897489
1.03884
0.86487
0.895516
0.965375
1.13652
0.956737
1.02111
0.83621
1.16824
0.911265
0.933
1.02357
0.842807
0.909581
0.853029
0.89543
1.01929
1.01576
1.15533
1.03565
0.925509
1.07355
0.745549
0.912755
1.01941
0.970525
0.952723
1.13819
1.18475
1.12029
1.04231
1.13771
1.16228
0.96226
1.07308
0.904325
0.994687
1.06195
0.876681
0.859682
0.951951
1.01137
1.11274
0.992799
1.06509
0.964987
1.10491
1.10574
0.881712
1.0266
1.01125
0.980724
1.07315
1.03199
0.878176
1.08694
1.10727
0.88987
0.978621
0.801695
1.07399
1.02801
0.985729
0.945342
0.934358
1.03011
0.999341
0.985019
1.11311
0.915599
1.1066
0.998626
1.16296
0.994311
0.812905
1.08638
0.981256
1.03095
1.06429
0.98351
1.05573
1.09183
1.1335
1.05879
0.996896
1.02804
1.10393
1.02081
0.918343
1.02776
1.01521
1.12765
0.974465
1.1177
1.18906
1.03633
1.09586
1.11794
1.00866
0.941458
0.802278
1.05733
0.921495
0.927045
0.957611
1.05841
1.00603
1.15411
1.01237
1.07248
1.03338
1.1183
1.01686
0.89251
1.01555
0.940558
0.92012
0.924095
0.959573
1.10197
1.04229
0.845947
0.91774
1.10108
1.08589
1.1275
0.976166
0.83365
0.999975
0.938347
0.951058
0.953424
0.999085
0.758844
1.09495
0.943176
1.09088
0.884485
0.973808
0.961849
0.923964
0.882554
0.947388
1.09592
0.825162
0.994029
0.87241
1.03364
0.750768
0.974882
1.05936
0.850154
1.01007
0.932787
1.04544
1.05615
1.1433
0.961444
0.940222
1.15953
1.09012
1.08033
0.909403
0.997609
0.900929
1.16864
0.966316
1.03888
1.00397
1.00951
1.00976
0.859892
1.10324
1.0091
1.01089
1.0785
1.05154
1.08177
1.01499
0.82679
1.1576
0.964377
1.05295
1.07037
1.00936
0.820011
0.913547
1.0995
0.872492
1.05454
1.09642
1.00413
1.03686
1.01312
0.939456
1.04969
1.03976
0.968759
0.986328
1.14197
1.05536
0.957655
1.1034
1.01272
1.02154
1.00759
0.876027
1.02092
0.841867
0.974925
0.900986
1.06907
1.15473
0.831094
0.929016
1.01897
0.871773
1.08824
1.05532
1.08692
1.15743
1.03084
0.93144
1.05353
0.971766
1.10652
1.10886
0.990334
0.94564
0.954319
1.00019
1.07094
1.18085
0.903243
1.10839
1.09932
1.15776
0.976377
0.810478
1.0193
0.840395
1.07959
0.769178
0.881112
0.965394
0.883612
0.972056
1.05179
1.06529
0.987731
1.14459
1.18421
1.1799
1.05643
1.00186
1.06851
0.911834
1.0163
1.18228
1.03601
1.0019
1.01824
0.961593
1.16174
1.04398
0.918424
1.1264
0.977059
0.951042
1.08038
0.976583
1.05723
1.11499
1.01175
0.969481
0.770666
0.836076
1.01663
0.933761
1.0059
1.14468
1.09427
1.02346
1.18567
1.06022
1.14725
1.07307
1.09279
1.22289
1.01459
0.969093
1.01131
1.12845
0.963605
0.994916
1.10869
0.989073
0.996406
1.09179
1.04075
0.960444
1.08768
1.06963
0.933123
0.927293
1.04432
1.0792
1.05425
0.899205
1.10567
1.02959
1.04412
1.06927
1.06729
1.0201
0.973119
1.08761
1.03912
0.97864
1.04129
1.0427
1.02459
0.852806
1.12929
0.892712
0.960346
1.05689
1.02607
1.04237
0.959772
1.05604
0.982986
1.09621
1.00389
0.857824
0.918839
0.818837
0.904369
1.04641
0.906239
0.91488
0.946197
1.22873
1.02891
0.834507
1.02118
0.887894
0.872496
1.05402
0.825737
1.02707
0.941954
0.86505
0.813542
1.07201
1.04859
0.881945
0.927189
1.02762
0.902318
0.980905
0.981228
1.03834
0.973121
1.04871
0.954855
1.03115
0.945409
0.903593
0.929604
1.0401
0.862855
1.08138
0.954914
1.02889
1.16867
1.05865
0.814896
1.16766
0.988015
0.933439
0.942817
0.896675
1.17419
0.961746
0.804399
1.04752
1.13217
0.99102
1.0017
0.957115
1.16451
1.15914
1.0202
1.03621
0.887522
0.974193
0.746154
0.846778
0.959922
0.961361
1.08123
0.955064
1.12172
1.03872
1.00575
1.06595
0.824793
1.01557
0.91748
0.992428
0.879552
0.900282
0.875493
0.966149
1.02686
0.785518
1.09368
1.21274
0.884737
0.883641
0.824689
1.00119
0.901963
1.0082
0.906297
0.967463
1.05487
1.02372
0.998188
0.823871
0.896588
0.935424
0.940412
0.930772
1.08444
0.851735
0.94455
1.05945
0.819779
0.87708
0.831127
0.941469
1.01685
1.14707
0.876997
0.948818
0.8736
0.842103
1.21931
1.06801
0.860042
1.09026
1.06944
0.829189
0.816926
1.1204
0.962287
0.88568
1.03564
1.07497
1.01042
0.796976
1.07413
1.06585
0.933742
0.992264
0.895418
1.12235
0.848573
0.848345
1.03608
0.94117
1.05049
0.86831
1.11043
1.18731
0.868815
1.03196
0.964544
0.777733
0.989232
1.01686
0.938075
0.971306
0.88989
0.949781
0.763206
0.925599
1.20116
0.913272
0.982887
0.953661
1.15939
0.994728
0.966925
0.979437
0.980354
0.860639
1.02115
0.968242
1.07401
0.922913
1.19745
1.01707
1.11323
0.970562
1.01642
0.926234
0.892467
1.08982
0.935981
0.954661
1.11818
1.07872
0.92838
0.973023
1.0753
1.01834
0.96082
1.04726
1.14154
1.00359
0.75969
0.959987
0.890805
1.06598
1.06241
0.910731
0.899464
1.12379
0.900985
1.18125
1.03729
0.919584
0.861819
0.93929
1.07013
1.09351
0.946026
1.02633
0.949018
0.920478
0.825909
0.90251
1.15144
1.01591
0.922555
1.03157
0.980937
0.957745
1.00998
1.0933
0.966592
0.967848
1.02503
1.1292
0.980196
1.18085
0.915893
1.19367
0.978063
1.02043
1.06778
0.996219
0.974385
1.04623
0.832717
0.896148
1.07933
1.00193
0.961591
1.15314
0.964021
1.01662
0.831195
1.15838
1.10367
1.06759
1.07428
1.04745
0.930938
1.01648
1.02264
0.960519
1.15749
1.20981
1.10446
0.946553
0.923005
0.976426
0.934243
0.833059
1.04903
0.973046
1.19006
0.898051
0.967636
0.979986
0.94614
0.986492
0.999564
0.94213
0.811095
1.03326
1.03872
1.12122
1.0032
1.01439
0.944101
0.984918
0.9692
0.874223
0.960131
1.16925
0.977824
1.08446
0.962659
1.05855
0.990476
0.993803
0.845319
0.898169
1.16478
0.797519
0.957211
1.04616
0.953751
0.822111
0.996154
1.08342
0.939202
1.04873
0.955521
0.861359
1.11921
0.997275
0.858884
1.07538
0.86257
0.930478
0.865303
0.89667
1.07547
0.946543
1.10926
1.14752
1.07009
1.05067
0.896722
1.02575
1.21443
1.05303
1.03883
1.14921
1.00718
0.827598
1.14587
1.24528
1.17617
0.977843
0.99221
0.96452
0.93949
1.09777
1.09255
0.890378
0.933095
0.931468
0.817519
0.901871
1.05155
1.1111
0.959063
0.96639
1.03356
1.0494
1.1209
0.926058
1.00605
1.04291
0.98934
1.02007
1.03483
0.916101
1.03824
1.0427
0.935345
0.954779
0.872925
0.898662
0.968372
1.05049
1.0398
1.10192
1.00694
1.01711
0.978349
1.25505
1.09461
0.889622
0.916614
0.923791
1.04453
1.0582
1.0047
1.28553
1.08368
1.08889
1.1645
1.03323
0.851557
1.14664
0.839079
0.987021
0.998387
1.04899
0.981466
0.883097
0.882071
1.13991
0.809419
1.01854
0.983248
0.885896
1.07497
1.00465
1.01481
1.08878
1.05121
0.906955
1.2251
0.931924
0.966564
1.03854
1.10775
0.879744
0.785674
1.11865
1.17573
0.93095
1.13486
1.07992
0.929274
1.15461
1.11399
0.883642
1.06681
0.97253
1.03236
0.977693
1.09251
1.1904
1.12806
0.961006
0.808704
1.0314
1.04587
0.823274
1.01956
0.972556
1.05576
1.05001
0.981839
0.947777
0.922897
0.974039
1.15758
1.08868
1.08909
0.887156
1.02947
0.984777
1.16595
0.977303
1.10986
0.848649
0.958342
0.868541
1.06774
1.01186
0.969263
1.16048
0.781749
0.887907
1.08088
0.965918
0.976231
0.948859
0.962172
1.06032
1.13681
1.13089
0.914363
0.782434
1.14972
0.886794
0.902456
0.938627
1.0041
1.05991
1.08004
0.918175
1.126
1.09394
1.09818
1.06956
0.862984
0.932179
1.07137
1.04047
0.947135
1.09966
1.01585
1.05825
0.932846
1.0336
1.13782
0.969886
0.809025
0.937267
1.071
0.956815
0.928779
0.985457
0.932336
1.1066
0.821823
0.961732
0.865124
1.13667
0.839999
0.751437
0.958297
0.889569
1.01971
1.05063
1.04864
0.955334
0.959939
0.983394
0.990505
0.91669
1.10021
1.02265
1.04329
0.840595
0.957529
1.11409
0.98567
0.999491
0.879467
0.953612
0.995099
0.895942
0.959629
0.837127
0.984264
1.02637
0.983825
0.940835
1.16952
0.854208
1.12455
0.9975
0.978279
0.948974
1.20709
0.780726
0.875441
1.00441
0.958009
0.963521
1.26446
0.948892
0.855491
0.815008
0.931534
0.850756
0.977739
1.09269
0.963504
1.04288
1.08255
0.962178
0.972043
0.969222
0.959426
0.946508
0.949639
0.897963
0.978828
1.08916
1.06384
1.1475
1.01617
0.965993
0.869224
0.817525
0.982894
0.906135
1.04466
0.951282
0.907844
0.970877
1.05456
1.00739
0.738501
0.78235
0.809473
1.16873
0.977857
1.05026
1.00729
0.832401
0.874663
0.85796
0.961596
1.13249
0.945137
0.91033
0.975157
1.1706
1.09373
1.02002
1.02379
0.934942
1.03701
0.956962
0.90149
1.05429
0.813668
0.953921
0.879341
0.95142
0.897967
1.06864
0.854788
0.905583
0.88208
0.990014
1.01995
1.0533
1.01488
0.914713
1.13939
0.935707
0.923234
0.984976
0.842877
0.81454
0.911889
0.837151
1.02961
1.0131
0.830956
1.02933
1.06006
0.962246
1.16021
0.996437
0.965466
1.05092
0.820388
1.02518
0.969444
0.895095
0.842415
1.07077
1.09693
1.10178
0.924626
1.11157
0.937515
0.985485
0.919652
1.0524
0.832966
1.09616
0.939428
0.916487
0.989448
0.807666
1.06286
0.965651
1.11233
1.04874
1.10643
1.07595
0.952738
0.920467
0.989769
1.04723
0.971083
0.94906
0.995443
0.990153
1.09101
1.09325
1.01454
0.982737
1.01715
0.960745
0.935766
0.950452
1.01852
0.948541
1.07198
0.984324
0.78172
0.982977
1.10074
1.14023
0.936791
0.904547
1.10269
1.07629
0.827204
0.939761
0.887446
1.03317
1.01215
0.946995
1.01285
1.14755
1.02826
1.17144
0.989196
0.873265
0.891287
0.876497
1.06333
1.19582
0.973455
1.0026
0.87748
0.936886
0.999316
0.88299
0.995865
0.96442
0.911413
1.12097
1.13644
1.14366
0.882239
0.979419
0.792945
1.07885
1.02403
0.864068
0.963145
1.00841
1.072
1.03561
1.0841
1.05206
1.01332
1.02581
0.981734
0.95007
1.2758
0.946219
1.02955
0.976257
0.960129
0.900039
0.921924
1.11101
1.07721
1.06665
0.923924
0.871624
1.06997
1.17189
1.0362
1.00405
1.02929
0.89157
0.916509
0.977984
0.980717
0.79744
1.18775
0.993826
0.89751
0.98328
1.02698
1.03182
1.05316
0.930543
1.09643
0.97138
1.10465
0.886473
0.908281
1.12188
0.8722
1.14413
1.21017
0.932925
1.05382
1.20331
0.995927
0.86957
0.955718
0.987881
0.980182
1.12968
0.92165
1.07454
0.852011
1.0715
0.924906
0.928306
0.866278
1.07087
1.15601
1.09282
1.15531
1.18934
0.966133
1.13998
0.915213
0.959842
1.03242
1.16964
0.972262
1.21373
0.917637
0.831119
1.1175
0.964487
0.880589
0.813357
0.967566
1.03315
0.896376
0.852751
0.857274
0.914875
1.12817
0.978164
0.869269
1.08055
0.912754
0.961696
1.22012
0.959173
1.2197
0.950355
0.959959
0.880045
1.13349
0.881935
0.984777
1.02407
0.868654
0.834442
0.956288
1.06747
1.03688
1.11044
0.941131
0.880145
0.936957
1.01764
0.926153
0.8561
0.89158
1.07947
0.960949
0.864908
0.789679
0.982953
0.936538
1.16548
1.01957
1.0295
1.08911
0.978205
1.17048
0.940592
1.15971
1.19309
0.959376
0.887419
0.86491
0.737858
0.900108
0.886348
1.06864
0.779327
0.918646
0.92957
1.03874
1.16199
0.912866
0.8426
0.937638
0.996203
0.991851
1.13618
0.936837
1.05649
0.911373
0.906933
0.904475
0.904047
1.0811
0.98815
0.937234
1.09823
0.980803
1.05636
0.871271
0.99339
1.06069
0.9954
0.895048
1.16868
0.911083
1.09367
0.975659
1.10219
0.985188
1.07314
0.845429
0.971019
0.869603
0.886598
1.05185
0.952941
0.872952
0.834561
0.978908
0.895329
0.917731
1.07249
1.27974
1.04693
1.04573
0.911423
0.93623
0.956459
0.95543
1.14033
1.00311
0.986892
0.985663
1.01184
0.813663
1.14504
0.810635
0.888371
1.12939
1.03889
1.07703
0.835637
0.88069
0.909552
1.09003
1.15078
1.11516
0.995082
0.925757
0.94659
1.07145
0.927337
1.14364
1.05503
0.914753
0.968988
1.11119
1.0715
1.04337
0.889443
0.940341
1.10426
0.902859
1.00673
1.03002
0.93423
0.933537
1.02233
0.956358
0.987093
1.04437
1.00557
0.880671
0.953422
0.977399
1.06245
1.08768
1.19091
1.34721
1.07249
0.849836
1.1822
0.898227
1.0756
1.07583
0.948993
1.16099
0.950773
1.14233
1.07715
1.06853
1.03649
1.02917
0.975018
0.937186
0.87081
0.956682
1.12526
0.979732
0.867393
0.954258
0.997533
1.11449
1.03601
0.781876
0.86509
0.947153
1.06652
1.03966
0.830213
0.979653
0.985569
1.12144
0.998575
1.04585
1.08569
0.99908
1.06155
1.09656
1.0132
1.00965
0.956108
0.963002
0.932764
0.88515
0.939875
0.816382
0.859639
0.988605
1.14939
0.869054
0.936913
1.06836
0.949705
0.9205
0.998786
1.04091
1.03113
0.900183
0.921264
0.949702
0.986837
0.814777
1.1769
1.03459
0.847473
0.962566
0.937012
0.926301
1.01456
0.930294
0.963711
1.02154
0.910069
1.03692
0.883682
0.984012
0.964607
1.09182
0.910552
1.05941
1.14675
0.990078
0.894669
1.05561
0.924143
1.0848
0.926868
1.00677
0.989967
1.04483
0.925925
0.981399
0.751043
0.932878
0.976235
0.933183
0.977099
0.98851
0.910931
0.929866
0.894488
1.00167
1.12443
1.01439
1.01631
0.903607
1.11713
0.918966
0.934406
0.905748
1.05674
1.06876
0.812857
0.980409
1.07674
0.982625
0.947532
1.11115
1.07398
0.903771
0.953995
0.969638
0.856766
0.999615
1.14702
1.06452
0.929636
0.997078
1.18352
0.932468
1.06531
1.12303
1.1005
0.957338
0.984028
0.924551
0.952798
1.11027
1.08137
1.15299
1.05038
1.09302
1.02237
0.930273
1.06947
1.25349
0.901962
0.957365
0.989246
1.32014
0.932353
1.03504
1.1575
0.918026
1.1771
0.998627
0.892673
0.936706
0.934534
1.14654
1.04493
0.955281
0.898225
1.00229
0.954459
0.959508
0.920061
1.00817
0.999167
1.16722
1.14308
0.99356
1.12414
0.98298
0.933465
0.975193
0.904104
1.13409
0.919693
0.902797
0.858767
1.00811
0.982461
0.855145
0.755852
1.01658
0.934038
0.916644
0.974853
0.928378
1.16194
1.00344
0.80145
1.05346
0.917036
1.00766
1.0559
1.05306
1.30008
1.00463
0.872362
0.973088
1.20029
1.10982
1.01311
0.90792
1.00511
0.97571
0.916715
1.14902
0.930614
0.856238
1.09468
0.785291
0.951673
0.873793
1.00432
1.11768
1.08173
0.90089
1.24655
0.925447
1.08399
0.948299
0.92431
0.96989
1.06581
0.941613
0.936686
1.14004
1.27946
0.845238
1.16687
0.926257
1.10467
0.965809
0.95089
0.978544
0.997574
0.867443
1.06328
0.975627
0.865937
0.947021
0.971967
1.02447
1.14552
1.01577
1.05186
0.884117
1.00555
0.99754
0.961781
0.91649
0.878906
0.96861
0.873088
0.997611
0.88739
0.987701
1.04334
1.10971
0.870701
1.11994
0.943525
0.888505
1.00664
0.998072
0.749039
1.26362
0.974644
1.0222
0.876935
1.03554
0.935521
0.923564
0.991534
0.993458
0.849124
0.80531
1.04234
0.991633
1.23335
0.832766
0.936651
1.12903
0.996134
1.1895
1.10061
1.04373
1.0147
0.896229
1.04632
0.89348
0.843238
0.929212
1.00583
1.07998
0.83772
0.971207
0.816701
0.899542
0.938339
1.03778
1.18237
0.88116
0.835971
1.21262
1.10443
1.1617
0.792515
1.11591
0.889669
1.00135
0.945602
1.12065
1.27108
1.21831
1.05158
0.911104
0.921428
0.929819
0.863294
0.813884
0.976646
0.986285
0.948099
1.02051
1.01839
0.86985
1.10104
0.842251
1.09744
0.930197
1.01872
1.00988
0.971678
0.866954
0.877308
0.939911
1.09734
0.946635
0.918723
1.05369
1.06494
0.933864
1.0227
1.08535
1.02007
0.94221
1.07521
0.810286
0.936672
1.16766
0.949001
0.95874
0.977947
0.995588
0.972364
0.982503
0.987148
0.930522
1.09087
1.17893
1.03357
1.17754
0.960423
1.24059
1.22081
0.768858
0.719419
0.920905
1.09676
1.04011
1.09366
0.950368
1.00187
1.08375
0.908102
1.04011
1.02787
0.907191
1.00464
0.998204
0.976996
1.14001
1.10153
0.973395
1.03382
1.03892
1.07593
1.01953
0.902039
1.15134
0.93832
0.963309
1.06023
1.17202
0.980403
0.867805
0.968613
1.0628
0.989871
1.19707
0.920034
0.944945
0.927229
1.10451
0.923491
0.974112
0.976043
1.07909
0.957586
0.844923
1.13991
1.04176
1.08725
0.858266
1.07168
1.00179
0.931438
0.908656
1.02751
1.01207
0.972042
1.02028
1.09634
0.978907
0.952552
0.972875
0.943374
1.01573
0.990774
0.891564
1.05556
1.0419
0.981756
1.02796
0.911378
1.06453
0.86162
0.939838
1.05239
0.869113
1.03793
0.972119
0.872291
0.956697
0.943873
1.10946
1.06963
1.23225
1.04677
1.0727
0.818491
0.892502
1.10083
1.08805
0.911748
1.00574
1.12414
0.990828
1.26922
0.928897
0.993922
1.16383
1.09896
0.905903
1.02306
1.19984
1.02418
0.986746
1.14314
1.05223
1.03097
1.02372
1.03003
0.983759
1.00352
0.924566
1.09299
0.912291
0.913878
0.914019
0.899462
0.94497
0.83802
0.925891
0.94118
0.981797
0.822645
1.06799
1.1246
1.06596
1.01992
0.922725
1.11437
1.07387
0.9465
1.17627
1.10173
1.13481
1.01429
1.04182
0.848982
0.868571
0.855858
0.963572
0.857846
0.841578
0.889393
0.940732
1.01387
0.766094
0.926521
1.25464
1.06102
0.993084
0.990659
1.04256
1.12825
1.03417
0.945477
1.17721
0.910814
0.906107
1.00118
0.954578
0.836054
1.08389
0.914202
0.871767
1.11394
0.922966
1.20778
1.05856
1.02154
1.02866
1.06874
1.03364
0.964674
0.847216
0.987303
1.00176
1.18246
0.829012
0.890422
0.965805
1.16845
0.892232
0.940582
1.0046
1.10746
1.2757
1.00268
0.925243
0.986875
1.07202
1.14683
0.984724
1.00558
1.10486
0.949204
1.04714
1.03259
1.0449
1.09209
0.887388
1.17227
1.11194
0.937335
1.06729
1.05592
0.980191
1.02707
1.1004
0.96665
0.951852
0.904453
1.09354
1.02731
0.914744
1.0684
1.07972
0.973836
0.909331
0.811256
0.856986
1.02168
0.96027
1.01794
1.05199
0.912841
0.862531
0.97847
1.0803
0.935007
1.04488
0.994143
1.03672
1.006
0.981134
1.11309
0.901834
1.11204
0.919733
0.843156
1.10044
0.993381
0.869798
1.03363
1.08771
1.04521
0.959861
0.923171
1.074
1.02575
1.07105
0.874444
0.976054
0.97868
0.852178
1.05101
1.15349
1.06886
0.947998
0.973693
1.01222
0.940389
0.976408
0.973801
0.856253
1.07913
0.894179
1.01824
0.744765
1.06859
1.06242
0.957781
1.03526
1.00866
1.04113
1.11855
1.00843
0.913374
1.02335
1.08464
1.02853
1.11421
1.06303
0.921393
0.888527
0.881032
1.19379
1.02281
0.851648
1.13926
0.922117
1.03061
1.03573
0.925238
1.20992
0.987924
0.965964
1.03603
0.950913
0.937757
1.03939
1.16767
1.06562
0.960144
1.15183
0.835874
0.963838
1.06272
1.01289
0.942029
0.936154
1.11738
1.05116
1.2022
0.986455
0.92349
1.01072
1.24268
0.893674
1.035
1.0616
1.23318
1.00016
1.02695
1.12531
0.973759
1.06442
0.95373
0.953978
1.02957
1.10949
0.989513
0.991263
1.11036
0.989269
0.83965
0.967927
1.1724
1.09017
1.07509
1.05692
1.00445
1.06383
0.923455
0.967729
0.922493
1.01612
1.00322
1.01007
1.02465
0.851676
0.945594
0.89067
0.844181
1.07431
0.973336
1.11242
0.996475
0.857827
1.00092
0.937101
1.16758
1.02694
0.925262
0.919598
0.89467
0.832728
0.85531
1.17789
1.0513
1.06985
0.963349
1.06753
1.04271
0.934922
1.0503
1.0513
1.05237
1.13171
1.0198
1.20886
0.907043
1.19853
1.08166
1.04049
1.13397
0.994509
1.12554
0.983147
1.02455
1.07119
0.942924
1.00584
0.832654
0.945534
1.22122
1.01509
1.03622
0.880132
1.09893
0.801989
0.997617
1.0683
0.965155
0.893031
0.964543
1.06102
0.934598
0.854323
0.970581
0.966173
1.06083
1.02558
1.00079
1.13839
1.14423
0.85838
0.903127
0.910911
1.13939
0.956813
0.913316
1.29523
1.03454
1.06626
1.14603
0.761532
1.04067
0.815689
1.01432
0.954572
0.86369
1.15821
1.02205
1.08497
1.01138
1.02784
0.930481
0.816704
0.908112
1.06927
1.05071
0.91513
1.07269
1.16696
1.14376
1.01008
0.894735
0.811632
0.938721
1.15159
1.07068
0.933144
0.959446
1.20242
0.994694
1.00474
0.972175
1.13675
0.935693
1.16748
1.00021
0.886093
1.06568
0.851188
0.87472
0.956764
0.805323
0.970227
1.07491
1.04515
0.840049
1.04981
0.878518
0.873352
1.03321
1.16151
0.930867
0.905984
1.12418
1.01366
1.05005
0.979742
1.10803
0.889226
1.08888
0.942696
0.977824
0.816846
0.922615
0.958714
1.02868
1.03654
0.90501
0.989728
1.01836
0.973962
0.992483
0.967677
1.10299
1.14094
1.02467
1.07902
1.00657
0.968189
0.935036
0.864953
0.778273
0.729005
1.18717
1.04134
1.09581
1.10632
0.984847
1.06872
1.10789
0.89398
1.0498
0.843742
0.893466
0.883476
1.0353
1.00602
1.03373
1.00438
1.19453
1.18426
1.13513
0.960609
0.941225
0.94531
0.89741
0.9702
1.11606
0.976853
1.09989
0.91774
0.909699
0.911291
0.856914
0.89505
0.992438
0.882016
1.058
1.15417
1.03242
1.11167
0.952416
0.829385
1.0372
0.938114
0.828424
1.03299
0.940692
1.05086
0.930401
1.03226
1.01636
1.1055
1.01396
1.02116
0.986126
1.19418
0.892603
1.01499
0.880612
1.08708
1.04719
1.17101
1.03871
1.1271
0.905914
1.00033
1.00057
0.896121
0.906923
0.967628
0.981162
0.892035
1.20653
0.918593
1.08723
0.917935
0.997003
1.04564
0.94845
0.896224
1.08752
0.907591
1.06641
0.985722
0.941626
1.00107
1.01582
1.12657
1.08011
0.921315
0.948698
1.10316
1.02862
0.985555
0.939183
0.83242
1.23675
0.962482
0.870081
1.14118
0.92999
1.11507
1.05971
1.02495
0.825816
0.924812
1.04806
1.09164
1.02205
0.885512
0.910729
0.822841
0.998906
1.03232
1.00588
1.06224
0.829548
0.999441
1.05968
0.916441
0.970401
1.0575
0.989026
0.928826
0.985628
0.963544
0.995722
0.966237
1.02372
1.00757
1.0183
0.945048
0.906037
0.94993
1.05352
0.979531
0.864455
1.11676
0.978137
0.909302
0.946895
0.839908
0.995116
0.963412
0.902802
0.998901
1.03238
1.09283
0.922192
1.11705
0.770753
1.18091
1.14005
1.1328
1.02559
0.899254
1.20619
0.906152
0.859621
0.937039
1.00052
0.986599
0.896473
0.987711
1.07519
1.10951
0.904923
0.97879
0.909832
0.752277
1.03295
0.998544
0.995229
1.00289
0.978979
1.07183
0.921951
1.25968
0.871509
0.90076
0.733945
1.06189
0.842486
0.993531
1.29517
1.09956
0.903994
0.984324
1.00535
0.963736
0.861898
1.16705
1.07278
0.937698
1.09009
1.07059
0.915302
0.987957
0.867524
1.04915
0.887229
0.956616
0.847278
0.934061
1.02264
1.06331
1.03326
0.840665
1.01043
0.955607
1.04463
1.04328
0.907332
0.888861
1.02141
1.22596
0.927261
1.16959
0.913779
0.94646
0.913888
1.15151
1.12346
0.82281
1.10854
1.34254
1.0208
0.977337
0.989081
0.89894
1.07948
0.905227
1.08506
0.760496
0.987938
0.947189
0.912155
0.969349
0.926125
1.1075
0.935108
1.06166
1.04385
1.03397
0.935298
1.10018
1.13522
0.824956
0.872457
1.00204
0.954832
1.104
0.958357
0.929016
0.871299
1.11236
1.02946
1.06472
0.947518
1.00729
1.165
0.996615
1.19138
1.06153
1.1596
1.17489
1.20572
0.934524
0.944024
1.04472
0.992836
1.11505
0.953358
0.989488
0.80493
0.974694
1.06258
1.15356
0.887966
0.965647
0.955992
1.03111
0.917923
1.1807
0.919361
0.904891
1.15035
1.12606
0.975502
1.04976
1.08891
0.984777
0.902041
1.18848
0.875846
1.19561
1.05393
1.07078
0.93839
0.863733
0.929482
1.03402
1.11002
1.06078
0.990651
1.06613
1.0183
0.974404
0.86707
1.00968
0.998531
0.823624
1.03001
0.929821
1.18891
0.973792
0.911729
1.0144
1.21042
0.922364
0.921367
0.909028
1.09797
0.920031
1.0123
0.907249
1.02138
1.0474
0.904169
0.996195
0.918958
0.944802
1.02153
1.08682
1.00368
0.950373
1.0199
1.12622
0.859877
1.07612
1.15641
0.832911
1.03856
0.877952
1.20232
0.911079
1.05733
0.974988
1.08829
0.922384
0.944103
0.88589
1.05041
0.929063
1.04641
0.896241
1.03476
1.20745
1.08038
1.02224
1.07556
0.878643
0.996863
1.07859
0.915084
1.06823
1.0348
1.21427
0.953179
1.23564
1.20831
1.03925
1.04456
1.04476
0.965336
0.936213
1.15081
0.990212
1.06752
0.849534
0.888771
0.953493
1.05138
1.03445
1.14774
0.889427
0.87492
0.971743
1.08002
1.01728
1.08431
0.948682
0.983231
0.971432
0.891158
0.946637
0.989137
0.863469
1.15403
1.0148
0.930452
0.981421
1.07786
1.35019
0.919127
1.05324
0.939759
0.964164
1.06445
0.951464
0.974037
1.0017
1.15313
1.02764
1.03825
1.05506
0.992827
1.02077
0.944774
1.12473
0.911955
1.03561
0.928236
0.903737
1.03446
0.915918
0.790278
1.33346
0.854096
0.927407
1.11469
0.984447
1.03472
0.91673
1.05046
1.00293
0.921119
0.930071
1.1714
0.94062
0.943013
1.08832
1.08278
1.08353
1.0161
1.0183
1.00409
1.13419
1.08305
0.923047
1.09537
1.13638
0.98359
0.893197
0.987019
0.927222
1.03382
1.06237
0.925886
0.93672
1.03128
1.01273
0.806977
1.08543
1.06786
1.13844
0.878371
1.07841
1.0276
1.02952
1.09788
1.10651
0.784392
0.872041
1.28636
0.998942
1.07908
1.02726
1.08948
0.8459
1.06306
0.894828
1.10137
1.14622
0.950815
1.00075
1.18227
1.1705
1.00302
1.10739
1.06087
1.03511
0.766862
1.00248
0.894882
1.00336
0.99926
1.04115
0.86143
0.953728
1.09409
1.13254
1.20926
1.12239
1.01117
1.00882
0.95474
1.04068
1.02627
0.991797
1.1065
0.918594
1.07385
0.943242
1.18381
0.972573
0.989057
1.00214
1.00546
0.855916
1.03808
0.895681
1.04533
0.970348
1.07859
0.903034
0.77019
0.976076
0.850624
1.18566
0.978267
1.1385
0.949029
0.860601
1.1866
0.896537
0.985566
1.09531
0.983306
1.0508
1.01117
1.22188
1.04289
0.985796
1.13313
0.970023
1.14464
1.0006
1.1325
1.04052
0.930024
1.04742
1.10619
0.854205
0.874873
1.04722
1.06587
0.813775
0.99942
1.16004
1.12093
1.09388
0.832325
0.849441
1.03834
0.939148
0.912428
1.04565
1.05527
0.978779
0.901319
0.998954
0.947544
0.960077
1.00521
0.859812
0.93738
0.958854
0.980507
0.996154
1.09091
1.03707
0.9048
0.995063
1.0067
0.848285
1.16736
0.864033
1.13702
1.04063
1.03485
1.01102
1.05105
0.960144
1.02495
0.998911
1.07804
0.99072
1.08405
1.0963
1.00363
0.85961
0.93534
0.898516
1.08632
0.988089
1.07705
1.03012
0.929803
0.939396
0.88303
0.896775
1.03612
0.979978
1.09669
0.952796
1.03651
0.960999
0.973378
1.24433
0.826659
0.939146
1.11681
1.08047
1.0433
0.898352
0.889673
1.01942
0.942957
0.97449
0.906096
1.14852
1.0038
0.97568
1.17727
0.911364
1.04227
0.975809
0.819174
0.934547
0.890605
0.904935
0.915783
1.32272
1.04532
0.888829
1.00966
0.916449
1.05856
1.08031
0.992683
1.04116
0.981273
1.04909
1.07883
0.908975
0.776188
0.970276
1.03005
1.26501
0.961287
0.992657
0.852205
0.90766
0.99849
1.06806
0.887533
0.906067
0.968922
1.15146
0.953302
0.98026
1.28349
1.22257
0.915637
0.932408
1.0883
1.05266
0.852743
0.800539
1.05557
0.924832
0.988521
1.01819
0.993485
0.976855
0.941656
0.918253
1.00102
1.17839
1.19747
1.12684
0.906976
0.89854
0.99555
0.964264
1.01829
1.0318
0.960415
1.00172
1.04104
0.888663
0.963175
1.00675
0.934693
1.0365
0.993748
0.980275
0.949211
0.973062
1.12518
0.933864
0.945945
1.03395
0.930972
0.964776
1.09612
1.05979
1.10898
0.952269
0.827234
0.96117
1.03732
0.969517
1.00989
1.0274
1.13407
1.01981
0.883346
1.0676
1.01625
1.01942
1.00328
0.872553
1.12995
1.04225
0.901531
0.756352
1.14553
0.921462
0.975697
1.17071
0.900373
1.10358
1.03521
1.02112
0.849451
0.930896
1.09898
0.992463
0.886955
1.18838
0.965915
1.06407
1.18518
1.07629
0.80877
0.979799
0.890425
1.10818
1.09556
1.06793
0.986977
0.932319
1.02953
1.03614
0.938056
0.873486
1.02272
0.85985
0.925278
0.881971
1.0185
1.01436
1.05412
0.973468
0.981583
0.919636
1.01004
1.0824
1.13432
0.971447
1.00374
1.05553
1.10407
1.00092
0.894989
1.01365
0.994816
1.0507
0.970395
1.01817
0.922549
1.00395
0.974341
1.11306
0.959194
0.995656
1.08019
1.0288
0.973921
1.00456
1.08759
0.84829
0.969842
1.04271
0.912685
0.930655
1.1621
1.00916
1.06705
1.13095
1.01205
0.898208
0.834715
1.1226
0.984912
1.11052
1.19034
0.931393
0.972471
0.980423
1.2197
0.951662
0.961146
1.09163
0.989701
1.09192
1.00515
1.17361
1.04381
1.25222
0.920097
0.992521
1.05668
1.18514
1.09994
0.933165
1.03635
1.00702
1.08587
1.05898
1.10905
1.12014
0.89828
1.03056
0.910516
1.00157
1.08476
0.913675
0.945537
1.03712
0.974236
1.0421
0.983156
1.01669
1.24369
1.05981
0.966917
0.760872
1.13479
1.17152
1.0782
1.11206
0.939053
0.952992
0.969567
1.00199
0.903479
0.927915
1.00567
1.01081
0.900812
1.1452
1.08573
0.93698
0.857861
1.21571
1.02076
1.17057
1.10938
0.940906
0.874233
1.04351
0.938445
0.951957
1.11651
1.01895
0.914796
1.02876
1.20728
0.852054
1.06812
1.06563
1.02668
0.914641
1.12355
0.946432
1.06367
1.04759
1.11521
0.980061
1.13409
1.09121
0.904927
0.858164
0.897068
1.2091
1.07977
0.958808
1.14585
1.029
1.07585
1.11568
1.0336
0.968633
1.07056
1.01101
0.819789
0.897714
0.917999
1.25731
0.985694
1.01286
0.919473
1.00537
1.00584
0.879526
0.985869
0.949307
0.925004
1.02599
1.07012
0.98807
0.99065
1.05484
0.906446
0.968418
0.991058
0.993951
0.972426
0.875489
0.998332
0.981153
0.945327
0.915005
0.871337
1.17183
1.06435
1.00521
1.25639
1.06187
1.01549
1.00447
1.05333
1.11062
0.874103
1.17646
1.06861
0.960076
1.05607
1.01491
1.04457
0.956631
0.931326
0.999582
1.01712
1.28411
1.02142
1.03182
0.967044
1.04712
1.102
0.942966
1.17894
0.944875
1.11056
0.794741
0.87762
0.971799
1.00079
0.804709
1.03274
0.956645
1.0357
0.959264
0.971676
1.00657
0.962751
1.19007
1.02438
0.857102
1.11299
0.926204
1.0727
1.11663
1.0329
0.858056
0.986532
1.18273
1.18261
1.14431
0.833093
1.15369
0.820408
1.02151
0.847921
1.09008
0.946955
1.06981
0.9237
0.864444
1.05158
0.884537
1.11755
0.907344
1.05227
0.909383
0.851819
1.04219
1.11184
1.02548
0.910538
1.04496
0.943704
0.985602
1.09445
0.901001
1.00642
0.988255
0.884201
1.22562
1.05726
0.988512
0.996248
1.1367
0.858061
0.934103
1.12659
1.0749
1.0159
0.939681
1.05026
0.869836
0.878846
1.02694
0.972398
1.03613
1.03095
0.860769
0.886581
0.965612
1.01165
0.961188
1.07098
1.11475
1.1431
0.864683
0.977363
1.18828
0.780292
0.990232
1.10151
1.07752
0.834384
1.18215
1.03158
0.924796
1.03196
0.822333
0.920121
1.08399
1.07857
1.1602
0.984834
1.06786
0.795854
0.857881
1.06877
0.958558
0.940584
0.978696
0.923584
0.970169
0.888794
0.992854
1.08974
1.09279
0.910054
1.11027
1.11033
0.969413
1.22592
1.04457
1.04778
1.00486
1.29734
0.967489
0.905734
1.02115
1.06308
1.00086
0.842935
0.855665
0.970385
0.994737
1.07978
1.12009
1.0014
0.927461
0.948527
0.914819
1.01187
0.930793
0.943626
1.16968
0.903849
0.955733
0.929221
0.988766
1.00263
0.888949
1.0577
1.01292
1.02897
1.01767
1.06605
1.18534
0.957014
0.962036
0.889323
1.07607
0.964231
1.14756
0.93664
0.937258
0.970821
0.9239
1.05166
1.00605
1.24109
1.04579
0.874406
1.01231
1.28371
1.08034
0.964902
1.02293
1.14848
1.04267
0.95975
0.852625
1.19439
0.949431
0.937009
1.23376
0.95577
0.962457
1.03905
0.961634
0.907559
1.10085
1.01951
0.964734
0.900788
0.934998
0.970448
1.07044
1.11224
1.02059
1.09419
0.959021
1.03824
1.01383
1.15449
1.02061
0.967314
0.788843
1.05812
1.0336
1.12798
0.91232
0.901404
1.00245
1.13552
1.00091
1.0015
0.979464
1.17939
1.04777
0.95704
0.9485
1.16262
1.00354
1.04735
1.14556
0.992337
1.00084
0.826861
0.925961
0.908096
0.987702
1.18033
1.04849
1.18465
1.02029
0.916132
0.993441
1.11625
0.910316
1.08438
1.22447
0.922323
1.10921
1.05334
0.775432
0.927796
0.91317
1.11131
0.964436
1.192
0.953946
1.06015
0.95109
0.958901
0.895096
0.877598
1.08959
1.03051
1.02492
0.949025
1.04821
1.12355
1.07962
1.05514
1.09424
0.982135
0.990575
0.786823
1.15683
1.13755
1.00531
1.11505
1.09998
0.887078
0.919128
0.981308
0.944777
0.952759
1.04719
1.03201
0.904204
1.02844
0.969165
0.970528
0.92876
1.13721
1.21712
0.883681
1.14543
0.896333
0.953398
0.938064
1.00699
0.957568
0.846311
0.952989
0.857104
0.956941
1.01965
1.01335
1.06871
1.07995
1.28926
0.86018
0.895422
0.919892
1.01622
1.01529
1.04399
0.991991
1.00267
1.11902
1.01919
1.00655
0.781057
1.0552
1.02392
0.931728
1.05889
0.875424
0.820727
1.02119
0.958311
0.915248
0.851521
1.03929
1.06134
0.990171
1.05562
0.969583
1.13709
1.04753
1.11032
0.995858
0.901723
0.810882
0.990525
1.03926
1.06925
1.12702
1.0725
0.926112
1.03585
0.852645
1.11555
0.943681
0.996971
0.841528
1.11637
0.895847
1.0255
0.877698
1.00818
0.997524
1.04872
0.981194
0.859057
0.961834
1.05463
0.951808
1.02627
1.11363
1.00377
1.07637
0.890447
1.17594
0.954818
0.93672
0.935339
0.867944
0.989679
0.95659
0.861728
1.09733
0.901871
1.05899
1.02714
1.02152
1.05255
0.897663
1.09462
1.11896
1.08434
0.970121
0.93762
1.02089
1.19281
0.898339
1.05727
1.00313
1.24697
1.07981
1.04064
1.05041
1.09477
0.985755
0.957445
0.917897
0.92546
0.95986
0.882519
1.10701
0.997451
1.03061
0.949984
1.12891
0.924365
0.871249
1.10832
0.982543
0.854327
1.21699
1.14631
0.960941
1.11885
1.0609
0.942989
1.02508
1.06279
1.01303
1.03122
0.960659
0.993263
1.06444
0.957347
1.14045
0.965298
1.01063
0.977996
0.946683
1.10678
0.901313
0.97754
0.980276
1.11539
1.07604
0.917225
1.07539
0.971312
0.932098
0.89782
1.02109
0.786256
1.0243
1.04772
1.27514
1.09907
1.15997
0.897478
1.11584
0.893138
0.81072
0.819953
0.830157
1.03103
0.941538
0.925242
1.00992
0.933022
1.03252
0.873444
0.955542
0.875202
0.93729
0.976921
1.13489
1.06746
0.891188
1.24966
1.06033
0.841601
1.08257
0.801489
1.0772
0.922349
0.944702
0.945397
0.925348
0.93652
1.02284
1.02038
0.883021
0.965388
0.961954
0.978223
1.07335
0.931368
0.932137
1.06958
0.915934
0.937029
0.881289
1.08004
1.05485
1.07576
1.11006
0.892543
1.0064
0.985924
0.970795
1.01581
0.91811
0.950256
1.2173
0.935065
0.944923
1.12188
1.06959
0.947946
0.96537
1.08279
0.938772
1.27902
1.10298
0.968531
1.09903
0.893387
1.0874
1.12753
1.00436
0.995339
0.814432
0.949699
0.795283
1.01196
1.06792
0.949198
0.935169
0.951438
0.892503
0.907158
1.02288
1.01935
0.938113
1.15353
0.974157
0.906618
1.05749
0.899203
1.01705
0.964287
0.879715
0.80831
1.0045
0.880639
1.01478
0.9256
1.05284
0.992929
1.03317
0.785931
0.933234
1.02788
1.1096
0.833334
0.983477
1.13744
1.03489
1.05395
1.08005
1.19739
1.03696
1.02515
1.1843
0.879054
0.813285
0.853408
1.14061
1.00109
1.03007
1.06892
1.00514
0.875377
1.10321
1.10605
0.942426
1.11023
0.876995
1.06045
0.983921
0.981887
0.960079
0.876959
0.892032
1.00339
0.970064
0.957285
0.904057
1.10914
0.880389
1.02861
1.015
0.931398
1.04731
1.02786
1.03095
0.836133
0.926816
1.26879
0.973353
0.92553
0.955766
1.08582
1.09422
1.05071
0.834686
1.02003
1.01861
1.08803
0.835246
0.824878
1.05926
1.02078
0.934325
0.837588
1.0784
1.02319
1.0417
0.806161
1.07022
1.11029
0.98697
0.994009
1.0596
1.03826
1.14317
1.01738
0.904086
1.13726
1.06187
1.13819
0.913612
1.01139
0.798365
1.03617
0.877804
0.895683
1.01683
1.08868
0.976464
0.945987
1.0411
0.967531
1.00897
0.780062
1.05282
0.884395
0.906384
1.1665
0.954721
1.15839
0.973715
1.04044
0.954464
0.889014
1.22779
0.953316
0.916554
1.03856
1.01559
0.82514
1.08741
1.02184
0.838578
1.00952
0.956297
1.09758
1.02827
0.97332
1.00392
1.10517
1.04676
1.04496
0.996925
1.02606
1.00784
0.920624
1.03814
1.11312
0.90482
0.964186
1.04405
0.974264
1.00252
1.02119
0.953983
0.923224
1.18297
0.910068
0.982967
0.940333
1.02376
0.962483
0.896672
0.821151
1.01038
1.05622
0.909766
0.96016
1.04749
0.975078
0.926675
1.05883
0.97302
1.02222
0.983974
1.0281
1.05006
0.933508
1.07607
1.02667
1.15236
0.883873
1.02116
1.20816
1.00969
1.03729
0.897006
0.911431
0.977988
1.08717
0.937478
0.959707
0.987465
0.860671
0.976389
0.898657
1.17558
1.0602
0.878008
1.02411
0.996258
0.911379
0.913939
1.0124
1.0219
0.97729
1.07439
1.15674
0.975809
0.893735
1.20123
0.985815
1.00028
0.988567
1.09882
0.936341
0.978642
0.875425
1.03948
0.897556
1.01193
0.859957
1.03353
0.943072
0.979633
0.990548
0.882634
1.05484
1.13295
1.19911
0.888014
1.0167
0.969232
0.879608
1.00087
1.11727
0.963495
0.917784
0.879175
0.931447
1.23318
0.85922
0.998838
0.950411
0.943996
1.02251
1.05255
1.15775
0.87064
0.92545
0.945881
0.969175
1.00102
0.915894
0.968547
0.946352
0.874777
1.08432
0.996115
0.75869
0.923713
1.02677
1.21668
0.99975
1.19142
1.09913
0.870463
0.924253
1.1054
0.94877
0.992277
0.857943
1.10744
0.996164
1.10158
1.18226
0.883075
1.09799
0.967148
1.11784
0.98157
0.93277
0.94544
1.08269
0.996358
0.961895
1.09609
1.15789
1.11507
1.16453
1.22347
0.99218
0.913627
1.08945
1.16179
0.819723
1.08648
0.788891
0.984451
1.04381
0.956357
1.1255
0.919093
0.989466
1.08729
0.857261
1.05106
0.941895
1.09604
1.03042
1.19812
0.959947
0.939081
1.00109
1.16342
1.07773
0.988523
0.991726
0.937112
0.996355
0.927265
1.10082
0.922187
1.01841
1.03321
0.937802
0.967065
0.899771
0.916049
0.8958
0.993508
0.922277
0.956054
1.18418
1.16004
1.0863
1.35057
1.27444
1.0369
1.07627
0.950185
1.14699
0.966444
0.929672
0.979872
1.01893
0.888727
0.95304
0.964528
0.883735
1.11404
0.977592
0.986698
0.994615
0.861815
0.98682
1.10052
0.977042
0.981967
0.945629
1.00029
1.0816
0.930702
0.85856
0.966723
1.08551
1.07599
0.893606
1.11686
0.899162
1.00235
0.901982
1.0318
1.14242
1.0618
0.982286
0.930296
1.07058
1.28728
1.09711
1.26984
1.08892
1.16356
1.04812
1.03976
0.997745
0.974341
1.11824
0.989569
0.942682
0.778842
0.927191
0.854111
1.04333
1.00128
1.11542
1.08423
1.02831
1.1533
1.15693
0.874746
0.938161
0.938851
1.06648
1.07032
0.818115
1.02799
0.857735
0.81837
1.02886
0.852717
1.13427
0.869592
0.915359
0.93983
0.978452
0.90163
0.98037
1.01516
1.00468
1.03753
1.03757
1.17341
1.0456
1.07595
1.12043
0.929284
1.1989
1.14848
0.934769
0.983338
0.836237
0.984936
0.977612
0.936685
1.06414
0.967923
0.998875
1.06302
1.07035
0.986025
1.05524
1.0062
0.969777
1.04657
0.867174
0.960289
1.0165
1.06494
1.18713
1.03415
1.18572
1.01865
0.806047
1.16474
1.04833
1.16593
0.958258
1.03494
1.08647
1.03628
0.789766
1.03195
0.888851
0.872325
1.22617
1.02012
0.937891
0.947949
1.03834
1.0032
0.972108
0.99404
1.02683
0.978917
1.05971
0.986033
1.09189
0.882263
1.01249
1.04413
