0.73239
1.09805
0.787863
1.31553
0.632666
1.19417
0.731152
1.89009
0.828891
0.738322
1.02782
1.08665
1.3947
0.871094
1.21225
0.612341
1.74615
1.06785
0.549389
0.907056
1.51612
0.837075
1.38028
1.18572
1.11512
0.878416
1.06678
0.737279
0.945079
1.12274
0.996918
0.810965
1.48876
0.661482
1.13272
0.892067
0.626079
1.32724
1.03123
1.10743
0.757117
0.609055
1.16141
0.687454
0.686594
1.45428
0.932788
0.910382
0.829978
0.823484
1.65673
0.6349
1.66811
1.18944
1.11506
0.821124
1.26415
1.30148
0.924713
0.64315
0.868887
0.666369
1.00969
1.25276
0.858585
1.28629
1.03727
1.11981
0.684689
0.859302
1.17112
0.865449
0.921973
0.704503
0.765772
0.911976
0.429559
0.910599
1.38667
0.851836
0.636439
1.31959
1.21455
1.77316
1.32988
1.20921
1.54465
0.739261
0.840823
0.926555
1.33488
1.10041
0.912813
0.910094
0.919039
1.28177
1.43455
0.538899
0.541755
0.75881
1.35257
1.62792
0.841079
0.82935
0.7893
1.07808
1.17125
0.674387
2.00976
1.12626
1.63028
1.93965
0.854263
1.09998
0.82915
0.864769
1.23513
1.05005
0.932466
0.636317
1.21116
0.904901
1.11406
1.25064
0.979139
0.724016
0.619453
0.741255
0.46931
0.677945
0.890648
1.01273
0.543287
1.41075
0.372557
1.07484
0.744084
1.02867
0.632271
1.3978
0.888317
0.684086
0.793653
0.452609
0.51612
0.762212
0.686251
1.56287
1.19446
1.18856
1.02454
0.742235
0.779942
0.970597
1.44623
0.877335
1.19293
0.803841
0.921683
0.55931
1.11105
1.21987
0.743417
0.682952
0.841584
0.853089
0.486085
1.03451
0.961285
1.18018
0.848419
0.957765
1.24068
0.945529
1.61111
0.735041
0.915817
0.816472
0.701104
0.680572
0.875565
0.50659
1.41002
0.731914
0.912283
1.3567
1.06438
1.42249
1.25705
0.827399
1.23694
0.966648
1.09121
0.398893
1.59216
1.22806
1.33245
0.627404
1.25973
0.848295
2.25276
0.444227
0.829203
1.01087
1.09186
1.32583
1.18678
0.950218
1.48366
0.76185
1.23034
1.20006
0.672266
0.879165
0.993341
1.69738
0.691844
0.95265
1.39995
0.893714
1.58958
0.92881
1.39288
1.13764
0.716773
0.907135
0.948979
1.63645
0.674616
0.786378
0.55167
1.34126
1.19022
1.19089
0.77085
1.07026
0.969161
1.03778
1.20839
1.22297
0.702053
0.83603
1.13219
1.15259
0.762807
0.965182
1.07723
1.01863
1.02516
0.952013
0.498999
0.918773
0.91074
1.46116
0.571255
1.15058
0.903502
0.575702
0.661879
0.781555
1.30118
0.503111
0.983228
1.06881
0.876779
0.97328
0.724957
1.10983
1.92342
1.2422
0.540019
0.867264
1.41628
1.10554
1.17513
1.37802
1.0796
0.924667
0.531738
0.647668
1.77468
1.04976
0.895806
1.45604
0.999315
1.18447
1.23546
0.934685
0.945633
0.902734
0.977353
1.28648
1.35655
1.33756
0.862647
1.0335
1.5369
1.54714
0.95515
0.702583
1.41131
0.535889
1.08717
0.564954
0.750605
1.19765
1.01789
1.64519
1.6675
0.964001
1.21477
0.88227
0.950201
1.03782
1.5325
0.689675
1.52189
0.984379
1.50582
1.79249
1.39885
0.591229
1.10036
1.75325
0.573383
1.60163
0.903748
0.859856
1.42769
1.08467
0.782133
0.874449
1.33267
1.56906
0.937092
1.28681
0.814755
0.899158
1.09088
0.899425
0.863047
1.12947
0.390243
1.15906
1.36307
0.687528
1.14743
0.824367
0.787538
1.26728
0.860049
2.04752
1.29409
1.31622
0.825774
0.8977
0.964523
0.90997
0.707859
0.591292
0.98923
1.02135
1.32077
0.790974
1.12086
0.781189
0.939893
0.385136
1.09147
1.10517
0.857485
1.05226
1.05883
1.17704
1.00357
1.29729
0.74171
0.61086
1.06034
0.74962
1.38863
0.58268
1.04101
1.01645
0.882418
1.35423
0.909031
1.00004
1.26001
0.6436
0.62893
0.390891
1.31729
1.3275
1.1547
0.975722
1.18378
0.633538
1.04409
0.927296
1.00995
0.603827
1.17862
1.21912
0.950784
0.985918
0.898729
0.954847
1.13831
1.41848
0.863138
0.757028
0.45905
0.718342
0.739792
1.03373
1.05424
1.24776
0.837378
0.484472
1.30212
0.750998
1.40821
1.18754
1.04948
0.95021
1.49518
1.16988
0.684653
1.12614
1.34083
0.928713
0.980366
0.694654
1.13539
0.68416
1.55289
1.11428
1.36668
1.5602
0.870772
1.4529
0.578028
1.29556
0.722007
1.45633
1.88247
0.93561
1.0385
0.610786
1.19481
1.02447
0.580483
0.87525
1.41877
0.142509
1.48174
0.940046
1.23046
0.971181
0.870062
0.529885
0.740166
0.530563
1.16704
1.07787
1.36002
1.29956
0.920666
0.831371
1.31495
0.658601
0.879199
1.1352
0.915676
1.16312
1.26337
0.960536
1.76513
0.924738
1.05103
0.820105
0.896716
1.42314
1.0862
0.857637
0.861585
0.679266
0.89455
0.967241
1.3842
1.29409
0.790401
0.714013
1.13267
0.84351
0.824662
1.08431
1.1013
0.86855
1.04376
1.25075
0.9256
0.81422
1.27919
1.24008
0.761153
1.55993
0.879987
0.682301
0.596495
1.95128
0.896852
1.57887
0.945935
0.801736
0.741848
1.14099
1.28689
0.998849
0.915983
1.11547
0.740353
0.5854
1.05821
1.75876
0.733701
0.561229
0.634122
0.959627
1.04805
1.15639
0.936682
0.701408
1.28109
1.29594
1.38956
0.738767
0.73048
0.917834
1.25205
0.93034
1.03632
0.734477
1.39872
1.39723
0.901015
0.961095
0.562696
0.764286
1.91881
0.587997
0.801397
0.630475
0.805049
1.11244
1.13159
0.887769
1.25995
0.709236
0.941009
0.952224
0.804734
0.942467
0.464051
1.63372
0.982254
1.47332
0.935391
0.706374
0.483738
0.74717
2.15918
0.684401
1.19015
0.572963
1.10445
0.600009
0.699873
1.0841
1.02676
0.357378
0.940677
1.13135
0.966
1.67024
0.945488
0.884906
0.715231
0.792389
0.680923
0.878662
1.10548
0.661106
0.894272
0.50871
0.845495
0.610489
1.07969
0.874264
1.28364
0.740227
0.950123
1.35224
1.51148
1.18871
0.914163
0.915573
1.11905
0.544656
1.1053
1.46634
1.00606
0.922773
1.21608
0.757788
0.983423
1.32988
0.842958
0.946282
0.932561
1.35616
1.0017
0.649345
0.678053
1.04333
0.795449
1.02332
0.64382
0.928032
1.00245
0.910262
0.595734
0.743834
0.672869
0.8394
1.2212
1.08149
0.646459
0.716604
0.507353
0.858902
1.38011
0.858308
0.809941
0.737341
1.54931
0.693581
0.869884
1.25429
1.23032
0.787159
0.567355
1.20069
0.885483
1.14389
0.516646
1.02413
1.05764
0.543995
0.493049
0.60398
0.693414
0.802427
1.15244
0.67424
1.04685
0.727449
1.37771
1.12332
0.824056
1.04705
1.5982
1.54156
0.883397
0.806308
0.747553
0.745547
0.46235
0.593398
0.863915
0.573743
0.911837
1.20949
1.51935
1.05303
0.799562
0.852303
1.19645
0.967278
1.01435
1.00546
0.599055
0.856476
1.24515
0.641545
1.07525
1.08609
0.67764
1.70858
1.22801
0.880889
0.682176
0.791956
1.01276
1.03001
1.31034
0.665024
0.586892
1.98419
0.869122
0.896488
0.783984
1.37387
1.78479
0.626473
1.03594
1.01241
0.874579
1.02517
1.01237
0.767561
0.649579
1.67484
1.2361
0.896742
1.01001
1.56884
1.20979
1.01188
1.00473
0.734094
0.764889
0.586566
1.07918
1.28293
0.522654
0.593307
1.00818
1.2043
0.882329
0.557866
0.668265
0.783112
0.485656
1.86134
1.19244
1.09679
0.88845
0.826161
0.845503
1.21265
0.669075
0.488692
1.05549
0.695737
0.737351
0.953689
1.1245
0.940116
0.769694
0.581032
1.04506
0.511327
1.34947
1.42582
0.796005
1.38351
0.781542
0.699153
0.668843
0.737236
0.694016
1.03362
0.827088
1.05986
1.29033
1.8703
0.769601
0.936476
0.66144
0.755616
1.27713
0.449483
0.639727
1.22545
0.729555
1.1707
1.54105
1.01567
0.734987
1.34964
1.14184
1.13194
1.17255
1.21972
1.44129
0.963814
1.06233
0.95141
0.819195
0.83701
0.953255
1.44315
0.775856
1.08992
1.05187
0.722908
1.08637
0.897642
0.727625
0.898417
0.470849
1.3656
1.00392
0.641399
0.799301
0.5584
1.02523
0.924416
1.01808
0.656303
0.968801
1.79714
0.75483
1.34271
1.06617
0.501079
1.4034
0.661382
1.28972
1.10335
1.02713
1.26028
1.37209
0.672134
0.877412
0.948668
0.813822
1.11239
0.775391
0.96134
0.726221
0.78182
0.765931
1.05424
0.881979
0.768154
0.529179
0.720539
1.69603
0.925616
1.8524
1.36449
1.25544
0.656293
0.928768
1.79378
1.04572
1.40934
0.715385
0.836418
0.739703
0.976496
1.2598
1.23744
0.971053
0.643657
0.770289
1.53998
1.12116
0.49638
0.631251
1.53842
0.632981
0.858137
0.979561
0.704943
0.808081
0.737997
1.40055
1.01384
0.739293
0.816598
1.30362
1.36632
0.55536
0.937408
1.32661
1.49716
0.794458
1.37376
0.819042
0.898854
0.949361
0.517141
0.730664
0.656731
1.08642
0.773109
1.71007
1.03522
0.483602
0.676675
1.3978
0.931554
0.915319
1.48147
1.67166
0.933579
0.939987
1.28046
1.05525
1.21466
0.925796
0.60676
0.624775
0.854156
1.8176
0.554755
0.733749
0.616925
1.14251
1.01777
1.23813
1.14518
0.818945
1.51572
1.14896
0.614539
1.06469
1.31153
0.955576
0.873951
0.918292
1.04644
0.566994
1.36129
0.807172
0.574533
1.40089
1.02346
0.722574
1.22492
0.6314
0.739486
1.35362
0.846038
0.97655
0.841752
0.664152
0.878009
1.41255
0.455526
0.929834
0.833872
0.829355
1.22576
0.958213
0.983982
0.561426
0.813302
0.958856
0.632555
1.34732
1.20068
1.38443
0.91939
0.779502
1.35861
1.10382
1.204
1.35682
1.3413
1.21022
1.4905
0.99569
0.777149
0.909835
0.792377
1.94114
0.850008
0.962166
0.968602
1.04101
1.03257
0.613744
1.45557
0.649854
0.765941
1.89163
0.994851
0.737824
1.46683
1.06297
0.612124
1.10504
0.816367
0.652685
0.77681
0.556103
1.0852
1.02672
1.05117
1.37504
0.923236
0.705304
0.727343
1.264
0.814136
0.76215
0.664357
1.07773
1.52537
1.45671
1.03131
0.910821
1.41347
0.706496
1.37955
1.15985
1.18281
0.929917
0.72502
1.27646
1.11663
0.866201
0.855738
1.07598
2.11473
1.43457
0.857532
0.922872
0.720642
1.0427
0.563137
1.04319
0.811948
0.930079
1.56342
1.15949
0.48893
1.03285
1.00818
1.00213
0.573692
0.93044
1.19665
0.97482
1.01296
0.790435
1.06142
1.12915
1.3386
0.761901
0.430318
0.730454
1.1356
0.877522
0.744351
0.791653
0.97438
1.04429
1.23745
0.926684
1.11861
0.635527
1.04904
1.10701
1.27186
1.07128
0.464581
0.592851
0.623404
1.26683
1.33646
0.99441
1.08828
0.91359
0.85287
0.826472
1.0534
0.516284
1.00192
0.859707
0.92291
0.652561
0.87739
1.24307
1.85824
0.63342
0.865901
0.847641
0.93024
1.18749
0.866015
1.1472
1.32933
1.10451
1.10123
0.971743
1.36929
1.08446
0.828224
0.814415
0.921435
0.456081
0.96123
1.04972
1.70297
0.978727
0.722083
0.730947
1.19362
1.02024
1.2687
0.837012
1.20147
1.03338
0.68801
0.640127
0.975231
0.670353
0.83629
1.12903
1.04517
0.744449
1.28351
0.982429
0.868696
1.4744
0.919801
1.53743
0.803423
1.01704
0.734611
0.838311
0.433666
0.907757
1.0786
1.01362
1.33498
1.03423
1.58171
1.53944
1.19385
1.97432
1.0215
1.20104
0.64594
0.56826
1.28299
1.17029
0.772564
1.72923
0.839132
0.665461
1.48713
1.16288
0.958038
1.656
1.31187
1.25992
0.655518
0.980455
0.581665
1.17979
1.1468
0.909109
0.781333
1.03572
1.13788
0.979408
0.586683
1.02323
0.883262
0.765114
1.15044
1.4885
0.840648
1.01051
1.46914
1.16974
0.750781
1.02189
0.632918
1.06239
0.883498
1.10113
1.5273
0.979718
1.13
1.54991
0.943398
0.728563
0.882806
1.11968
0.638682
1.99763
0.785222
0.995776
0.572233
1.26148
0.905806
0.796749
1.09794
0.864731
0.913654
0.759794
0.635088
0.753326
1.64734
2.10234
1.71031
1.23257
0.711668
0.435229
0.843713
1.39993
1.0331
1.04928
0.8025
1.06843
1.3998
0.911851
0.844683
0.829645
1.17032
0.939717
1.46496
0.90364
0.837832
0.936086
0.659701
0.811952
0.777426
0.600926
0.873214
0.98751
0.732232
1.01744
0.999027
0.90923
0.775854
1.50562
0.974532
1.11104
1.12056
1.11
0.642199
1.39857
1.14375
1.01008
0.805232
0.930433
1.3419
0.991981
1.25056
1.84393
1.2353
1.16828
1.1457
0.824338
0.481416
1.1211
0.91237
0.668044
0.763813
1.29505
1.11941
1.1498
0.674956
0.524955
0.97218
1.27385
0.967326
0.681326
1.03282
1.26275
1.55683
0.937013
1.40986
0.84522
0.589213
0.613873
1.16903
1.63428
1.28005
0.891994
1.96083
0.592719
2.00271
0.779863
1.20351
0.844599
0.827039
1.00473
1.44501
0.961317
1.39565
1.67772
0.610127
0.914472
0.944775
0.777912
0.544736
0.928214
0.866641
1.33669
1.08588
0.926066
1.37512
1.01386
0.838296
0.784585
0.581712
1.37934
1.3853
0.777072
0.978887
1.19592
1.61126
1.05292
1.34001
0.727628
0.715403
1.1919
0.934236
1.38824
0.947387
0.541327
1.02089
0.489078
0.706768
1.01052
1.61392
0.964841
0.612433
0.989365
0.776771
1.1591
0.474069
1.00688
0.981631
1.63347
0.957696
0.845942
1.40707
1.091
0.876563
1.32791
1.3294
1.09648
0.723772
0.998031
0.484426
0.998913
1.00385
1.14461
1.64111
1.04254
0.987356
0.686784
1.03083
0.616159
1.07554
0.90605
0.622304
0.625534
0.992901
1.1924
0.578229
0.661577
0.889918
0.781746
0.734425
0.980082
0.550618
1.80735
1.28962
1.01002
1.1722
0.406004
0.778505
1.44325
1.45102
1.26596
0.601084
0.805619
0.626104
0.41336
0.787563
1.39856
1.25299
1.88539
1.46365
0.437325
0.704806
1.26468
1.43347
0.529659
1.31741
0.71888
0.810532
1.07497
1.12141
1.11552
0.733617
1.00687
0.811545
0.895877
0.470745
0.985011
0.922569
1.20416
1.00552
0.908425
0.875729
1.23563
0.955216
1.08773
1.28254
0.950053
0.688249
1.06388
1.42845
0.825489
1.27865
1.00023
0.851846
1.01245
0.849681
0.682916
1.11993
1.31534
0.932327
0.835148
1.08448
0.70684
1.14802
1.2928
0.619334
1.36713
0.853569
0.863065
1.28367
0.766888
0.67931
0.805704
1.24876
1.02733
1.08902
1.18223
1.02555
0.400345
1.99629
0.581155
1.2008
1.84209
1.10457
1.11229
1.3252
0.929323
0.900908
1.42211
0.333715
0.758247
1.85589
1.48978
1.15649
1.12374
1.07605
1.27345
1.13108
0.705226
0.864861
1.39693
0.833621
0.815939
1.37083
0.696659
0.640234
0.803056
0.743592
0.472318
1.2397
0.751882
0.876287
1.28012
1.09482
0.756509
0.890604
0.71366
1.14346
1.25475
0.580475
1.70781
0.838821
1.1839
1.13788
0.703366
0.559771
0.778637
0.510928
1.68766
0.66654
0.887661
0.913062
1.12755
0.942676
1.06103
1.07167
1.18573
0.601476
1.09489
0.516991
0.753946
0.640279
0.630191
0.991126
0.899289
0.658754
0.800546
1.07093
0.753587
0.992095
0.884653
0.948762
1.00758
1.03409
1.22969
0.912481
1.23604
0.680895
1.15799
0.382113
0.53893
0.920151
1.48512
0.614812
0.670133
1.20452
1.07733
0.523133
0.795741
0.795653
0.998196
1.07759
1.75958
0.901932
0.75579
0.787103
1.22646
1.06797
0.960449
0.711356
0.700786
0.677926
1.04664
0.678461
1.05381
1.97173
1.18475
0.380515
1.83975
1.4795
0.791278
1.08044
0.811055
1.2715
1.08051
1.54873
1.31011
0.947738
0.463913
1.16911
1.0036
0.669346
0.939937
1.44983
0.77655
0.748833
1.29584
1.32088
0.634604
1.07999
0.906467
0.551157
0.71853
1.41472
1.30327
1.05102
0.378091
1.177
1.13067
1.0285
1.6155
1.18962
0.769941
1.28847
1.16949
1.15898
0.73532
1.02899
0.660199
0.927268
1.47696
1.36188
0.708057
0.837965
0.777967
0.441818
0.554033
0.794741
0.759362
1.60072
0.759957
1.58703
1.1936
0.434567
0.815093
0.853447
0.538199
1.03557
0.994966
0.825241
0.59081
1.02644
0.99428
0.848733
1.2889
0.400699
1.06872
1.41418
1.61511
1.10312
1.0893
0.698673
1.07129
1.27038
0.795204
1.49911
0.863191
1.57727
0.35302
0.931724
1.25447
1.09016
1.53921
0.935023
0.660697
0.749139
0.801841
0.633103
0.736297
0.658132
0.64427
1.1466
1.76718
0.976911
0.341867
0.971626
0.878436
0.977525
0.642834
0.986449
1.11656
1.15048
1.43943
1.45744
1.08621
1.17169
1.40287
0.591105
1.05102
0.643247
0.485131
1.3423
1.39881
0.433663
1.05563
1.11418
1.12912
1.17738
1.14146
1.10543
1.51551
1.00053
0.762197
1.08503
0.858914
0.898259
1.11153
0.735519
0.888255
0.705274
1.72443
1.42453
1.16973
0.638247
0.85931
1.87217
0.837877
0.848565
1.46191
0.842354
1.34823
0.859623
1.36571
0.721986
0.524233
1.42727
1.38127
0.686631
0.714557
0.712709
1.7249
0.87537
1.1184
1.82378
1.2183
0.814128
1.24883
1.22293
0.521938
1.41654
1.3237
1.1536
0.691726
0.811134
0.858505
1.02064
0.831929
0.797007
1.4092
1.15701
0.825532
0.890955
0.473742
1.05438
0.803892
0.757524
1.04091
1.94394
1.62529
0.947431
0.929669
0.810337
1.01195
0.904182
1.05066
0.522458
0.948494
0.964974
1.19012
1.60164
1.43412
0.993426
1.62797
0.949374
1.34489
1.16646
1.29003
1.68423
0.566231
1.26061
0.824371
1.53051
1.13045
1.54416
0.80445
1.02968
0.891587
0.941675
0.563542
0.71418
0.918456
0.789114
0.858451
0.971529
0.742147
0.878207
0.69667
1.07951
1.84747
1.58318
1.07851
1.01603
1.08749
1.18713
1.12473
2.14283
1.5322
0.869404
1.03737
1.04993
0.686355
1.02739
1.02705
0.693553
1.46307
0.404538
0.866816
0.576324
1.00132
1.52709
1.06013
1.10162
0.827077
0.679729
0.444097
1.39801
0.897952
0.595657
0.837394
0.769122
1.02001
1.0833
1.13883
0.583835
0.968216
1.01392
0.85212
0.948794
0.726948
1.24194
0.728345
0.862271
1.02887
1.89295
0.726916
1.10514
0.749017
1.2436
1.01174
1.04166
1.00088
1.61385
0.990315
1.49808
0.975746
1.54017
0.864204
1.17153
1.04426
0.817216
1.18401
1.07028
1.2024
0.869105
0.979437
0.780479
0.669916
1.0572
0.947059
1.14441
1.07339
1.68897
1.67027
0.822145
1.11752
0.902221
1.00399
0.674199
0.624351
0.973647
0.528879
1.13383
0.802632
1.24818
0.624423
0.580554
1.26556
0.871341
0.939644
0.612001
1.17772
1.07705
1.56997
0.966128
0.670842
1.05025
1.28919
1.0542
1.59769
1.0891
1.03107
0.796109
0.718558
1.07219
1.4663
1.13974
0.82424
0.377286
1.28556
0.89179
0.610165
0.878847
1.08451
0.691245
1.25401
0.645975
0.398455
1.08806
1.39536
0.916397
1.24537
1.05132
1.85726
1.47165
1.17119
1.96265
0.775176
0.666705
0.599648
1.69464
0.517889
0.708278
0.758965
1.00082
1.34817
0.900241
0.83035
0.741426
0.883087
1.18037
1.3508
0.598469
0.637497
0.517483
0.969
1.06529
0.904949
1.13411
1.92563
1.03287
0.736777
0.862811
0.755395
0.756657
0.50851
0.725552
0.489449
1.32402
0.725447
1.04053
0.955885
0.786503
1.18027
1.14883
1.08184
1.12715
1.00469
0.866053
0.806845
0.736006
1.13494
1.14758
0.50584
1.46005
0.616124
1.16013
0.46516
1.24004
0.759815
1.08581
0.952803
1.20223
0.777619
1.15891
1.08939
0.938638
1.68376
1.08636
1.21264
1.09849
1.09971
0.867736
0.837594
0.99314
1.05504
1.0095
0.661366
1.10909
1.09831
1.18449
1.00783
0.662941
0.654562
0.578024
1.16224
1.09189
1.1631
0.579927
1.27808
0.450516
1.08411
0.770453
1.25538
1.11165
1.16025
0.753754
0.776833
1.13259
1.26043
0.990285
1.51332
0.71539
1.13869
0.95097
1.09402
0.403339
1.26553
1.00417
1.00727
0.748685
0.691566
0.671433
1.35735
0.95322
0.971414
0.950579
0.859157
0.99738
0.861735
1.20635
0.958735
1.54904
0.830616
1.06097
0.863175
1.16407
0.744333
0.971978
0.630287
0.889863
1.5504
0.901275
0.99116
1.26409
0.977567
0.402697
0.608101
0.758576
0.865011
1.02413
1.40425
0.923892
1.07829
1.48625
0.799832
0.675038
0.983583
1.32052
0.754032
1.12758
1.19797
1.31485
1.09787
0.79253
0.993654
1.25873
0.914858
1.11129
1.14763
1.22631
0.961467
0.557883
1.0908
0.766031
1.51251
1.08738
0.740359
0.690787
0.755286
0.499994
1.64029
0.992714
0.654581
0.714131
0.724384
0.912409
0.567656
1.06418
1.16833
0.933817
1.07738
0.7213
1.11887
1.01172
0.864989
0.793982
0.71364
1.23413
1.01716
1.00586
0.700692
0.809631
1.63209
1.25672
0.822057
0.98338
0.872525
0.979122
0.968167
1.53078
0.461588
0.968313
1.28184
1.42972
0.663433
0.957985
0.537289
1.19914
0.455229
1.48352
1.71272
0.986705
1.73887
0.794259
1.61188
0.707761
0.963022
1.2313
2.27066
0.83516
0.924018
1.82037
1.00023
0.864512
1.19536
1.17393
2.07931
0.803772
0.865539
1.58124
0.90057
0.930672
1.0066
0.944992
1.06708
0.5671
1.66909
1.17357
1.07959
0.82299
0.687736
0.759791
1.41559
0.829627
0.944035
1.56097
0.969636
0.851778
0.913815
0.699454
0.397746
0.492304
0.425247
1.08573
0.753433
0.735136
0.96256
0.652446
0.82136
0.537866
0.961464
0.63421
0.838135
0.775316
1.59404
1.38963
0.832703
1.06256
0.770736
0.750134
1.34327
1.54826
0.710056
1.06076
0.511949
0.900636
0.959645
1.47562
1.01428
0.744706
0.747398
1.11129
1.33787
0.762478
0.662454
0.881861
0.904156
0.679085
0.931905
0.700235
0.583008
0.74911
1.31698
1.51653
0.738794
0.49392
0.82593
0.945736
0.923112
0.641916
1.08749
1.36112
1.06875
0.96408
2.19336
0.949901
0.542369
0.68564
0.960617
1.10127
0.468653
1.01816
0.751578
1.2514
1.20132
1.21499
1.22393
1.73792
0.665113
1.3227
1.29577
0.912612
0.613493
0.832356
1.23536
0.785862
0.703219
0.493058
1.23197
1.57479
1.13707
0.573786
0.905197
1.20629
1.48446
0.564445
0.772582
1.35409
1.08654
0.889809
0.620873
0.753306
0.661726
0.839213
0.751477
0.998106
0.763704
1.06533
1.06715
1.02228
0.65594
0.890798
0.97144
0.854784
2.74093
0.576739
0.957734
1.21211
0.630242
1.30311
0.713115
1.09176
1.32133
1.47449
0.761158
0.48588
1.14653
0.805038
0.821552
0.41529
0.596884
1.47881
0.739202
0.559601
1.03702
0.642873
1.12018
0.536715
0.735817
1.57352
1.09761
1.38961
1.53087
0.659072
1.25852
0.87546
1.06677
0.555042
1.12331
0.990552
0.996886
0.868069
1.14553
0.775824
0.736751
0.873357
0.783403
0.870256
0.788435
1.05839
0.620886
1.40311
1.0243
0.587178
0.59567
0.984368
1.01438
0.670338
1.56163
1.03119
1.1426
0.54933
0.316648
0.69735
1.58289
1.04867
0.984974
1.5153
1.14667
1.5405
0.853282
0.915428
1.05909
0.567266
1.05288
1.1485
0.801625
1.09867
0.982517
0.601295
0.960267
0.985366
0.96328
1.34946
1.13719
0.867379
1.09736
1.41411
1.18425
1.04264
0.879222
0.651354
1.00461
0.724456
1.15953
1.47389
0.837035
0.79484
0.527358
0.949852
0.826789
1.19734
1.26525
0.640078
0.943929
0.847717
0.615213
0.975737
0.762605
0.97556
1.34098
1.16737
1.503
1.58656
0.955557
1.44633
1.69475
1.55954
0.557302
0.897909
0.918174
1.68022
0.992672
0.439208
0.809053
0.750555
1.19911
0.733374
0.817252
1.3974
0.700292
0.901351
0.905045
0.977774
1.21071
0.980594
1.55167
1.33728
1.26597
0.940248
1.12768
0.804147
0.640879
1.05132
0.621797
1.06701
0.468759
1.19667
0.710775
1.03259
1.06446
1.64351
1.07815
0.700216
0.597438
1.31029
1.16659
1.25376
0.812134
1.04874
0.760411
0.852552
0.759498
1.50459
1.45094
0.598421
0.854866
1.51778
0.938772
1.29465
0.811133
0.898027
1.33571
1.02296
0.857651
0.534756
1.18137
0.87605
1.48758
0.739842
1.50556
0.833574
1.12642
1.10998
2.19295
0.656031
1.67899
0.581372
1.54497
0.991855
1.3524
0.51915
0.643639
1.22682
1.77368
1.06888
0.921659
0.637897
1.02668
0.958983
1.27759
1.25542
0.44841
0.981116
0.868344
1.69816
0.642541
0.630459
0.783577
1.57368
0.759913
0.826247
1.44333
1.18422
0.942459
0.976345
1.01881
1.1563
1.0985
1.05503
0.8704
1.04974
1.07062
1.12891
0.972049
0.811939
1.4767
0.85357
0.770566
1.87176
1.01127
0.624144
0.846648
0.875072
0.631279
0.847526
1.04285
0.970179
0.814379
0.77265
1.04772
0.736966
0.937651
1.78916
1.25523
1.16021
0.843097
0.573223
0.803268
1.20053
1.67197
1.00145
1.02145
0.792029
1.20053
0.841322
0.695066
1.16733
1.12416
0.662502
0.886232
0.953636
0.609349
0.954237
0.907679
1.23959
1.18083
0.853372
0.890175
1.00566
0.78873
1.20788
0.554829
0.687845
1.45824
0.345187
1.50221
0.756845
0.952188
0.795491
0.98414
1.38498
0.661174
1.03443
1.07994
1.24052
0.681172
1.47075
1.30691
0.652117
1.10513
1.29131
1.33097
0.875211
1.35874
1.05911
0.495704
0.907058
1.05971
1.07416
0.745488
0.640332
0.899776
1.92091
1.12774
1.46594
1.13456
1.33152
0.713766
1.11306
1.49485
1.13055
1.42262
0.899466
1.0319
0.446312
0.822483
0.775205
0.765834
0.841746
1.03729
1.45686
0.632095
1.04321
0.968067
0.600037
0.968502
1.12759
1.04606
1.03465
1.11975
0.77293
1.1719
1.18171
1.03533
0.868552
1.28251
1.52709
0.505439
1.03936
1.0286
0.659604
1.18276
0.853371
1.03867
1.87528
0.644869
1.53752
0.796342
1.14176
0.744053
2.0691
1.06711
0.910863
1.14191
0.720912
1.07595
1.32644
1.16448
1.19826
0.725624
1.11826
0.696132
0.834205
0.904568
1.02274
0.714994
0.74912
1.25099
1.42371
0.823049
0.9467
1.29613
0.794469
1.08432
1.81202
1.02972
1.1252
0.858743
1.14102
0.974939
0.880951
0.778736
0.896574
0.634911
0.977943
0.512034
1.16449
1.37675
0.868346
0.812089
0.865396
1.34137
1.56389
1.54571
0.813826
1.00113
0.617275
1.06373
0.987591
0.45199
1.21698
0.838113
0.643725
1.24907
1.02261
0.952112
0.733651
1.14731
0.729433
0.644524
0.606639
1.18922
1.60376
2.09694
1.00091
0.64088
1.24594
1.48646
0.82338
0.776183
0.647875
1.12464
0.948093
0.666342
0.722815
1.25212
0.941544
0.594031
0.506074
0.780189
0.710784
0.797092
0.892397
0.730914
1.54525
0.831136
1.30957
1.50666
1.1936
1.12929
0.743417
0.931387
1.20674
0.977676
0.591647
1.28324
0.714187
0.857258
1.36185
0.889485
0.598638
0.858408
0.48026
1.00928
0.62308
0.582238
0.837444
0.676327
1.04053
1.27655
0.569212
1.18469
0.843242
1.69193
0.621322
1.62727
0.551069
0.890173
0.715607
0.582669
1.34274
0.859723
0.695353
1.19661
0.800572
0.35366
0.731813
0.763598
0.698588
0.687786
0.953558
0.912839
0.992508
0.724066
1.40048
0.615796
0.984537
1.55521
0.829373
1.31666
1.03858
0.975409
1.16117
0.874882
0.797362
0.619047
0.816522
1.15221
1.0999
1.28047
0.67955
1.52495
1.16539
0.930001
1.09401
1.11441
0.52944
0.868929
0.755996
1.04009
1.4126
1.06242
0.819392
0.848727
1.32547
0.765142
1.164
1.1752
0.68894
0.707583
1.03528
0.659748
1.39117
1.52655
0.83884
0.846507
1.23195
0.735958
0.686219
0.806354
1.13902
0.992579
0.664934
0.714993
1.66751
1.20812
1.26401
1.24869
1.22002
1.08106
0.848968
0.450659
1.34351
0.899639
1.23287
0.796817
0.905007
1.63785
1.03469
1.13963
1.00464
0.463521
0.893815
0.648793
0.967428
0.637164
0.539034
1.11152
1.10287
0.663423
0.789813
1.33704
1.06561
1.18336
1.28082
1.06917
0.927903
1.57416
0.69035
0.814182
1.44044
0.697935
0.486995
1.37182
1.53857
1.16292
1.49866
1.13918
1.09349
0.621556
1.09786
0.604565
0.77707
0.833893
0.667698
1.52935
0.60815
1.06697
0.853057
0.696372
0.755723
1.34206
1.12156
0.832951
1.00552
1.04649
1.06152
0.662251
1.01106
1.05709
0.947577
0.590988
1.0881
1.30927
0.940933
0.956783
1.11239
0.746205
0.886797
1.3267
0.904689
0.909338
0.548899
0.592661
0.755191
0.960184
1.33957
0.852647
0.828945
1.44738
0.620947
1.25182
0.719036
0.620782
0.817282
1.52046
2.06031
1.07836
0.925159
1.22173
1.36129
0.799124
0.881606
1.27648
1.18634
0.779518
1.21966
1.04525
0.937693
0.940275
0.792746
0.433348
0.863226
0.460238
0.951695
1.75043
1.04919
0.968512
0.939674
0.977664
0.830348
1.05927
0.848035
0.695435
1.09915
0.993736
1.07981
1.07819
1.13733
0.925383
0.893099
1.00991
0.503485
1.24016
1.2441
0.659571
0.967166
1.18911
1.08484
0.857766
0.681043
0.814827
0.904923
1.15892
0.942515
1.01544
1.11432
0.99397
0.619164
1.1621
0.998062
0.61775
0.437282
0.713929
0.783915
0.986525
1.19116
1.12623
0.822209
0.787587
0.806911
1.56555
0.687859
0.822867
1.32881
1.26795
1.17134
0.592026
0.546721
0.580594
1.4998
0.790333
1.05642
0.45459
1.14127
0.993696
1.08196
0.72453
1.5598
1.19597
1.53906
0.747265
0.903691
0.766278
1.35852
0.829287
0.708692
1.03113
0.508217
0.82537
1.09333
0.853701
0.731085
0.974204
0.498625
0.686013
0.610953
0.652023
1.23339
0.844176
0.949425
1.21167
0.930332
1.10654
1.41845
1.61948
0.998441
0.882637
1.09968
0.942285
0.736927
1.04431
0.622323
1.12425
0.780959
0.494955
0.996823
0.556059
0.874254
1.07017
0.830419
1.01773
0.628093
0.797627
0.769993
1.23891
0.908008
1.05234
0.964527
1.21183
0.955453
0.870062
0.872265
0.920511
0.846367
0.945988
1.09556
0.576306
1.22293
1.52147
1.31411
0.862381
0.495274
0.692418
1.12446
0.831297
1.14423
1.31852
1.02546
0.921815
1.29307
1.04594
1.41313
0.825093
0.8082
1.02161
1.12784
0.612086
1.43598
0.653354
0.960702
1.32871
1.21698
1.31394
0.976882
0.873262
0.741049
0.945886
0.828807
0.677199
0.916222
0.374262
1.0922
1.14792
1.19162
0.487609
0.884944
1.26506
0.948765
0.665885
0.686751
0.560206
1.04409
0.896378
1.30732
1.26024
1.3557
0.964258
1.05682
1.16373
0.978908
1.11687
0.809039
0.585262
1.00829
0.938393
1.51707
0.537326
0.753466
1.16476
1.12685
1.53595
0.762309
0.682002
0.926311
1.07683
1.50656
0.996581
1.25824
0.955882
1.08323
0.620298
0.790986
1.15556
1.23469
0.742995
1.24542
0.81804
0.656793
1.38809
1.18315
1.26931
1.2692
1.37491
0.854592
0.531004
2.12398
0.79486
0.842153
0.959961
0.946969
0.805647
1.81605
0.854822
0.975704
0.924893
1.30235
0.808862
1.29156
1.37469
0.961159
0.948663
1.1321
1.46339
1.01901
0.649249
1.01017
1.22892
1.13687
0.761821
1.19732
1.26204
0.996451
1.32981
1.04614
1.07558
1.07342
0.908018
0.603926
1.40773
0.533689
1.49386
0.791558
0.967894
0.491492
1.3205
1.04325
0.675135
0.91999
0.517273
0.703825
1.06056
0.418412
1.06229
1.07888
0.69002
1.01172
0.75294
1.19959
0.943536
0.802024
1.19444
1.29873
0.739869
0.409291
1.0831
1.08729
0.712286
0.694816
1.30735
1.21934
0.985914
1.35814
0.891634
0.736756
0.800923
0.94524
0.945317
0.528076
0.542954
0.577502
0.548499
2.15247
0.957652
0.804139
1.13472
0.46528
1.16865
1.31027
1.01265
1.01611
0.841369
1.62469
1.09841
1.38407
1.01126
1.5408
1.7749
0.871424
0.690173
1.02624
1.34409
1.08988
1.24408
0.859463
0.934617
1.04879
1.02482
1.37629
0.986237
0.571117
0.487266
0.611825
0.893798
1.74139
1.88508
1.1541
1.21511
0.909136
1.21841
1.46483
1.22865
1.22749
1.06923
1.14387
1.72025
1.14073
1.6703
1.03619
1.19801
0.579801
0.767729
0.99973
0.589444
0.505674
0.746335
0.590221
0.608518
1.18153
1.43296
1.76173
1.09622
0.545503
1.21402
0.908743
0.898033
0.844503
0.727701
0.640561
1.04333
1.1274
1.34966
0.955605
1.18122
1.06254
0.77244
1.28046
1.34699
0.77741
1.60991
0.791526
0.712475
0.359254
1.04519
1.06637
1.6882
0.618846
1.49677
1.04564
0.520185
1.18827
1.79976
0.698358
0.715311
1.3904
1.36019
1.03548
0.890192
0.630758
1.06811
1.43962
0.970175
0.653763
0.869054
0.789683
0.6577
1.67504
0.607394
1.3128
1.36711
0.700891
0.870369
1.04153
0.921192
0.765515
0.817146
1.27159
1.33975
1.13867
0.970907
0.906056
1.16246
0.832429
0.699279
1.17663
0.663116
1.13403
1.38641
0.705595
0.873843
0.906653
0.794093
0.660405
0.753999
1.22421
1.16304
1.32737
1.24725
0.575061
1.18556
1.38632
0.748002
1.4157
1.21683
0.771487
0.867387
1.08046
0.623553
1.11911
1.16074
1.15051
0.64799
0.792821
0.771702
1.15274
0.721342
1.06767
0.713335
1.09699
1.45296
0.692784
1.33103
1.73485
0.755455
0.41316
1.06852
1.02771
1.14427
1.25329
0.593305
1.09813
0.898146
0.519035
0.711599
1.62935
0.571848
1.13033
0.919452
1.19191
0.725885
1.3093
0.867204
1.03829
0.674721
1.01172
0.775811
0.759431
0.594322
0.988516
1.23522
1.75632
1.36342
0.831216
1.19194
1.01124
1.05187
1.21418
1.08743
1.13047
0.902323
0.900215
0.817076
0.775353
1.20559
0.676597
0.787476
0.644604
1.37295
1.04261
0.850446
1.20248
0.624661
0.669831
0.636417
1.44602
0.573133
0.817388
1.23212
1.17538
1.1682
0.76507
1.55386
1.10007
0.751829
1.12233
0.551435
1.06367
0.671336
1.94301
1.65587
1.11484
0.852458
0.821694
0.745774
1.00913
1.39883
0.38913
0.987235
0.694878
0.76129
0.941981
1.55827
1.20594
0.750909
1.03598
1.11211
0.680977
0.959071
0.652665
1.16229
1.01866
1.33617
2.13338
1.35139
0.58952
0.409205
1.47997
0.899569
0.846506
1.28908
1.03764
1.04723
0.983727
0.735395
0.700907
1.45963
0.916653
0.82704
0.981839
0.676442
0.824691
0.822499
0.924009
1.10944
0.898657
1.32979
0.759339
1.66492
1.08234
0.74966
0.561728
0.895182
1.06136
1.21489
1.1017
1.12911
0.738798
1.48687
0.949818
1.75957
0.710902
1.07653
1.2206
0.671683
0.872419
1.25009
1.06636
1.3853
0.874625
1.26656
0.712258
1.20483
0.793982
1.23333
0.711335
1.27668
1.2985
1.2345
0.454584
0.839705
0.859221
0.706566
1.23706
1.28817
1.18611
1.17068
1.08431
1.3146
1.37909
1.0992
0.959287
1.28152
1.52602
0.680488
0.949536
0.984642
0.890353
1.15728
1.51808
1.0596
0.6493
1.35183
0.600856
1.97191
0.763927
0.633856
1.35843
0.891367
0.936299
0.92698
0.652549
0.854183
1.81521
0.992021
0.853537
0.701608
0.990074
1.93274
0.528766
0.944913
1.01599
1.12977
0.656068
0.851717
1.00391
0.612681
0.709706
0.669069
1.47695
0.80411
1.1866
1.39881
1.4545
0.74687
0.827569
1.10759
1.34528
0.934032
1.189
0.732808
0.917527
0.739037
1.47531
0.631476
0.700308
1.27505
1.23091
1.51369
1.57237
1.54014
0.953001
1.19202
0.887551
0.79121
1.25697
1.50531
0.741504
0.570116
0.737021
0.311708
0.52891
1.18751
1.25008
1.16541
0.737986
0.79791
0.413072
1.41135
0.728913
0.62692
0.754354
0.916012
0.92076
0.746333
1.7792
1.29585
1.31663
0.83821
0.9978
0.979362
0.903627
0.648792
1.32163
1.69558
1.54657
0.940299
0.832251
1.29279
1.00559
0.354618
0.760109
1.55131
0.618397
0.592425
1.42238
1.14885
0.600674
1.12748
1.54001
0.618778
0.585012
0.937763
0.888127
1.32428
0.67505
1.74643
1.29886
1.64887
0.423419
1.20592
0.678189
0.840314
1.24413
1.00122
0.552597
1.47463
0.924991
1.14257
1.08878
0.889498
1.0578
0.833109
1.10594
1.01129
1.40022
0.792627
1.12851
1.16795
1.51007
0.872515
0.684379
1.11215
1.42401
0.679262
0.961192
0.575572
1.11365
0.731136
1.42552
1.01126
0.946699
0.58727
0.977939
0.50219
0.949912
0.911002
0.955772
0.852162
0.748663
1.32797
1.03546
0.699466
0.862614
0.555971
0.723349
0.701498
1.38392
0.616596
1.28254
1.04515
0.664911
0.708036
0.717647
1.42204
1.25399
1.153
0.811147
1.11968
0.320376
1.00921
0.455368
0.654106
1.14726
1.14791
0.887666
1.45541
1.23326
0.941706
0.843303
0.692495
1.65137
0.880746
0.830781
0.609348
1.11431
0.572773
0.935202
0.797126
1.15743
1.35638
0.884536
1.07457
1.04289
0.737131
0.656158
1.31191
0.756716
0.64711
1.45775
1.43111
0.614859
0.938123
0.912026
1.0814
0.728722
0.561629
0.858465
0.924398
0.887736
0.803711
0.646092
1.23969
1.96772
0.706871
0.87681
0.680132
0.640654
0.80563
0.950247
0.775756
0.713851
0.654156
0.747682
1.14235
1.30687
0.787941
1.3818
0.589566
0.81709
1.11763
0.899008
1.64795
0.857403
0.476783
0.967935
0.966289
0.958113
0.665026
0.940496
1.38567
0.451937
0.976155
0.825648
0.880335
0.911216
1.21388
0.926806
0.798453
1.59412
1.62592
0.69053
0.543973
0.835189
0.900972
1.7469
1.29188
1.43236
0.928981
1.12878
0.62904
0.96513
0.825742
1.23224
0.990447
1.38963
0.955021
1.2577
1.12236
1.09028
0.672881
0.92661
1.06139
1.36663
1.19946
0.594694
1.099
1.16919
1.49848
0.603639
1.2347
0.939638
0.896974
1.05386
0.806757
0.890108
1.05537
1.10955
1.12155
0.998269
0.767917
0.882827
1.00925
0.792148
0.405001
0.847107
1.72805
0.938983
0.846712
0.60721
0.826722
1.53559
1.05899
0.916913
0.61749
0.910278
0.765665
1.08813
0.810241
0.462567
0.731489
1.56227
0.393431
0.820599
0.425506
1.11474
1.23462
1.19003
0.738614
1.08128
0.892041
0.771251
1.53194
0.831083
0.754361
1.09906
0.836674
1.02613
1.64236
1.23239
1.09358
0.912121
1.09658
1.43823
0.759738
1.22139
0.8459
0.785344
1.03764
1.09388
1.04303
0.755881
1.02844
0.804288
1.346
1.03998
0.621745
0.837238
1.25061
1.60674
0.863905
0.986058
0.983295
1.20778
1.35001
0.892299
1.01521
1.60145
1.01202
1.6406
0.53607
0.531723
0.890547
1.09204
1.31352
1.93322
2.49731
1.02514
1.17108
1.11845
0.906935
0.725447
1.10466
1.60849
1.10028
1.01788
1.38942
0.952412
1.09437
0.977298
1.30588
1.64733
0.915471
0.726208
0.544169
0.808437
0.715528
1.2717
1.11865
0.827046
0.865248
1.11244
0.787934
1.27197
0.794728
1.07577
0.702929
1.19124
0.787548
1.03112
0.990077
0.899035
1.19772
1.17774
1.40277
0.727865
1.0827
1.36518
1.17225
1.75877
0.781604
1.15834
1.26085
0.569991
0.467538
1.07154
0.947945
0.813091
1.02347
0.803175
1.4294
0.777192
1.1431
1.62806
0.641891
1.2487
0.782497
0.723613
1.27034
1.05753
0.788011
1.51052
1.7979
0.920559
1.05479
1.4074
1.65247
0.994811
0.665311
1.32458
0.863836
1.32653
0.817237
0.851514
0.89984
0.598684
0.568595
0.652841
1.70595
0.863466
1.29561
1.42473
0.805628
0.972467
1.61976
1.42134
0.625179
1.23984
1.02321
0.656155
1.18189
0.60431
0.808124
0.465512
1.00744
0.706949
0.868947
0.996953
1.18396
0.490859
1.04879
1.29821
0.927488
0.718915
0.806948
2.07979
1.08641
0.509285
0.766485
0.942264
1.07792
1.38542
1.06231
1.02524
1.14284
0.45664
0.78227
1.17282
0.962136
0.918604
1.34892
1.42409
1.28413
1.43242
0.731722
1.28978
0.980666
1.0791
1.39965
1.75472
0.917931
0.920841
1.2327
1.02956
1.0688
1.65238
1.16028
0.901675
0.762507
1.01533
0.696484
0.779615
1.88708
0.756103
0.913859
0.81228
0.603825
1.06652
0.628397
1.09741
0.773443
1.33618
1.2275
1.99725
1.08946
1.15616
1.23807
0.87151
0.903618
0.815139
1.03757
1.59812
1.0601
1.15819
0.755701
1.44271
1.91449
1.31837
0.938909
1.16198
0.794701
1.08443
0.447501
0.952228
1.16425
0.572398
1.53632
0.442763
0.615491
1.34303
1.25617
0.595208
1.19326
1.35426
1.3824
0.697203
0.862743
0.462782
1.05545
0.863905
0.827721
1.22093
1.03591
0.697527
0.862792
1.09408
1.41456
1.15227
0.712568
0.839077
1.28369
1.64448
0.936529
1.87516
1.00242
0.966369
0.520234
0.759032
0.776528
1.07758
0.95553
0.540335
0.580227
0.908754
0.377494
1.07194
1.14328
1.20374
1.26005
0.699649
1.31726
0.551366
1.16997
0.886958
1.23062
0.872605
0.530491
1.29935
1.58811
0.719273
0.960004
0.860441
1.09563
0.857241
0.946675
0.779596
1.62445
1.31995
0.815843
1.32001
1.0128
0.388442
0.61053
0.90169
1.17922
0.79408
1.25329
0.846571
1.28525
1.06107
1.83735
0.666162
0.383863
0.810704
0.775584
1.12232
1.24527
0.854023
1.20824
0.872835
1.50618
0.552917
0.591792
0.506262
0.955786
0.932206
0.84331
1.16159
1.02102
0.815727
0.934056
1.06801
1.41362
1.63685
1.65779
0.831907
1.06882
0.924461
0.736308
0.936284
1.27814
0.961384
0.977018
0.913467
0.928456
1.4688
1.35924
0.563164
1.31498
0.907235
0.781438
0.957463
0.788044
0.841101
1.13392
1.22927
0.832205
1.14869
0.641588
1.01164
0.872621
2.4285
1.387
1.73811
0.438471
1.0438
0.698414
1.02684
0.827426
0.60311
1.03358
1.04435
0.540472
1.33407
0.955597
1.16716
1.04504
0.863769
0.875497
0.652175
1.41194
1.03324
0.811373
0.821921
1.46736
1.38783
0.8194
1.27171
0.625474
1.0668
0.667356
0.735503
1.15175
0.932911
1.26688
1.45377
0.856538
0.67199
0.881419
0.616292
0.763271
1.16414
0.809865
0.855472
0.998242
1.27534
1.30423
0.769915
0.809301
0.690778
0.809932
0.897883
0.935008
0.745882
0.675675
1.45117
1.05681
1.05844
0.935738
0.681536
1.54934
2.02377
0.989094
0.608912
1.12954
1.14739
1.44708
1.83622
0.571486
0.572075
0.280699
0.736975
1.05013
0.99636
0.738359
0.93922
1.1468
0.76409
0.580236
0.655444
0.661606
0.817046
1.63554
0.90368
0.948664
0.726303
0.65946
0.707418
0.547046
0.995805
1.14949
1.04747
0.743364
1.39812
0.608384
1.04142
1.05344
0.982113
0.486652
0.451563
1.31364
1.12501
0.783243
0.832142
0.945233
0.979168
0.837426
0.688843
0.617545
1.45573
1.01509
1.06231
0.999245
0.7926
1.15776
1.32676
0.993776
1.38696
1.35521
0.742174
0.5131
1.18152
0.937941
0.840462
0.96487
0.726019
1.11792
0.935764
1.26789
1.04502
1.16958
1.0026
0.85262
1.19037
1.31986
1.16181
2.09366
0.889898
0.915992
1.02607
0.609394
1.21166
1.14904
0.945039
1.06658
0.731161
0.858232
2.08557
1.48671
0.991295
0.878348
0.636032
0.962823
0.478893
1.31228
1.12797
0.50481
0.793926
1.27918
0.718848
0.739234
0.738957
1.29718
1.07307
1.06218
1.26382
1.25767
0.732685
0.773223
1.7278
2.2105
0.667893
0.912166
0.919718
1.21685
0.825504
0.827446
0.704369
0.665528
0.745913
0.93898
1.36972
1.22148
0.534166
2.00985
1.03526
1.74007
1.00786
0.64156
1.0017
0.515935
1.7939
0.976575
1.60186
1.3854
0.683849
0.681424
1.65748
0.728196
1.12846
1.79342
0.9753
1.0038
0.715508
0.834302
0.716801
1.15844
0.661019
1.13591
0.811481
1.49201
0.643621
0.505088
0.570544
0.733312
0.505183
0.984965
1.30417
0.64605
1.09917
0.835638
0.316123
0.924822
1.28902
0.674182
1.01692
0.849281
1.27897
0.856482
0.990965
0.635586
0.77653
0.771778
0.477133
1.14566
2.06356
1.16033
2.06294
0.677255
1.37985
1.58517
0.488417
0.903474
1.55821
0.836829
0.673361
1.09547
0.654325
1.03147
1.01561
1.74899
1.03236
1.14878
1.314
1.09661
0.724287
0.868759
0.886952
0.727666
1.18906
1.28445
0.914878
0.895047
1.21134
0.594023
0.84449
1.04099
0.942374
0.908018
0.895616
0.747206
0.872651
0.996786
1.14014
0.846858
1.49179
1.20272
0.682196
1.09479
1.35631
1.44618
0.503095
0.847149
0.829125
0.754484
1.27641
0.824826
1.31713
0.729547
0.947829
0.526571
1.21109
1.58145
1.24861
0.996816
1.04859
0.461628
0.983964
0.716252
0.67864
1.58367
0.908758
0.670334
0.427483
0.797955
0.612298
0.635399
1.00653
0.670335
1.8899
0.764594
0.384949
0.773732
0.814765
1.01252
1.15897
0.955593
0.781091
0.56139
1.01536
0.737626
1.67703
0.730419
0.702804
1.16085
0.756698
0.891191
0.774736
1.05945
1.4963
0.882096
0.675045
0.489171
0.893034
0.564192
0.791362
0.854483
1.07811
1.20466
1.19075
0.802824
1.36084
0.739995
0.980452
1.02675
1.00115
0.652044
0.929552
1.4678
0.434092
1.3456
0.75377
0.513164
0.952212
0.878587
1.37308
0.776312
1.2804
0.952239
0.910745
0.696914
0.76161
0.923566
0.8793
0.888576
1.46784
1.15683
0.957182
0.83789
1.14196
0.790187
1.12947
1.374
0.775742
1.02495
0.925999
0.982019
1.58605
1.32329
1.03403
0.977973
0.820735
1.55331
0.733789
0.572716
0.973997
1.1274
1.59743
0.565197
0.816432
0.731212
1.05607
1.65627
0.850989
1.23986
1.18986
0.623716
0.957332
0.643865
0.805461
0.887579
0.773875
1.10065
0.916521
0.82169
0.604066
0.903848
1.12129
0.351086
0.921695
0.962823
0.919349
1.08699
0.635548
1.8852
0.810626
0.583423
1.21771
0.904742
1.8085
1.3046
0.657308
0.694166
0.849667
0.994505
0.729158
1.06774
0.972543
0.855183
0.564005
1.11606
1.03869
1.09194
1.06092
1.59632
0.851992
1.13748
0.58556
1.69959
1.21036
0.954314
1.11624
1.00814
1.22307
0.689499
1.11389
1.8383
0.667156
0.85137
0.612214
0.634635
0.858878
1.09695
1.13066
0.644947
0.584008
1.31327
0.471835
0.959102
0.828588
0.653496
1.74325
0.681905
1.09989
0.872333
0.801206
1.39324
1.61635
0.810674
0.988501
0.996544
0.771874
1.29524
0.970149
1.17256
0.738043
1.52709
0.718504
0.931873
1.3762
0.528292
1.66434
0.630175
0.878451
1.0127
0.855896
0.960297
0.762035
0.379717
1.46409
0.785289
0.701108
0.874682
1.2304
1.21221
0.752113
1.09557
0.498803
1.02196
0.979263
1.26978
1.06613
2.25385
1.01045
0.972716
0.960045
0.78179
0.423191
0.56662
0.912432
1.33109
0.704451
0.627879
1.13962
0.830179
0.954632
0.841858
0.661664
0.837195
1.18084
1.18369
1.1685
1.07268
1.02359
0.905981
0.579227
1.63127
1.07689
0.925298
0.942973
1.29777
0.794456
0.85104
0.471987
0.70004
1.20571
0.643933
1.17334
1.29128
0.764828
0.565186
1.03843
1.23456
2.06553
0.828459
1.18776
0.989404
0.779215
1.15945
0.943145
1.18845
1.09061
1.02035
0.959352
0.912228
0.822965
1.35902
0.63856
1.42774
1.2503
1.66797
0.863115
1.09093
1.31048
0.582331
0.346155
1.39393
2.13103
0.96415
0.962273
0.801766
0.716176
1.16066
0.693486
1.00146
1.15885
0.807716
0.965884
1.21891
0.351887
1.07509
0.783699
1.14676
0.58881
0.615136
1.93439
0.818716
0.663503
1.24605
1.36755
1.511
1.43887
0.630359
0.593818
1.1047
0.878816
0.454916
1.35337
0.328155
0.850959
0.884967
1.33578
1.02224
0.799046
0.423008
0.768453
1.14616
1.14294
1.33945
0.735778
1.67881
1.60456
0.648549
1.05729
0.800753
0.94115
1.56977
1.17243
1.09205
1.17417
1.21712
0.767904
1.04154
1.35373
0.993632
0.550354
0.929995
0.666942
1.93131
1.21918
1.36297
0.747375
0.77087
0.982481
1.00554
1.2219
0.48553
0.778534
1.13963
0.816901
0.946404
1.54265
0.940006
0.854357
1.01114
0.598701
1.74793
0.506051
0.995131
1.03915
1.31261
0.851447
0.775593
1.18871
0.524392
0.858615
0.909918
1.1084
0.917791
0.493948
0.758683
0.988003
0.834119
1.29414
1.15163
0.748155
1.31146
0.719824
1.05443
0.998433
1.15132
0.639106
1.66529
1.29355
1.3633
1.23095
1.24932
0.747847
0.951842
0.984977
0.999577
1.24901
1.56899
0.644343
1.31991
0.800674
1.00195
1.18502
0.955695
1.02425
0.930324
0.629657
0.595828
0.810702
0.780322
0.670631
0.654496
0.386294
1.5596
0.765661
0.670793
0.902657
1.4797
0.939485
1.20293
0.613024
0.760803
1.19406
0.769041
1.37453
0.925743
0.870967
0.807715
1.11134
1.00064
0.625288
0.885438
1.03167
1.26233
0.893883
1.00254
0.645259
0.739631
1.41756
1.06947
1.23385
0.675095
0.681668
1.18935
0.652224
1.41937
0.88649
1.41445
1.38353
1.35986
0.701168
0.839762
0.989652
1.26061
0.684865
0.82677
0.852348
1.00908
0.748127
1.21641
1.0434
1.13372
1.04453
1.33756
0.881293
0.663147
0.911732
1.09998
0.558106
0.930762
1.07176
0.911289
0.750535
0.939091
0.840522
0.714657
0.953427
0.559619
0.890669
1.33141
0.355454
0.93568
0.895475
1.16786
1.00472
0.873877
0.926943
0.659387
1.21811
0.596832
0.929562
0.96928
0.498625
1.55116
0.993908
0.705835
0.675086
0.615569
1.12221
0.845604
0.776292
0.844082
0.804081
0.584718
0.44887
0.709966
1.48593
1.41019
1.00401
0.576002
0.760631
0.884571
0.806011
0.811777
0.810021
1.30868
0.663068
1.01897
1.02885
0.615766
0.778829
1.22253
0.804587
1.57737
0.816836
0.471796
1.06042
0.588363
0.757645
1.50393
1.16153
1.14565
0.609076
0.932378
0.799799
0.973913
1.33064
1.09107
0.764632
1.06308
0.99639
1.17102
1.17685
1.09144
1.03013
0.74106
0.725296
1.19677
0.869227
0.960962
1.15748
0.822116
0.602361
0.546843
1.13351
1.07776
0.782995
0.861286
0.64335
1.26585
1.35653
0.877518
0.880415
0.735406
1.28159
0.34519
0.869626
1.18972
0.824827
1.14496
0.821189
1.59953
0.742521
0.667484
0.409767
0.933524
0.8439
1.49718
0.624838
0.877434
1.71134
0.707729
0.536176
1.01103
1.11963
1.09707
1.25091
0.80798
0.754049
0.781043
1.17373
1.55444
1.76064
1.14698
1.15934
1.23046
0.996423
0.807708
0.968084
0.813149
1.39417
1.0477
1.17627
1.17131
0.688652
0.737117
0.720652
1.20262
1.0441
1.11247
0.851258
0.748245
1.2709
1.47107
1.3157
0.794616
0.71564
1.56091
0.686473
1.41186
1.0637
1.05719
0.847536
1.14943
1.63081
0.447504
0.745571
0.896483
0.452723
1.39502
0.705512
1.0543
1.02714
0.944116
1.21959
0.705211
1.01667
0.887002
0.884938
0.662058
0.862598
1.63481
1.36644
1.01289
0.569659
0.955322
0.811702
0.945929
0.789347
1.05402
0.940024
0.725645
1.75133
0.690743
0.510504
1.12809
2.04061
0.926953
1.13527
0.730964
0.76218
1.27132
0.854651
1.38413
0.659533
1.19064
1.15235
1.04002
1.8078
1.01593
1.33644
1.99705
0.826653
0.67671
0.849615
0.875978
1.71807
0.956171
0.738504
0.792555
1.26289
0.992576
1.3557
0.796913
1.01511
0.966733
0.619773
1.43135
1.13794
0.527262
0.581796
0.977514
0.738215
0.506544
1.5444
0.465463
0.887603
1.23558
0.694896
0.713828
1.07171
1.18594
1.01467
0.904109
0.962771
0.562599
0.958957
0.61438
0.848735
0.871432
1.19012
0.893572
1.62185
1.43828
1.5319
0.599502
1.18564
1.17031
0.69515
0.923051
1.13645
1.19688
1.86729
1.62884
1.00721
1.05762
1.73771
1.09208
1.4957
0.973328
0.711684
1.01815
1.08481
1.15813
0.899359
0.854937
0.964272
1.42509
0.981708
1.50927
1.33165
1.22467
1.04131
1.80004
0.854013
1.44168
0.907737
1.60849
0.645802
0.806009
0.775988
0.518116
0.711605
0.998846
0.727794
1.26686
1.15797
1.43202
0.627817
1.3399
0.612028
1.28164
1.26968
0.80401
1.26986
0.787835
0.416785
0.785572
0.617338
1.31626
0.917101
0.402048
0.691345
1.41096
0.726159
0.587758
0.807927
0.961678
1.09266
1.47238
1.34617
1.21164
0.996342
0.542589
0.743612
1.2928
0.967901
1.23077
0.761028
1.08044
0.788255
0.315562
1.21999
1.25291
0.765916
0.744569
1.15597
0.591024
0.956985
0.99111
1.15497
1.01191
1.21847
0.992155
0.883367
0.952954
0.641534
1.02992
0.967385
1.22284
1.20198
0.521117
1.14277
1.01507
0.881964
0.666854
1.82786
1.9098
0.88173
0.538858
1.22882
0.979048
0.93897
0.77183
0.374966
1.13161
0.902226
0.418969
0.964651
0.959774
1.58297
0.918325
0.947602
0.904865
0.993611
1.11044
0.843649
0.841742
0.712352
0.886017
0.853064
0.951622
0.818845
1.03351
0.354162
0.825224
1.0053
1.1214
1.14695
0.62296
1.6489
1.21815
0.901809
0.965689
0.857925
0.941299
0.966178
0.773769
1.07338
0.557338
1.06232
0.726366
0.760499
1.69831
1.28657
0.720356
1.71293
0.737023
0.916654
0.936925
0.483522
0.972932
0.781039
1.14075
1.27488
1.02638
1.08277
0.951083
1.43643
0.707054
1.16896
2.43071
0.934229
2.23558
0.873637
1.18192
0.619746
1.23561
0.893032
0.700728
0.544974
0.621859
0.654788
0.835995
0.832828
0.521638
0.945322
0.943242
1.08744
0.878247
0.912406
0.865314
0.875215
0.750992
1.53004
1.17693
0.9192
1.32985
0.992133
1.36729
0.625102
0.875708
1.29306
1.11678
1.105
1.25966
0.922515
0.565679
0.75139
0.734111
0.902552
0.510981
1.22955
0.712749
1.11057
0.70837
0.836259
0.688252
0.591956
0.581687
1.13542
1.55214
1.45186
1.63469
0.784333
0.951672
0.860459
0.876033
1.39563
0.703293
0.508026
0.944432
0.814196
0.712387
0.529029
0.818972
1.23291
1.44489
1.46377
0.623261
1.01562
1.188
1.04003
0.68631
1.11303
0.659804
0.82895
1.12778
1.13839
1.83076
1.05643
0.967385
0.883839
0.793836
1.14117
1.11306
0.626515
1.19407
1.33455
0.901538
0.965586
1.25571
0.733404
1.27916
1.53795
0.894839
1.29224
0.899828
0.748025
0.681928
1.14906
1.43192
0.852461
0.785222
0.996928
1.27679
0.983022
1.50923
0.924931
1.20473
0.641875
0.716508
0.987466
1.51913
0.749078
0.838195
1.6709
0.529813
0.878896
0.714706
1.05099
0.59447
0.683464
1.54646
0.463326
0.77867
1.72951
1.07762
0.66964
1.11678
0.96342
0.736797
0.745059
0.436176
1.06582
0.561702
0.675809
0.625783
1.36974
1.52669
1.39954
0.942217
0.879413
0.807921
0.56
0.829655
1.01452
1.16624
0.907667
1.08946
0.936121
1.37746
0.918315
1.07495
0.851651
0.675105
0.56023
1.78047
0.705806
1.21217
0.763237
0.834186
0.816881
0.922084
0.887372
0.911273
0.715769
0.836828
1.25785
1.04163
0.905868
1.2052
0.838422
1.00604
1.02347
1.30891
1.40591
1.17087
1.09202
0.975146
0.999096
1.20952
0.617246
0.741239
0.63377
1.18547
1.09792
1.2698
2.00015
1.2508
0.779309
1.02176
0.709546
1.00774
0.817793
1.13662
0.776294
0.682054
1.04409
1.1232
1.39446
1.04085
0.982526
0.952481
0.533939
0.709808
0.912544
0.867861
0.811202
0.650209
0.826489
0.494011
0.830303
0.729895
0.923692
1.43489
1.12712
0.788692
0.865387
1.09363
0.649613
0.492164
0.55914
0.751826
1.64675
0.673984
1.00157
1.02029
0.86099
0.647664
1.87132
0.573993
0.595782
1.84727
0.821683
1.8738
1.36779
1.47162
1.37568
0.800997
0.638779
0.886993
1.10201
0.500988
0.639567
1.30068
1.6757
1.29263
0.861934
0.638705
0.949035
1.61977
0.98961
1.06415
1.22344
1.63439
1.87013
1.29242
1.11775
1.11166
1.01522
1.30628
1.72743
0.935293
1.25332
0.453321
1.31731
0.700656
1.26798
1.09764
0.826594
0.832913
1.02827
0.81112
1.21629
1.08002
0.728074
1.00393
0.969184
1.09677
1.2498
0.702685
1.02525
0.858752
1.35284
1.28559
0.644664
0.543393
1.1136
1.55093
0.621474
1.08607
1.20848
0.663669
0.597319
1.26718
0.98083
1.25606
0.949145
1.08784
1.18468
0.634565
1.069
1.09559
0.980379
0.887349
1.46586
1.22075
0.665908
1.03491
0.991139
1.7452
1.17045
0.764137
1.24136
0.662698
1.14444
0.52405
0.560097
1.23475
0.884528
1.02855
0.934278
1.03528
0.880479
0.713419
1.11907
1.31677
1.07735
0.948585
1.34422
0.675583
0.541302
1.0197
0.554073
1.11101
1.35244
1.23591
0.793901
0.970884
0.974524
0.698513
1.09085
0.792947
0.68482
0.991827
0.997768
0.861308
0.843099
1.15999
0.876143
1.17953
1.14263
1.18789
0.788611
0.381675
1.18673
1.21434
0.898087
1.16632
0.990478
1.40754
1.33409
1.26249
1.1116
0.936761
0.784895
0.458157
1.18181
0.673444
0.613109
0.598677
1.28313
1.09052
1.06054
1.0452
0.493998
0.891901
1.16203
0.539273
0.766003
1.17889
1.16869
1.22912
0.712372
1.20647
0.659641
0.837397
0.74742
1.0186
0.82136
1.04409
0.938951
0.955281
1.57787
0.808974
1.42529
1.13372
1.33727
1.41811
0.639982
0.879076
0.845588
0.915119
0.559688
1.27635
1.13197
0.961513
0.789536
0.787976
0.888617
1.25726
0.833686
1.1543
0.80482
0.942743
0.65661
0.99246
1.35701
0.884606
1.31034
0.897216
1.21809
1.46435
1.18628
1.07434
1.10951
1.58139
1.02118
1.26781
0.320701
0.65081
1.23133
0.912723
0.510088
1.23929
1.09662
0.619632
0.462779
1.0748
1.3079
0.92712
1.23048
1.03965
0.735898
1.05519
1.61429
0.814881
0.853181
1.08862
1.14155
0.502424
0.65527
1.2434
0.769929
0.869605
1.01609
1.24817
1.16202
1.27398
1.57618
1.13908
1.52347
1.281
1.59423
0.992816
0.93864
1.29898
1.31706
1.05464
0.914224
1.05966
1.35882
1.63064
1.02798
0.561893
1.02973
0.853539
0.87368
0.989442
0.623764
0.980292
1.18823
0.669869
0.643693
0.759584
0.68099
0.936546
1.35466
0.84905
1.24704
1.30043
1.31368
1.07194
1.26401
0.758961
1.36425
0.734043
0.698359
1.28553
1.0147
0.858719
0.846781
1.30777
0.653034
0.51346
1.01144
0.516246
1.3933
0.931592
0.515989
0.936322
0.779416
0.75506
0.675172
1.09528
1.06961
0.727178
1.49677
0.818824
1.34903
0.675082
1.00523
0.941172
1.18859
1.31296
1.07485
0.687774
1.27906
0.86297
0.886801
1.42403
0.616032
1.06057
0.86514
1.02842
1.16237
1.33463
1.73717
0.633883
1.52961
0.486774
1.59002
0.840452
0.927749
0.575938
1.24335
1.27832
1.05935
0.906755
0.730425
1.34787
1.10952
1.42469
0.735509
0.784452
1.27884
1.40123
1.04422
1.41714
1.17836
0.863649
1.19503
0.783186
0.595294
0.466997
1.08739
0.988243
0.77419
1.1682
0.957672
1.5859
1.20674
1.05988
0.700568
0.524019
0.616514
0.597873
1.47151
0.943647
0.977418
0.914848
1.56226
1.1334
1.22373
1.0531
0.877951
1.69947
1.57917
0.835844
0.834048
1.038
1.40237
1.13786
0.760068
0.936973
0.597421
0.979849
1.18824
0.894384
0.793838
0.62661
0.806683
0.72823
1.50727
0.96146
1.32725
0.831827
0.579085
0.405867
1.122
0.391516
0.786574
0.55512
1.20002
1.02931
1.07828
1.66111
1.37305
0.97308
1.04921
1.01312
0.596431
0.93707
0.885964
1.12749
1.07004
0.580767
0.376002
1.12951
1.57298
1.14449
0.636452
0.885241
0.929983
1.51295
1.33477
0.82118
0.75872
0.810682
1.25778
1.04185
1.20474
0.531461
1.21079
1.59626
0.864061
0.549022
0.856204
0.601308
1.22037
1.53556
1.60716
1.06816
0.725378
0.954011
1.72751
1.72361
1.17689
0.823666
1.59957
0.521337
0.828344
0.835186
1.00312
1.43603
0.907754
0.877942
0.517238
0.702828
1.55412
0.872251
1.40256
1.27794
1.10862
0.895461
0.898774
0.791687
1.24058
0.998313
0.50043
1.14132
0.860697
0.463063
0.71035
0.66192
0.780874
1.88181
1.14766
0.452464
0.903679
0.76159
1.33679
1.42332
0.998027
0.782021
0.508806
0.822143
1.14185
1.49473
0.518358
0.791468
0.404313
1.14966
0.86166
0.4578
1.6623
1.06874
0.769687
0.769865
0.852433
1.34402
1.30228
1.28318
1.05471
1.34632
0.981916
1.73684
0.889755
0.840097
1.86431
0.686798
0.95929
0.874352
1.09064
0.575344
0.624576
0.976995
0.779147
1.00895
1.37939
0.955254
1.19059
1.67597
0.982905
0.863909
0.806164
0.773707
0.893422
0.772626
1.29832
0.678557
1.06739
1.65563
1.39009
0.537056
0.816015
0.708422
2.17734
0.601925
0.938108
0.447323
0.955322
0.687915
0.84349
1.27376
1.04767
0.768267
0.50872
0.992403
0.909869
0.827237
1.59709
1.18076
0.770391
0.762512
0.925805
1.48373
0.96215
0.91099
0.797007
0.875044
0.851039
1.43512
0.694069
1.12809
0.750938
0.859122
0.545728
0.855779
1.62812
1.08664
0.86253
0.649237
0.765646
0.84071
0.905142
1.19595
0.699016
0.963924
0.595071
0.895928
1.04675
1.18325
0.881115
0.805679
0.975622
1.14637
1.60057
1.63338
1.02743
1.09632
1.23722
0.752284
1.03998
0.984772
0.69962
0.724504
1.16944
0.853807
0.974489
0.999006
1.0062
1.13955
0.664791
0.739153
0.916535
1.1784
1.52111
1.36558
0.902414
1.01811
1.10324
1.1911
1.07243
0.946671
0.414555
1.64142
1.62606
1.0336
0.980183
1.18174
0.77006
0.47983
0.7113
0.68746
1.53069
1.09639
1.92387
1.09555
1.0047
0.863132
0.561691
0.537108
1.62998
0.986072
0.650701
1.04923
0.539646
0.759299
0.875954
1.11188
0.868085
0.959102
0.765573
1.42697
0.718186
1.00367
0.769042
0.584009
0.986017
0.831284
0.969401
1.0713
0.758075
0.766779
1.87037
1.20779
0.890164
1.18265
0.812369
1.23164
1.07407
0.963753
0.703544
1.19494
0.995787
0.731327
0.98231
0.645336
0.487561
1.3035
0.764785
1.64966
0.736845
0.967643
0.970937
1.43468
1.21536
0.827432
1.30539
1.48417
1.07966
1.40737
0.787317
1.02701
1.10177
0.791642
0.646954
0.800552
0.644919
1.03294
1.01497
1.11864
1.02152
0.847365
1.37608
1.42112
1.21691
1.24385
1.41197
1.66812
0.898214
0.950435
0.576441
0.624045
0.939713
0.963283
0.72923
0.761136
1.24186
0.880652
0.853873
0.930882
0.495608
0.627718
0.857424
1.19977
0.820239
0.952999
0.969925
0.783956
1.204
1.54758
0.858591
1.43171
1.39656
1.12412
0.904894
0.853569
0.876059
1.38819
0.700577
1.31638
1.13755
1.51247
0.762234
0.435575
0.473868
0.698852
0.681751
2.21936
0.759105
1.10877
0.8304
1.22407
0.80731
0.894606
1.18445
1.40907
1.01887
0.728468
0.986533
0.763301
1.10722
0.856579
0.763156
0.710189
0.706163
0.844041
0.478724
1.11081
1.50665
1.47066
0.96615
1.20553
1.14121
0.623979
1.87608
1.07843
0.725468
1.30143
1.04511
1.12586
1.29774
0.953341
1.76157
1.11906
0.978299
0.837054
0.943093
0.464888
1.12471
0.712301
1.14254
1.08286
1.45892
1.13401
0.842541
0.947105
1.00806
0.895843
0.597762
0.913373
0.899025
0.815619
1.25436
1.03457
1.33434
0.56022
1.16974
1.00908
1.22998
1.13737
1.25242
0.837452
0.87914
0.928666
0.836
0.84364
1.14315
1.54757
0.582006
1.23205
1.99054
1.13893
0.872309
0.565563
0.663903
0.593296
0.93602
1.02041
1.22837
0.739289
0.650615
0.905615
1.17598
0.990887
1.01182
1.46868
0.813667
1.38313
0.798524
1.832
0.780965
0.976864
1.60258
0.941905
0.603914
1.0892
0.819752
0.522897
1.00004
0.850132
1.08041
0.863343
0.70464
1.46523
1.19155
1.27985
1.25389
1.03132
0.866939
1.27492
1.43077
0.785247
1.29596
0.712668
1.50112
1.06521
0.765204
0.571719
0.956422
1.683
1.31585
0.980645
0.830176
0.970284
1.10821
0.80395
0.857999
1.78743
0.789839
1.01239
1.10345
1.32383
1.41942
0.812153
0.846213
0.674389
0.304549
1.23991
1.5638
1.29676
1.50855
0.736056
1.36185
1.02539
0.941998
0.715118
0.862935
1.16663
1.66533
1.25864
1.51693
1.3122
0.852802
0.801755
1.09027
0.83399
0.616301
0.781933
1.13544
0.730102
1.2249
0.891793
0.953667
1.24542
0.785932
0.602659
0.751498
1.19107
1.06521
0.784764
0.836422
0.685368
0.536057
0.398469
1.57772
0.900547
0.695692
1.21218
0.771975
1.37154
0.89114
1.26321
1.35407
1.05841
1.10807
1.14758
0.896426
0.383644
2.2531
1.21104
1.01354
1.22426
1.64159
0.995098
0.777128
0.689013
0.791995
0.887945
1.26814
1.67912
0.589296
0.89817
1.12543
1.37008
0.987669
0.618684
1.34419
0.963376
1.86065
1.28855
1.51893
1.27528
1.80931
0.587064
0.820802
1.21293
0.874266
0.886485
1.03761
1.05727
1.09289
0.491595
1.2967
1.04878
0.628892
0.418579
1.47146
1.28173
1.18279
0.992912
1.09509
0.734061
0.922276
0.56842
0.827842
0.721609
0.994199
1.04545
1.05542
0.641345
0.739029
0.428403
1.27414
0.849547
0.978438
0.600374
0.880128
0.49584
0.834745
1.00282
1.28854
0.715969
1.13116
0.911687
0.817862
1.11957
0.765088
0.796356
1.04244
1.26954
0.950611
1.09323
1.55975
1.175
0.702493
0.798788
1.307
1.41455
0.722831
0.812806
0.948276
0.888678
0.864645
0.553896
1.32192
0.688663
1.11666
1.00513
1.08369
0.640745
1.45206
0.832611
0.488669
0.476581
0.696528
0.767104
0.549101
0.844991
1.35196
0.999141
1.20834
1.28088
0.859808
1.49284
1.10455
1.50747
1.4567
0.561103
0.741967
0.801285
1.5456
0.873475
0.970167
0.657446
1.04074
1.20405
1.21169
0.867486
0.972737
1.1738
0.96049
1.19319
1.03885
0.824908
1.05555
0.777848
1.04417
0.604493
1.44699
1.1458
1.66922
0.555605
0.749921
0.731472
0.56307
0.769964
1.00306
0.662508
1.16285
0.838126
0.754017
1.07371
0.418682
0.579721
0.696364
1.45626
1.12422
0.608599
1.32634
0.818577
0.692172
0.605787
1.20778
1.12486
0.551263
0.786801
1.26529
1.25165
0.849801
0.696828
0.827506
1.09461
1.14919
0.744023
1.87066
0.889465
2.0873
1.04037
0.682413
1.06061
1.39233
0.801866
0.792536
1.01101
1.42618
1.26199
1.54179
1.18255
1.11691
1.15793
0.719467
0.538956
0.927597
0.698692
1.3034
1.02519
1.33574
0.930024
0.582815
1.31593
1.32972
0.767077
0.817529
1.18351
1.09994
0.337489
0.911848
0.286686
0.845958
0.810255
1.13202
0.553137
0.768677
1.08699
0.685379
1.36845
0.659865
1.1344
0.503557
1.13807
0.740269
0.977608
1.00607
0.558518
1.69123
1.21138
0.719001
0.817662
1.06529
1.55541
0.572815
1.02694
0.905382
0.985542
0.577936
1.3933
0.928788
1.38866
0.876238
0.989029
0.892734
0.87599
1.27233
1.21681
0.919262
0.53773
1.07703
0.800735
1.00967
0.704482
1.4345
1.99083
0.882412
0.759463
0.650459
1.29409
1.3358
0.824494
1.101
0.978865
0.27979
0.832971
1.105
0.885694
0.872299
0.744794
1.06781
1.09018
1.33102
1.43172
0.910999
0.810474
0.608605
0.712428
1.38265
0.412706
0.884495
0.562458
1.43968
0.510746
0.554976
0.726027
1.10789
0.923987
1.20361
1.22584
0.991604
1.12609
0.895062
0.699924
0.904655
1.14136
1.25773
0.659755
1.78469
0.885726
0.93549
0.890467
1.04443
1.29988
1.53042
1.22794
1.31988
1.09736
0.99635
1.5215
2.11011
1.0876
0.977275
1.19809
1.14691
1.23883
1.0668
1.7972
1.89534
0.991115
0.850704
0.928632
1.19444
0.573812
1.50425
1.04234
0.971375
1.41833
1.23237
1.04627
1.04966
0.829482
0.648203
1.29601
0.495791
0.523394
0.729264
1.21197
0.868967
0.712606
1.04595
0.748793
0.827898
0.766981
1.09363
1.06916
0.653056
2.00094
1.54037
0.964267
0.954746
0.794352
1.28669
1.15558
1.09058
0.670562
0.666315
0.705762
1.03717
1.3324
1.68693
1.41987
0.970146
1.4193
0.550565
1.22213
1.07069
1.1113
1.10587
0.60374
1.26751
1.46371
1.20875
0.714245
2.04409
0.717831
0.79789
1.19587
0.379719
0.973448
0.943296
0.387371
0.901862
0.553573
0.820194
1.05391
0.712858
1.15548
1.4441
1.11509
0.732113
1.39797
0.782577
1.27417
0.932868
0.975819
1.15299
0.86583
0.537191
0.753694
1.25742
0.613211
1.16863
1.34802
0.749719
0.886006
0.877474
1.40901
0.780565
0.933292
1.15066
0.907676
0.805552
0.947646
0.940755
1.0732
0.476885
0.682609
0.993384
1.30904
1.04076
0.771239
0.862646
0.928059
1.24765
0.377346
0.463879
0.947181
0.852258
1.20054
1.47957
0.87158
0.911395
0.616872
0.670436
1.76376
0.958903
1.67552
1.36162
0.810396
1.12892
1.05491
0.67725
0.95921
1.19509
1.57024
0.378013
0.951486
0.869661
1.22691
0.643034
1.37159
1.32829
0.79718
1.7037
0.678619
0.915337
0.949293
1.16203
1.70774
1.56713
0.783432
0.881154
1.33634
0.887302
0.825397
0.85662
1.09257
0.627733
0.805103
1.32096
1.1043
1.19132
0.911265
0.6716
1.23672
1.69154
0.983979
0.660067
1.05058
0.652522
1.36918
0.657949
0.614579
0.606138
0.905176
0.930088
0.455331
1.72684
1.24579
0.826932
1.35271
1.32258
0.595928
1.21241
1.14529
1.08949
1.08372
0.713693
1.00069
0.993784
0.915753
1.10759
0.938951
0.67213
0.658946
1.3732
0.915042
1.15133
0.919882
1.18273
1.50743
0.73978
1.36385
1.33371
1.46289
1.10378
0.881946
1.36459
1.33205
1.16869
0.725071
0.798124
1.10757
1.10952
1.29994
1.12035
0.873452
0.673818
0.904505
1.35495
1.11372
1.07226
1.27563
1.45109
1.08896
1.487
0.745667
0.742517
0.946368
0.892158
0.819683
0.778457
0.56387
0.897873
1.46724
0.912677
1.27944
0.756691
0.800176
1.36583
0.99569
1.13678
0.7419
0.858147
1.31582
1.08775
1.3902
1.06851
1.07798
1.12616
0.844662
1.13324
1.48707
0.89475
1.04009
1.26155
1.44964
0.569816
0.434947
1.53543
0.725719
1.63048
0.939309
0.592856
1.32939
1.96877
0.868437
1.13931
0.436122
1.61124
0.666974
1.07769
1.33651
1.40311
1.14446
0.867685
1.14193
0.573603
1.34096
1.02991
1.0566
1.19583
0.793419
1.26703
1.03491
1.51212
1.26663
0.68644
1.27808
1.00124
0.947845
0.971153
1.02438
0.641591
0.723312
1.59242
0.924924
0.504637
1.22021
1.43472
1.05149
1.04184
0.854868
1.00671
1.01925
0.884994
1.29272
1.54786
1.37069
1.16308
1.15938
1.10962
0.774963
0.891805
1.26163
1.49599
1.34089
0.963123
0.938598
1.18051
1.06761
1.43963
1.21082
1.00252
0.988567
0.650424
0.991067
1.04951
1.39566
0.710452
0.903694
0.781692
1.31895
1.42434
1.39155
1.22395
1.05838
1.04114
1.01437
1.06271
0.469367
1.01004
0.802459
0.884803
0.437867
0.659291
1.02028
1.26946
1.28919
0.834763
0.770163
1.10463
0.831709
0.83981
1.10687
1.02432
1.12463
0.808588
0.514462
0.730879
0.989248
0.53545
1.18718
0.927913
1.08216
0.835866
0.709973
1.29147
1.55112
0.667099
1.39776
0.508743
1.0932
0.669136
0.773009
0.849645
0.812895
1.54642
1.38678
1.41182
1.62227
0.751127
0.667496
1.19973
0.988732
0.95775
1.08648
0.963237
1.44284
1.1526
0.819695
0.878814
0.72797
0.612516
0.675863
1.37904
1.44041
1.03662
1.35211
1.90117
0.740491
1.04397
0.673877
1.15747
0.511563
0.658327
1.70307
1.28393
0.769354
1.79532
0.903068
1.16588
1.46797
0.719168
0.649988
1.08194
1.39927
1.32907
1.17007
1.00329
0.739627
0.804215
1.39427
1.37178
1.13982
1.11033
0.943442
0.799953
0.771154
1.41192
1.00359
0.936081
0.742641
0.96546
1.36533
0.895017
1.03333
1.31416
1.11552
0.98889
0.953632
1.15027
0.629657
0.65838
0.820282
0.539798
0.839645
1.89979
1.00898
1.09734
0.750058
0.929529
1.70448
0.847041
1.41485
0.785831
0.767756
0.649998
0.554031
1.41722
1.12022
0.553738
1.00848
1.65229
0.796002
1.35782
0.70882
0.604826
0.775068
1.08958
0.984747
0.727719
0.614662
1.00137
0.811189
1.11099
1.35507
0.800268
0.60671
0.960528
1.26195
0.913473
0.971012
1.26972
0.694027
0.948028
0.903004
0.598072
0.755372
0.58339
1.65712
0.773627
0.813602
1.76618
1.13712
1.28301
0.668752
0.842407
0.579916
0.870852
1.34867
0.787114
1.01854
0.653052
1.12031
1.91968
1.26937
1.22741
1.54751
1.14427
1.07196
0.451137
1.10839
1.21387
1.01924
0.809038
1.64182
1.31843
0.820312
1.25347
0.939384
0.753715
0.858429
1.30892
1.94551
0.693437
1.42776
1.00863
0.938669
0.622712
1.11873
1.01672
1.51944
1.06966
1.20836
0.719632
1.15687
0.518903
1.63898
0.969788
0.765802
1.32241
0.443072
0.932712
1.25519
0.654505
1.04477
1.14621
1.08268
0.423919
0.885146
1.24825
0.974822
0.987993
0.8811
1.13522
0.904382
1.1463
0.547107
0.403189
1.28464
1.2231
0.868091
0.994442
1.31579
0.857351
0.840125
1.09194
0.974587
1.64946
0.95686
1.56364
0.743523
0.552639
1.1563
1.47421
0.416183
0.938083
1.19537
1.11174
0.652239
0.866791
0.559372
0.837673
0.749695
1.06909
1.21039
1.17471
1.30892
0.859673
0.995781
1.03059
1.22056
0.797245
0.984028
0.726775
0.840812
0.856047
1.10955
1.47027
1.28056
0.999123
0.880234
1.03309
1.29175
1.17323
1.28544
1.24467
0.616813
1.10797
0.799314
1.19274
2.02678
1.81904
0.865607
1.13501
1.70705
0.872181
0.91103
0.754272
1.0597
1.66193
0.544246
0.979149
0.875424
0.595855
1.27642
0.651166
1.43619
0.984806
1.30901
0.668269
0.798529
1.11228
1.27707
1.25208
0.606541
1.27852
1.00734
0.948892
0.795023
1.06486
1.02891
0.719549
0.863482
1.11172
0.877614
0.789142
0.850327
0.854762
1.4897
1.20663
1.23198
1.3597
1.36812
1.4535
1.00127
0.492865
0.904995
0.645659
0.574095
0.985659
1.26813
1.05994
0.924957
0.792048
0.838248
1.14078
1.07068
0.862355
1.25781
0.569978
0.931975
1.23536
0.733178
0.418705
1.26317
1.06514
1.29444
1.00741
0.785892
1.46823
1.09673
1.68173
1.1201
0.816542
0.92728
2.28075
0.641252
0.549581
0.88427
1.02142
1.26529
0.736157
0.982219
1.12576
1.19031
0.71993
0.740246
0.648526
0.553569
1.08245
0.841391
0.970915
0.462904
1.03949
1.0108
1.10058
1.05714
1.00763
0.757237
0.505782
0.904763
0.87092
1.31731
0.743577
1.52317
2.07547
0.94787
0.454678
0.958169
0.759675
1.01828
0.849032
1.03879
1.35537
1.05422
0.720096
0.96602
1.17092
1.55422
1.93559
0.92694
0.840053
0.845529
0.578171
1.16115
1.17853
1.22396
1.13219
0.77906
1.14705
0.895391
0.851727
1.93444
0.852918
0.927428
0.551771
0.877608
1.06845
0.522279
0.80023
0.764809
0.487553
1.05906
1.00598
1.06066
0.412333
1.12776
0.829152
0.718015
1.26978
0.801118
1.17174
1.19049
1.22655
1.08308
1.43844
1.01069
1.31166
0.882379
0.720272
0.880013
1.3959
0.534681
0.960224
0.769344
1.13501
1.16875
0.787891
1.26982
0.766248
0.857929
0.571297
1.12042
0.850555
0.751584
1.52823
0.556502
0.685506
0.532154
1.52173
0.555511
0.498352
0.761119
0.507041
0.931096
0.50976
0.890901
0.452337
1.57388
0.956604
0.447813
0.573989
0.67606
1.27025
0.586804
1.03177
1.24067
0.704275
1.46363
0.954945
1.35476
0.818133
1.39494
1.10848
1.09169
0.821327
0.670246
0.652072
1.27124
0.80816
1.60981
0.749232
1.0145
1.15858
0.796401
1.16256
0.733876
0.538347
0.52408
0.599973
0.927874
1.13266
0.80184
0.345716
1.29144
1.20855
0.97631
1.35775
0.943544
1.21226
1.18357
1.2264
1.11177
1.84465
1.0431
0.82217
0.621079
1.17491
1.34748
0.970013
0.773654
0.986412
0.93502
0.881807
0.917554
0.837855
0.564586
0.989595
1.06664
0.954438
0.59214
0.659497
0.958745
1.02613
1.05593
1.0749
1.89704
1.05973
0.818976
0.670095
1.36804
1.10135
0.957311
0.762567
1.13821
2.12934
0.679132
0.956651
0.635267
0.40803
0.865119
0.96373
0.873614
0.990835
1.05918
1.00099
1.49464
0.87057
1.37686
0.942131
0.909134
1.20077
0.765307
0.696842
0.86558
1.23174
1.78796
1.23481
1.0246
0.85194
0.785815
1.00648
2.13504
0.68367
0.849076
1.00864
1.02415
0.657932
0.455856
0.968556
0.623778
0.653655
0.556554
0.912231
0.383186
0.785658
1.40044
0.753456
1.39961
0.850333
1.23925
0.402891
1.075
0.343977
0.935626
0.892008
1.38966
0.666792
1.45294
0.905628
1.13911
0.876707
1.36932
1.33765
0.991146
0.680599
0.799699
1.23637
1.45381
0.829573
1.00415
1.16362
1.00793
0.554041
1.18158
0.749879
0.595574
0.44902
1.35357
1.0382
0.795189
0.800299
1.07077
0.641177
1.11571
1.22404
0.865867
0.673255
1.14101
0.75843
0.793755
1.08605
1.08008
0.639059
1.82588
0.831184
1.48171
0.798972
0.621641
1.56888
1.62833
0.512911
1.20219
1.43471
1.09799
1.26732
1.37661
0.529592
1.5698
0.648434
1.18369
1.18806
0.618091
0.64485
1.0694
0.901751
1.47561
0.937356
1.18111
0.491645
1.14249
1.03572
0.755136
0.783654
0.809519
0.398403
0.555906
0.899279
0.576677
0.631958
0.979323
1.15165
0.854198
0.475851
0.659346
0.690348
0.95225
2.01116
0.960703
0.683566
0.907818
0.719508
0.934721
1.10035
1.09263
1.09914
1.13204
0.975923
1.00815
0.918555
0.715782
1.09232
0.947831
1.3502
0.999572
1.69187
1.56915
0.858906
0.769915
0.944174
0.73597
1.37095
2.33988
0.947052
2.14824
1.18963
0.933832
0.651749
1.43339
0.875885
1.15582
0.848233
1.58747
0.676038
1.23144
0.442289
0.884599
0.520922
0.76521
1.2886
0.683035
1.3358
0.85345
0.66359
0.915916
1.28753
1.21643
1.10659
1.5325
0.494915
1.02151
0.872211
0.953815
0.765703
0.897376
1.07121
0.814592
0.485927
0.907863
0.95082
1.65289
1.27588
0.872296
0.809534
1.47949
0.941167
1.15147
1.02405
0.933948
0.833552
0.75273
0.897385
0.870934
0.786622
1.04251
0.838838
1.09711
0.940374
0.923472
0.979739
0.862199
1.14805
0.817964
0.57723
0.827045
1.04997
0.530231
0.766953
0.700859
0.748882
0.484365
0.873196
0.883906
0.717403
1.02688
1.44036
1.1884
0.667356
0.505715
0.997459
1.00774
0.217549
0.709028
0.733774
0.898789
0.681114
0.988696
1.34976
0.780767
1.39565
0.830599
0.489462
1.11379
0.911926
1.31726
0.465043
0.660717
1.05991
0.739576
1.1998
0.346986
0.809406
0.927172
1.53527
1.04938
1.09557
1.58812
1.44586
1.50247
1.12793
1.15342
0.963718
0.842116
0.869223
0.798765
0.607181
0.647908
0.892373
1.00893
1.0855
0.792249
1.62024
1.31472
0.640404
0.950226
1.39714
1.24747
0.790532
0.680744
1.08809
1.57374
0.906437
1.13008
0.899653
0.599407
1.00671
0.899118
0.551642
0.828748
0.963423
1.19757
1.14082
0.868345
1.29839
1.29517
0.829168
0.865623
1.05489
2.13398
1.38719
1.07595
1.08574
1.12199
1.02219
1.49265
0.948401
1.5988
1.09927
0.79268
1.75549
0.65222
0.789952
0.566777
1.20166
0.838575
0.897731
1.13389
1.16738
1.00175
1.07865
1.0448
0.59042
1.72822
1.39805
0.920063
0.88522
0.887343
0.922006
0.654044
1.00208
1.6163
0.824129
0.720334
0.525288
0.596349
1.35421
1.20264
1.02871
1.1246
0.887508
1.01686
0.784843
1.15688
0.983545
0.999398
0.959164
1.20077
0.729759
1.00953
1.02656
1.24256
1.01803
0.630991
0.427734
0.650583
0.580375
0.855434
0.980636
0.793586
0.627921
1.22635
0.908961
0.369698
1.35869
1.0086
0.864232
0.787283
0.805884
0.820186
1.14939
1.14316
0.573705
0.816878
1.00742
1.18732
0.779894
1.319
0.722507
0.819233
0.615971
0.852383
0.793659
0.590151
0.919173
0.965201
0.850885
0.799578
0.740354
1.00757
0.983519
0.863531
1.28073
1.24948
1.14607
1.19307
0.93232
0.706073
1.3886
1.79343
0.74995
0.396069
1.32185
0.967447
1.33701
0.460813
1.5898
1.08975
1.69724
0.934864
1.61136
1.07461
2.06193
0.83582
0.680827
1.0404
0.741092
1.42259
1.19264
1.26059
0.894807
1.03158
1.73661
1.32445
0.89607
1.18269
1.02189
0.863027
0.725503
1.63536
0.904081
0.782765
0.937327
0.73696
0.730126
0.80325
0.591408
1.40911
1.1234
1.57928
1.22548
0.458188
0.802067
0.448974
0.59011
1.05755
1.52689
1.00847
1.17304
1.26046
0.801409
1.22403
0.603069
0.791571
0.93072
0.810422
0.514224
0.631695
1.11301
0.542027
1.2502
0.938914
0.487275
0.56424
1.74802
0.786517
0.836749
0.985042
0.977351
1.10498
0.751311
0.90108
1.03595
1.90747
0.865577
1.11168
1.0418
0.882261
1.02836
0.735878
0.758738
1.34371
0.953872
0.525423
0.96572
1.09247
0.861251
1.16932
0.678563
0.800444
0.996202
1.06522
0.341356
1.08713
1.16936
0.878597
0.911624
0.850286
0.923567
0.761762
1.16553
1.20892
0.902457
1.40914
0.798728
0.947743
0.824663
0.913262
0.999914
0.981205
1.18182
1.33084
0.98733
1.77098
0.690413
0.457487
0.757508
0.997091
1.10835
0.727748
0.931523
1.10621
0.591713
0.823582
1.16262
0.891624
0.702513
0.989826
0.810663
1.13735
1.19829
0.558782
0.902858
1.32395
1.11662
1.17264
1.12709
1.19841
0.986943
0.555036
1.22232
1.56189
0.959916
1.13843
0.72572
0.617856
0.964013
1.15055
0.909495
1.53095
1.71163
0.653767
1.75167
1.2065
0.991276
0.984562
0.743296
0.697099
0.8689
1.06148
1.30707
0.498795
0.986831
0.995369
1.49366
0.662106
1.17142
0.825186
0.845028
1.21594
0.976364
1.41698
1.15239
0.996437
0.808973
1.33895
0.682565
1.45422
0.792488
1.08052
0.543622
0.511762
1.73786
1.01356
1.04562
0.773381
1.0512
0.62637
0.748799
0.837149
0.532027
1.6157
0.819358
0.868897
0.996295
1.27102
0.726594
1.15396
1.4865
1.40873
0.855913
1.34324
1.09077
0.619108
0.456554
0.879589
0.847593
0.921127
0.550943
0.83995
1.5446
1.50872
1.09901
0.477177
0.664436
0.962588
0.934412
0.989554
0.99204
1.1125
1.11461
1.3422
1.00672
1.14595
1.30011
1.27041
0.942592
0.862145
1.38168
0.676609
1.10478
0.69737
1.4195
1.78452
0.674246
1.81669
1.42652
1.24085
1.04413
1.37939
0.603027
1.16611
0.722402
1.08328
1.35864
0.807721
1.0006
0.727069
0.944468
1.64241
0.779912
0.572237
0.970384
0.961537
0.822044
1.07962
0.712916
0.383539
1.16168
1.08024
1.19831
0.940247
0.86821
1.09923
1.30365
0.721697
0.955967
1.31648
0.991353
0.790283
1.25453
1.12198
1.30452
0.947515
0.933878
0.951531
1.01532
1.14778
0.814075
1.32481
0.776291
1.21135
0.562544
0.676597
0.758274
1.00355
0.664331
1.18554
0.837087
0.784658
0.912771
1.12064
1.18141
1.29684
0.739926
1.556
1.27899
0.691757
1.29064
0.700359
1.32697
0.733152
1.10465
0.880248
1.07292
0.859008
1.26084
1.48256
0.829194
0.526242
0.886017
1.34855
1.04831
0.957328
0.837411
1.14846
1.01124
0.714018
0.857063
0.901857
0.617808
0.960396
1.41852
1.4579
1.12425
0.75551
0.630208
1.71874
0.875807
1.02158
1.08785
0.718101
0.85866
0.677786
1.00414
0.697629
1.03917
1.05717
0.926366
1.19537
0.946517
0.678301
1.11888
0.465862
0.908955
1.21639
0.413598
1.33418
1.10525
0.776868
1.12912
1.15608
0.742482
0.446227
0.733861
0.896441
0.681829
0.657568
1.48256
0.693858
1.23138
0.702277
1.65263
0.930188
1.17487
1.55331
1.04123
1.04271
0.582306
1.09779
0.790394
0.917746
1.39343
1.4983
1.29294
0.55267
1.14083
1.20224
1.72615
0.826509
1.41086
0.769866
1.4118
1.35693
1.59628
0.698134
0.66572
1.19469
0.732361
0.662098
1.49178
1.25185
0.868054
0.652064
0.750218
1.43709
0.675604
1.0696
0.876972
0.520293
0.935204
1.05225
0.861852
0.622139
0.756117
0.858721
1.26174
1.12234
0.43727
1.02039
1.29002
0.711924
0.97914
1.31253
0.454218
0.856308
0.701887
1.25359
1.40113
0.757473
1.03652
0.459621
0.555
1.19763
0.584467
0.653342
0.491118
0.941418
1.17893
0.991127
0.687246
1.2908
0.52366
0.582351
0.863741
1.17543
1.40516
0.54509
1.39775
0.950879
0.981562
1.48729
1.11762
1.11012
0.737854
1.13087
0.576927
1.26382
1.52633
1.03646
1.37328
1.16675
0.693396
1.32714
0.919779
0.986369
1.15956
1.55752
1.13989
0.939323
0.865041
0.763778
1.10903
0.892842
0.972808
0.990993
1.76006
1.19359
1.13947
0.715737
0.602248
1.14404
1.27311
0.806422
0.184187
0.95095
0.723648
1.131
1.26232
0.970938
1.24435
0.858912
0.86128
0.773413
0.566083
1.17097
0.889267
0.862382
0.812138
1.5834
1.38055
0.706325
0.578144
0.843468
0.843055
1.15638
1.06472
0.94756
0.910035
1.07836
0.948575
1.09585
0.73151
0.68446
1.27573
1.29611
0.78242
0.711256
0.686164
0.734786
0.652578
1.69041
1.00481
0.588308
0.739277
0.990049
0.958582
2.00575
0.709322
0.687126
1.26808
0.655647
1.00478
1.08384
1.11392
0.854238
0.955152
0.966249
1.12313
1.06628
0.946621
1.01201
1.05914
1.31044
0.865373
1.06746
0.529839
0.77651
0.927706
1.55124
0.980118
1.27432
0.801797
0.345127
0.771141
0.507835
1.02131
0.66057
0.404106
0.843961
0.808472
1.20198
0.953762
0.700439
0.824455
1.37741
1.18771
1.02337
0.875334
0.707469
1.39275
1.15216
0.644325
1.24497
1.17466
0.69849
1.41752
1.6288
1.07897
0.846392
0.715018
0.815673
1.21145
1.45698
1.23983
1.25827
1.32418
1.32884
0.841631
0.882327
1.3512
1.03414
1.02956
1.56312
0.869129
1.18546
1.10253
1.06623
1.02616
1.55167
0.721534
0.764709
0.890898
0.808424
0.759522
1.09393
1.19683
1.6329
0.648177
1.92509
1.08201
1.31034
1.17147
0.540961
0.658691
0.930646
0.546996
0.556895
1.47368
0.861525
0.821133
1.20711
0.879503
1.01007
0.55752
0.687197
0.774689
1.33115
1.2019
1.15778
0.464693
0.573587
1.59306
1.04066
0.979765
0.706574
1.49349
0.969169
0.55749
1.32648
1.45713
0.936668
1.14477
1.49408
1.01539
1.34517
1.46291
0.740713
0.990605
1.02794
1.53248
0.695672
1.07859
1.02681
0.5865
0.973817
0.889928
1.00204
1.40119
1.34567
0.976757
0.584123
0.689083
0.40093
1.38832
0.922253
0.8642
0.492358
1.13022
0.910344
1.25654
0.905015
1.09743
0.675296
1.72481
1.14565
1.26359
1.43789
0.967869
1.18984
1.12724
1.90965
1.08426
0.921072
0.763691
1.10649
1.11748
0.828718
1.2024
1.15346
0.774792
0.524843
0.907171
1.17508
0.911487
1.31968
0.574355
0.487343
1.21676
1.26414
0.708235
0.895942
1.42107
0.858636
1.49414
1.03922
0.805751
1.59929
0.665893
0.767757
0.666589
0.942908
0.774886
0.504107
1.28568
1.1417
0.855641
0.960055
0.499068
0.893739
1.00825
1.01662
1.08004
0.672167
0.772491
0.513573
1.06235
1.40126
1.15374
0.875233
1.11922
0.705744
0.848083
0.774581
1.10479
1.43111
0.756002
1.03262
0.717876
0.831338
0.628959
0.954069
0.819326
1.32459
0.728103
1.29899
1.04289
1.33268
0.690254
0.920569
0.952958
0.745483
1.20808
1.57589
0.782863
1.00187
0.927114
1.28312
0.63925
0.940505
0.793641
0.967616
1.25677
1.00689
0.75677
1.33275
0.908282
0.701386
0.8457
0.990483
0.951325
1.38406
0.967036
0.51146
0.594313
1.39418
1.04307
1.35708
1.16347
0.922553
0.836167
1.68299
0.614145
1.04915
0.898436
0.700736
1.0728
0.957835
0.477492
0.835376
1.13369
0.58191
0.572736
1.02306
0.603158
0.332798
0.859528
0.96103
0.861357
2.08834
0.823302
1.08186
0.969076
0.999014
0.476327
0.678772
1.66175
1.03379
1.02323
0.502141
0.690112
0.689362
1.25414
0.970807
1.25338
1.5173
1.2201
0.78726
0.719703
1.52852
1.20097
0.932238
1.0529
1.00223
0.855101
0.983248
1.17819
0.506133
0.752887
0.657838
0.62627
0.978663
0.893377
0.939938
1.19742
1.09495
1.21928
0.652519
0.449809
1.42128
0.990598
0.742242
1.40837
1.10879
0.656602
0.558107
0.971906
1.05534
0.86658
1.42833
1.44453
0.862578
1.34663
0.914853
1.1728
0.850844
0.935454
0.547649
0.899512
0.919754
0.977172
0.831501
0.857218
1.6332
1.29696
1.21453
0.709513
0.801934
0.696093
0.441779
0.932717
1.06405
0.576135
1.21878
0.357245
1.0577
1.4955
0.491127
1.13612
1.24281
1.29167
0.936295
1.17353
1.15117
0.973378
1.19131
0.940721
0.840485
1.34933
1.06937
1.01127
1.11509
0.437428
0.592832
1.00146
0.512401
0.465477
0.870854
0.972448
0.717534
1.23052
1.02747
0.723835
0.847891
1.05394
0.729803
1.23477
0.862166
1.14883
1.07572
1.4711
0.39749
1.13328
0.770637
0.889289
0.856761
1.15523
0.908145
0.730822
0.927347
0.555706
1.01043
0.731605
0.824529
1.07188
0.95975
0.668328
0.889122
1.082
1.08902
0.857857
0.882322
0.823298
0.916926
0.724923
0.852632
0.570656
0.710525
0.808236
0.648193
0.641094
0.763321
1.29215
0.913691
0.652181
0.771216
0.731808
1.03016
0.827182
0.94473
1.19057
0.672162
1.03263
1.45159
0.852155
1.06559
0.577713
1.18078
0.909009
1.04219
1.40885
0.8664
1.0768
0.723646
1.12609
1.42933
0.983897
1.02834
0.991955
0.857646
1.12623
0.876959
0.604881
0.719121
1.834
1.0844
0.590126
0.663005
0.834786
0.834224
0.658234
1.21299
1.11033
0.774262
1.03579
0.480804
1.02579
1.13759
0.844046
0.94797
1.31833
1.85116
1.58659
0.819403
1.91696
0.39708
0.838588
1.04492
1.18053
0.717148
1.28676
0.56047
1.36177
0.925509
0.902529
0.950016
1.03472
1.60968
0.841274
1.77799
1.2805
0.911785
0.946996
1.12197
1.79841
1.27125
0.865406
0.902813
0.789124
0.644751
1.21682
1.18705
1.03469
0.709009
0.874294
0.755505
1.69758
1.55666
1.10379
1.14732
0.933421
1.50408
1.05522
1.0279
1.09848
0.681823
0.899185
1.16797
0.638847
0.666472
1.50623
1.46642
0.909656
0.831889
1.47587
1.0684
0.615084
0.617239
1.64285
1.03249
1.45209
1.31894
0.832633
0.78523
0.584553
0.826534
0.707143
1.06972
0.610437
1.1983
1.12484
0.61809
1.3342
1.13827
0.77587
0.912653
1.38467
1.74349
1.1477
0.765135
0.732471
0.954243
1.11098
0.584028
1.19376
1.31322
0.978695
1.10331
1.6395
0.551123
0.899814
0.737208
0.801957
0.941164
0.620203
0.760308
0.711169
0.795861
1.31252
1.01746
0.996241
1.01998
1.57804
0.649521
1.33609
0.799275
1.12682
1.37658
1.4139
0.799606
0.772036
0.745554
0.9166
0.926886
0.49864
1.2517
1.20784
0.983094
1.11782
0.506717
0.975795
0.671831
1.08072
1.06011
0.491867
0.84819
0.694799
1.14989
0.708364
0.937691
0.998131
0.974328
0.433573
1.09955
0.977677
1.43992
0.823911
0.497987
1.24684
1.09526
0.780678
0.706691
0.433005
0.847666
0.840415
1.64177
0.613882
1.36152
1.6771
0.674957
0.873162
1.28788
0.859404
1.69511
0.781748
1.13492
1.71097
1.10232
0.645243
0.921356
1.23227
0.430688
1.21394
0.724553
1.12653
0.964923
1.5148
1.2925
1.00435
1.16308
0.684587
0.760491
1.23933
2.81778
1.26304
0.921648
1.1796
1.38374
0.952479
0.972455
0.697919
0.999416
1.03079
0.923202
0.81557
1.25321
1.03841
1.09194
0.910822
0.723875
0.909865
0.658914
0.747671
0.801744
1.0648
0.82332
1.29295
0.707956
0.850988
1.22536
0.66095
0.956377
0.515475
1.38039
1.42319
1.45195
0.6582
1.06271
1.55026
1.44574
0.564667
0.619639
0.760786
1.52482
1.16922
0.467936
1.25546
0.482267
1.14433
0.97191
0.719256
1.93359
0.525912
0.782676
1.41492
0.601095
0.811078
0.653583
0.952079
1.18236
0.941618
1.21762
0.779523
0.79594
0.621433
0.711272
0.888522
1.31824
0.813838
0.776317
1.18816
1.28384
0.674517
1.33498
1.28718
1.0566
1.14761
0.821699
1.17426
0.822335
1.0627
0.873934
1.32873
1.9783
0.554058
0.724261
1.15245
1.04121
1.04162
0.774603
1.40753
0.753867
0.269305
1.25077
0.960822
1.38396
0.84425
0.62234
0.571175
1.8395
1.36322
0.851663
0.665049
1.21847
0.878837
1.05602
0.809254
0.706226
0.932951
1.33695
0.813419
1.10348
0.623205
0.865154
2.36528
0.713655
1.05759
0.705474
1.23084
0.712792
0.922323
0.964313
0.863174
1.85023
0.974113
0.805778
1.62082
1.12838
1.14212
1.11237
0.930119
1.05275
1.20875
0.767418
0.680458
1.30338
0.66859
1.14824
1.28888
1.13633
1.23899
0.718035
1.0474
1.09733
1.02309
1.23569
0.987156
0.509864
1.56103
0.702052
0.642212
1.5669
1.10222
1.23804
1.6231
1.69951
1.83253
0.871146
1.9402
0.563803
0.949457
0.862485
1.10554
0.886439
0.660795
0.739124
1.55533
0.90463
0.615465
0.746872
0.842145
0.92257
0.894835
0.790665
1.92551
1.59522
0.59744
1.02103
0.836449
1.51531
0.521972
0.68283
1.37682
1.1736
1.06228
1.26139
1.87924
1.17091
1.41131
1.49577
0.337422
0.476551
1.72457
0.542624
1.12858
0.956005
0.640552
0.661031
1.30513
1.23074
0.949472
0.916331
0.709636
0.441175
1.04027
1.1171
1.26101
0.703327
1.46593
0.898423
1.32524
0.578413
0.99112
0.641683
0.740947
1.10253
0.769988
0.306647
0.841703
0.64923
0.991121
1.10709
0.862288
0.850715
0.754941
0.566617
0.670627
0.65867
1.15551
0.729359
0.847916
0.954725
0.801816
0.824406
0.669399
0.416312
1.01143
1.12255
0.699204
1.38588
0.76666
1.19723
0.572225
1.04805
0.832782
0.978305
0.757972
1.19787
0.976853
0.825909
1.12205
0.84013
0.548387
0.783136
2.11998
0.922044
1.31181
0.647413
1.15167
0.964448
0.698748
1.0364
0.933078
1.01175
0.936008
1.07176
0.807325
1.20606
1.12307
0.549677
0.938593
0.685757
1.48371
1.70695
1.09035
1.05772
1.16698
0.431631
0.823736
1.37371
0.8451
0.819705
0.959291
1.26528
1.19582
1.18307
0.695947
0.820805
0.686709
1.47179
0.838164
1.30877
0.792566
0.985875
1.56633
1.10783
1.03752
1.10367
1.28585
0.966605
1.60025
0.704786
1.12418
0.471917
1.07484
0.476336
1.47971
1.29992
1.4028
0.777815
1.61849
0.800916
1.08374
0.773191
0.703934
0.669073
0.774965
1.05729
1.44218
0.801097
1.4122
1.22846
0.806756
0.482156
1.16001
1.6394
1.02466
0.623403
0.764275
1.20492
0.908578
0.750711
1.63476
1.66453
1.13138
0.908704
0.861529
0.827748
1.00459
0.699905
0.654298
1.39109
1.09584
1.18027
0.62899
1.46883
1.05801
0.831931
0.806305
1.40666
1.11213
1.59561
0.916594
0.692756
0.509014
1.05089
0.800782
0.990431
1.11238
0.895941
0.660702
0.674987
1.28327
0.977369
0.732194
0.933466
0.66216
1.16479
0.701322
0.682375
0.830601
1.02709
1.47774
0.484756
0.968821
1.11106
1.17535
1.0524
0.882943
1.08442
1.47113
0.819489
0.974045
0.764697
1.38083
1.58479
0.755615
1.39326
1.10266
0.535784
1.05367
0.916041
1.13847
0.826677
0.626864
0.418461
1.01134
0.729278
1.42681
0.858458
0.808287
1.45268
0.842314
1.2975
0.78109
1.66872
0.621904
0.884932
1.00782
0.943213
0.779212
0.949462
1.33642
1.22255
1.16118
0.638763
1.20442
0.629071
0.748247
0.689862
1.40906
0.864987
1.4895
1.08898
1.2926
0.891895
0.99179
0.952593
1.17274
1.23574
0.928092
1.80382
0.841433
1.09399
0.921084
1.59981
0.664624
0.692101
1.05676
1.11692
0.976545
0.934594
1.25101
0.645678
0.791114
0.610563
0.755682
1.0809
0.876989
1.24549
1.10429
0.636483
1.05592
1.16785
0.87331
1.14586
0.72283
0.542886
0.589151
0.842364
1.58344
0.710488
0.943338
0.498591
1.59544
0.795924
0.895146
1.40191
0.923187
1.30401
1.25959
1.3077
1.69724
1.05774
0.915982
0.89999
0.907865
0.687348
0.967857
0.604487
0.892456
0.954125
0.926435
0.553226
1.52258
1.27237
0.770228
1.11188
0.935976
0.855139
1.0876
0.967512
0.774822
1.44209
1.13376
0.812198
0.685042
1.10781
1.0665
0.797832
0.727244
1.02257
0.877454
1.19584
0.511699
1.21138
1.65714
0.939071
1.7487
0.96464
1.21925
0.754065
0.925664
1.24511
1.58998
0.846173
1.00613
1.2353
0.97472
1.36506
0.675076
0.587782
1.5947
0.884153
1.06099
1.7783
0.861984
1.20899
0.893883
0.760744
0.951392
1.5022
0.442886
1.59552
1.23929
1.03802
0.981693
1.15402
0.594166
1.05014
1.20261
0.926526
1.07964
0.524543
0.735591
0.663078
0.468309
1.09873
1.15336
0.733511
1.48183
1.04925
1.40299
0.701927
0.56307
0.873942
0.639389
1.00157
0.964373
0.7816
1.55736
0.662115
1.4889
0.356348
0.817193
1.28272
1.04932
1.14186
1.1272
0.839134
1.17447
0.619346
1.37573
0.74185
1.13955
1.45776
1.41416
1.19849
1.03948
0.742444
0.769606
1.14952
0.877453
1.1084
0.628539
1.18021
1.14857
1.37349
1.20893
1.02345
0.865135
0.580263
1.10576
0.907946
0.725319
0.868776
0.890643
1.72863
0.848563
1.26482
1.50251
0.627048
1.12478
0.963448
0.704668
1.17019
1.15846
0.69835
0.995723
0.677749
0.957187
0.785139
0.854161
1.16449
1.03008
0.744699
1.21004
1.24969
0.921635
0.442345
0.908485
1.45663
0.889299
0.768421
1.00874
1.14707
1.08813
1.65117
0.830166
0.973729
1.11471
0.924415
1.39975
1.46844
1.45648
0.779244
1.10146
1.27988
0.932016
0.705539
0.972066
0.637702
0.885931
1.2262
0.526106
1.30322
1.7535
0.936873
0.978118
1.23021
0.554114
0.877105
0.775421
0.473514
1.12869
0.574963
0.999216
1.3094
1.35942
1.14631
1.45743
0.597263
1.07597
1.32217
1.15323
0.704898
0.886582
0.718258
1.27008
0.649086
1.3254
1.16805
0.512618
0.756614
1.14805
0.826748
0.620234
1.0034
1.60088
1.17497
0.849171
0.775742
1.08285
0.799005
0.943519
0.783482
0.812289
1.45449
1.53108
1.60621
1.19785
1.08476
1.11022
1.15614
0.836014
1.19401
0.908502
0.87029
0.785851
1.1625
1.01578
0.934967
1.2755
0.909421
0.816129
1.36524
1.03485
1.40999
0.865978
1.03079
1.25213
0.828532
0.966826
1.23396
0.594243
0.71296
2.32626
1.11876
1.24883
1.11946
0.788364
1.12839
1.19855
0.674028
0.765908
0.842947
1.25532
1.52144
1.33799
0.490674
1.43875
1.1408
0.646575
0.725522
0.781872
1.38612
1.12342
0.723633
1.0366
0.712216
0.858216
1.05799
1.3365
1.3513
0.982921
1.14486
1.48197
1.668
1.18167
1.1244
0.781678
0.94454
0.546996
1.10549
0.58439
0.817721
1.42722
0.704337
0.653719
0.898816
0.870232
1.15596
1.31202
0.872766
1.70401
0.889108
1.16369
0.962491
0.864586
1.02171
0.693865
1.07791
0.835523
0.764924
0.706542
1.01263
0.77926
