0.505453
0.487009
0.747992
1.6601
0.238804
2.21422
1.17593
0.383303
0.719199
0.132385
1.08347
0.164242
0.493006
1.63679
0.614764
1.42214
2.45564
0.0726678
0.397253
1.23183
0.682023
0.988253
0.292621
1.58778
0.404571
0.457243
1.65746
0.447385
1.87566
1.20394
2.97144
1.5828
0.90104
0.586364
1.08555
0.048171
1.93862
0.301792
0.457234
0.708504
0.0545698
0.880353
0.418285
0.762479
0.869258
0.286177
0.947677
2.29718
1.31576
2.1476
1.06334
0.34208
1.48505
0.488786
0.675913
0.410902
0.871601
1.45597
1.50991
0.469917
1.80452
1.39982
2.13238
0.607381
2.28109
1.5367
0.417109
1.62189
0.742973
0.12603
0.947653
2.61504
0.128024
1.58163
1.12431
0.793046
1.50737
0.250068
4.23076
0.53062
0.726522
1.15025
0.210432
2.10612
0.688487
1.7363
0.669876
1.14278
1.64876
0.65334
0.324989
0.345753
1.11271
0.840161
0.977428
0.686924
0.398722
0.970458
1.94145
0.274023
0.739042
2.10755
0.148341
0.319954
0.188469
1.94805
0.662209
1.49541
1.71525
0.970012
0.424734
0.965581
0.836056
1.28353
0.57854
1.39105
3.61533
0.431955
0.763826
1.71225
0.866272
2.1325
2.15923
0.21029
1.12228
2.6734
1.31391
0.629495
0.285805
0.965983
0.481936
0.678181
1.08064
0.48752
1.13228
1.16966
0.825494
0.576451
0.349969
1.10876
0.961356
0.298458
0.171274
1.12765
0.538131
2.14541
0.499006
0.540107
0.765077
0.493243
0.814088
1.12423
1.80721
0.193905
0.737923
0.90131
1.10426
0.855955
0.241975
0.392791
0.963211
0.194368
0.408317
0.637693
0.682142
1.53495
0.781927
3.04414
0.374318
0.931527
0.376372
0.437786
0.607101
0.0638177
1.87081
0.877144
0.599827
0.373837
0.462716
0.317411
0.885022
0.359961
0.274227
1.51643
0.385198
0.759728
0.468712
0.605606
1.36982
0.585737
1.76341
2.08123
1.31898
0.470065
0.686185
0.53293
0.561302
0.611681
0.849511
1.00395
1.13276
0.836674
1.00235
1.3687
2.67417
1.51965
0.526013
0.679109
1.35629
0.984986
3.22672
0.118353
0.125156
0.479008
1.01057
0.546398
2.29721
0.206185
0.753202
0.160296
1.19369
0.819941
0.263694
0.938597
0.532923
1.51443
0.649117
1.14288
0.382935
1.70798
0.742468
0.937613
1.60611
0.61375
0.836477
0.869262
3.30569
1.07931
2.69896
0.15834
1.16844
0.557816
1.19524
1.60975
0.668298
0.760264
1.65799
0.232995
0.505494
2.70116
1.38014
1.68708
1.30212
2.04172
0.189988
1.71617
0.763902
0.299863
0.923363
1.93177
1.26568
0.333377
0.608533
1.89733
0.739925
0.468225
0.5894
0.810074
1.05421
0.956677
1.37607
0.201109
0.279071
1.06221
1.13432
1.65181
0.123245
1.67836
1.76852
0.466194
1.1206
0.260412
0.457171
1.38731
1.57328
0.697647
0.406019
0.586346
1.56087
1.10753
1.07816
1.28164
0.257541
1.01998
0.91296
2.52012
0.805424
1.15236
0.655897
0.0458486
1.22785
0.55553
0.996477
1.0687
2.10455
0.879369
0.726028
0.940173
2.006
1.00473
0.344912
1.40295
1.18917
0.701352
0.190946
0.911329
1.39644
0.152464
0.703818
0.854417
1.23344
0.955118
1.62397
1.84081
0.576369
1.17263
1.28432
0.624231
0.398026
3.46447
1.58171
0.907042
0.404801
0.649348
1.03741
0.639404
1.99369
0.752417
0.991265
1.3225
0.41019
2.95746
0.209135
1.20605
0.38067
0.223849
1.61446
0.649426
2.30409
1.36994
0.77935
0.579902
1.5475
1.67357
0.851655
0.65799
0.863254
0.509166
0.218451
0.586811
2.07071
1.41186
0.351548
0.882749
0.720081
0.229745
1.15116
0.951935
0.903157
0.720088
1.41189
0.600748
1.17058
1.70435
1.13061
0.907205
1.73892
0.864072
1.16224
0.641636
0.804454
2.28436
0.835167
1.22087
1.16817
0.213984
0.546709
1.90293
0.78196
1.6025
0.491869
1.70056
1.36973
1.12281
1.85021
1.42059
1.03437
2.30548
1.52307
2.36038
0.428077
0.661775
0.991304
0.106254
1.1053
0.4459
1.67759
1.74701
2.02494
0.872446
1.13997
0.470684
0.77269
0.568976
1.97403
0.0405397
1.52508
0.287634
0.306193
1.68583
0.181585
0.103154
1.71669
0.434142
1.66977
0.36792
0.893229
1.56869
1.35817
0.706296
1.12932
2.77231
0.405043
0.555055
1.76277
0.109519
0.0369983
0.251409
1.49727
0.27103
1.84097
1.46502
0.75095
0.550898
2.14329
4.18265
1.29856
1.76198
0.84039
1.27645
1.22159
1.63775
0.943413
3.35004
2.41025
1.30848
0.92344
0.694633
1.059
0.952538
1.01509
0.446064
0.825278
0.436413
0.257927
1.57964
0.164202
1.20198
0.746628
0.787327
1.57753
0.269025
0.552043
2.30247
1.02341
0.571669
0.724148
0.48591
1.12804
0.972607
1.30036
1.01794
1.36745
0.343928
1.12815
0.522682
2.00032
0.997293
1.14168
0.603297
3.17016
0.312062
1.6373
0.700534
0.625307
1.66398
0.213947
0.614052
2.08297
0.851602
0.929374
0.458801
1.18217
0.245034
1.18667
0.45572
0.0640549
1.14205
0.905146
0.917599
0.0944608
1.1421
0.792315
0.862474
0.803172
0.454683
1.42272
0.25915
0.220432
0.525027
0.474319
2.64501
0.689955
0.0944105
1.01454
3.67547
3.20595
0.268009
1.05067
0.263696
1.0669
0.286017
0.52491
0.194669
0.945774
1.69568
1.65283
0.319769
0.44681
0.564499
0.635273
0.43822
0.894139
1.11895
0.72135
0.0170172
1.14365
0.997877
0.374956
1.10339
0.323192
0.268008
1.86886
0.718365
1.76663
0.725372
1.62245
1.68173
0.531572
2.10863
0.274715
0.501706
1.19575
0.644868
0.910022
2.08285
1.85943
0.76136
0.291995
0.070588
2.32783
0.45862
1.28553
0.918197
0.81506
2.59327
2.22106
1.54481
0.355848
0.418136
2.02455
1.08072
1.55897
1.12985
1.80242
0.419101
0.618601
0.469073
0.424387
0.423911
0.572994
0.142823
0.212562
1.00137
0.668737
0.391847
0.114665
0.323594
1.57738
0.774233
0.788312
0.49159
1.24467
0.229568
0.536494
0.340255
0.621865
0.636492
0.652725
0.206277
0.915848
0.881155
1.69171
0.853162
0.97104
0.671989
0.528455
1.14768
1.39783
1.24815
2.55101
0.663944
1.48938
0.482452
0.406062
1.24436
1.36949
1.24371
0.591649
0.0909299
0.132143
1.16806
0.154377
0.167897
0.733554
0.535221
0.858504
2.74471
2.1177
1.28742
1.12117
0.448379
1.46843
0.157548
1.17322
1.05778
0.77146
2.03479
0.620336
0.374755
0.137116
0.153737
0.205998
1.50117
3.17325
1.32904
1.21177
0.412913
1.39616
1.09811
1.21301
1.23255
1.78162
0.537865
0.901583
1.93832
0.728661
1.87899
1.58337
1.1221
0.511549
0.871758
1.42571
0.675713
1.17236
0.845904
0.756381
1.18938
1.78838
0.268049
0.116376
0.929221
0.472849
2.00327
2.77222
1.84325
0.759156
0.160764
0.223056
0.633013
0.581012
0.75168
0.502667
0.49269
0.0721314
0.326884
0.986919
3.89966
0.251381
1.11811
0.65241
0.72073
2.82274
0.715608
0.628991
0.787877
1.6819
0.874962
0.802862
1.21146
0.604164
1.75831
1.15127
1.10771
1.23649
0.12448
3.58349
0.452162
4.69464
1.04973
0.305714
0.901854
1.15941
0.406588
0.184736
1.32594
1.10582
0.105323
0.74566
0.784689
0.693179
2.11956
0.269457
0.61796
0.736509
0.514182
0.686247
0.549563
0.557286
0.228826
0.507512
1.01442
0.351191
0.960666
1.89147
1.75121
1.26253
0.305232
0.362957
1.07863
0.505983
1.97165
0.899164
0.774705
0.897054
0.206856
0.662712
0.244276
0.539383
2.25039
0.574288
0.667953
1.7014
0.114529
0.295231
0.357409
0.723288
1.08751
1.02259
1.73945
2.16753
1.75847
2.58473
0.411763
0.126018
0.353652
0.866625
1.36606
0.288969
1.36511
0.408688
0.387559
0.661391
0.861552
0.698523
2.48143
0.874202
1.95559
0.116962
0.313158
1.7937
2.79689
0.985727
0.331969
0.43475
0.281201
0.265069
0.208372
1.04941
0.737415
0.545824
0.656944
0.461718
0.403405
1.03459
0.307273
0.260911
1.75686
0.59565
0.927285
1.99366
0.457246
0.460354
0.945077
0.623585
1.92546
1.24802
0.868295
0.837922
0.153913
2.40813
1.18029
1.63585
0.37392
0.339957
0.567999
1.74372
0.794279
0.303795
0.871585
2.48736
1.10219
0.389521
0.480335
1.20276
0.250297
0.605543
0.714951
0.81539
1.49137
0.21237
1.65461
0.833885
0.739075
1.26552
1.41196
1.18135
0.516745
0.343365
0.502193
0.928872
2.37428
1.01537
0.747729
1.31225
0.314396
0.540526
1.95649
1.06917
1.27522
2.4253
2.70974
1.8234
1.21477
0.391102
0.45534
0.379792
2.30194
0.354243
1.11422
1.23103
0.93292
0.538346
0.962152
0.888955
0.851709
1.94682
1.11562
1.11184
0.393979
1.43192
0.284378
1.23105
0.547818
0.629753
0.373624
0.521032
1.21674
0.432917
3.27099
1.48551
1.19599
0.712429
0.385781
0.856294
0.784121
0.564508
1.62813
0.32026
1.91495
0.471178
1.49097
1.58337
0.541552
1.11007
0.152475
0.903386
1.03303
1.01173
2.46228
0.994654
1.44467
0.991914
1.21535
2.83399
0.786312
0.815441
2.08813
0.366182
0.584344
0.974694
1.0421
0.505052
0.252294
0.0546668
2.845
0.459932
0.833679
0.504059
1.0773
0.191198
2.35909
2.34271
0.547545
2.8426
0.668762
0.0671585
1.63474
0.969543
0.139621
1.71892
0.673454
1.62683
1.32001
0.932946
0.604909
0.685711
0.784747
2.15498
1.82743
1.38016
1.55746
0.748149
1.99199
0.838161
1.11868
0.545953
1.9351
0.365019
0.618978
1.52378
0.292326
1.17304
0.885184
0.208307
1.11163
0.25748
0.859963
0.421767
1.46416
2.17004
0.616563
1.48025
0.366676
0.123826
1.35665
0.224435
0.871254
0.247506
0.617356
1.00109
0.831316
1.4091
0.37528
0.404481
0.495898
0.717047
1.47092
0.55527
0.441836
0.423581
0.290308
1.86759
0.307857
2.14502
1.65937
1.6408
2.29637
0.343502
0.338524
0.332483
2.02524
1.79999
0.514485
0.595101
2.02641
1.61302
0.913054
0.426536
0.378411
1.72489
1.46769
0.293359
1.03983
0.789842
0.439728
0.324306
1.5824
1.40841
0.724417
1.03355
0.715829
0.393158
0.536882
1.59744
1.24349
0.370445
0.850521
2.73978
1.13657
0.74824
0.828175
0.813185
0.871645
1.19811
0.0653373
1.31466
1.41934
2.18497
0.154584
1.5598
0.868793
1.13193
0.673277
0.244234
0.8492
0.389598
0.866809
0.672795
0.700435
0.521716
1.44033
1.76993
2.13554
1.71863
0.588155
0.0358915
0.914752
1.59823
0.50831
0.443792
1.11194
0.65429
0.627994
2.70283
1.12871
1.40232
0.502695
2.62951
0.70641
1.19171
0.2567
0.587757
1.65841
0.341456
1.04229
0.987081
1.57348
0.317304
0.304019
0.385514
0.696921
2.3775
0.867121
3.31242
1.05647
0.638919
0.938422
1.5302
2.41898
1.01118
0.650698
0.141227
1.08971
1.50507
0.485257
0.143085
0.449221
1.42526
0.974747
1.59852
0.340249
2.57031
0.867389
1.2728
0.38076
1.65747
0.897846
1.48136
0.994601
0.804359
0.45611
1.00942
2.05408
0.858342
1.94775
2.50299
0.53
1.06976
0.196222
2.05807
1.02542
1.07834
0.878315
2.07173
0.985147
0.982722
0.926977
0.124541
1.73403
0.934581
0.398437
0.5814
0.566278
0.474063
0.272626
2.26324
0.582031
0.226103
0.861241
0.33881
0.477613
2.35494
1.06001
1.00684
0.482805
0.787489
0.937982
0.785373
0.316226
0.898609
0.923708
0.613302
1.12077
1.22892
0.575649
1.37004
0.66899
0.771559
2.40392
0.583576
2.33719
0.556886
0.371319
3.25243
0.520387
0.655954
2.45922
2.03056
0.979969
0.863438
2.13581
1.30311
0.374646
0.623392
0.51212
1.7842
1.70583
1.51525
0.0717125
1.10215
1.96169
0.198256
0.238382
0.997
0.147383
1.1518
0.253644
1.12665
1.69662
2.30515
0.144968
0.318346
0.609028
1.7313
1.48152
1.8901
0.192034
1.56636
1.03986
1.46106
0.2031
2.20381
0.25662
0.427392
0.307002
0.635576
2.3012
1.91685
1.67167
0.875324
1.35914
0.89938
0.281603
0.516411
0.333812
1.45655
1.77169
1.82229
1.26564
0.640372
0.853115
1.02945
1.62725
1.61007
1.26745
0.822985
1.10749
0.261954
1.1352
1.24497
0.805491
1.90173
0.838022
1.29712
0.160454
1.80372
0.25942
0.71435
0.855416
0.772688
1.18217
0.304925
1.61369
2.30206
1.42748
1.52086
2.72553
0.714319
0.948955
0.614512
1.47955
0.234658
0.714401
1.08755
0.725445
1.1474
0.348495
1.00825
0.384612
2.52455
3.19867
0.402127
0.464335
0.456381
1.24899
0.432788
0.184731
1.38262
1.94934
0.840458
2.45263
0.571258
1.64524
0.305901
2.98457
1.20183
0.401643
1.52902
0.774759
0.668093
0.614945
1.67557
1.8228
0.935507
1.22826
1.30284
1.19184
1.45281
0.413885
1.13506
1.17933
0.171095
1.1539
0.585676
0.287183
0.206405
0.55445
1.15961
1.63009
0.254594
1.45735
0.227619
1.48138
0.554446
0.0491806
1.26224
1.34792
0.557257
1.70791
1.30703
1.21288
1.49042
1.01586
0.871412
0.256585
1.30382
0.390881
0.747613
4.02639
0.510983
1.0806
1.40755
0.264315
1.49407
1.01536
0.627315
0.623237
1.30144
0.766835
0.423782
0.592475
1.28798
1.70644
0.45354
1.13556
0.301255
0.662825
0.428236
0.132811
0.636925
1.10551
2.09157
0.336602
0.32593
1.28593
1.44336
1.13894
1.0595
1.71068
1.06045
1.37436
0.41585
0.602067
1.08849
1.39363
0.772127
0.344114
0.670751
1.10682
0.587097
0.194159
0.239834
0.659998
0.401915
1.23726
1.45611
0.467574
0.474361
1.87011
2.54071
1.75788
0.151897
0.571175
0.343616
1.41197
2.56457
0.181934
1.15131
0.451098
0.204155
0.210377
2.0934
1.18106
0.712645
0.0730094
0.354668
2.18041
0.490517
2.31701
2.17108
1.20375
0.969805
0.996071
0.389654
1.23664
0.527834
2.47788
0.313772
1.75917
0.844156
0.279062
0.791124
0.632214
1.17504
1.34704
0.936363
1.07791
1.04677
0.560092
0.323186
0.37159
0.208985
1.09732
0.225202
0.520697
1.54824
0.395161
0.488019
1.56351
0.808499
1.26442
0.947104
0.355649
1.05315
2.09333
1.43117
1.58718
0.284727
1.43397
1.46671
0.570775
0.260631
0.402656
0.65369
2.28185
1.05974
1.2239
0.483087
0.820559
3.05157
1.47775
0.769199
1.56255
0.453771
1.05195
1.03598
0.578953
1.16295
0.519573
1.14659
1.27346
0.417311
1.62809
1.61665
0.362621
0.737407
0.363722
1.2227
0.307313
0.509459
0.802113
0.0207754
0.216287
0.452446
2.09432
0.964609
0.7547
0.656707
0.675702
1.05124
1.12068
1.58362
0.882884
0.995362
0.990446
0.565749
0.57892
1.96922
0.168013
1.47556
3.03017
0.609524
0.694559
1.68456
2.54341
0.398276
1.24067
1.21575
0.772984
0.935868
0.354912
2.12167
2.48456
0.314198
0.795825
0.22629
0.0650794
1.35689
1.94931
0.60155
1.46044
0.849965
1.23468
0.636725
0.685107
0.501792
0.950418
0.503462
1.396
1.20114
0.372364
0.637516
1.56737
2.60544
0.409078
1.20404
1.16336
2.06541
1.97742
0.169866
2.01385
1.70119
0.452587
1.08136
1.86893
0.47015
1.00649
0.704573
1.07615
0.195689
0.968572
0.542939
1.36963
1.98843
1.22002
2.09076
0.266778
2.05321
0.353324
0.425497
0.534759
1.34961
0.750155
0.318909
0.348743
0.380584
3.54765
0.473474
1.953
0.250783
0.600672
2.29914
0.549179
1.65834
1.12498
0.810844
2.24156
0.17428
0.665296
0.454007
2.14924
0.671242
2.09894
0.457456
2.42972
1.41275
1.39464
0.19577
0.803238
0.287818
1.17816
0.247604
0.803309
1.13173
0.72429
1.62098
1.46329
0.211365
1.58275
1.01252
0.550679
0.92351
0.652314
0.570213
1.17522
0.775575
1.03736
0.733449
2.33756
0.889394
0.31611
0.48272
0.602729
1.46358
0.562556
0.52845
1.24253
1.1767
0.92057
0.455099
0.779628
0.47554
0.625594
0.738746
0.285452
0.744376
2.57976
0.400788
1.16516
0.484938
1.56729
1.00788
1.19219
0.247043
0.190587
0.641776
1.00156
0.973042
0.829274
0.482845
2.45178
0.397442
0.702217
1.37342
0.255826
1.12521
0.263678
0.245184
0.714759
0.893172
0.765205
0.679363
0.604143
0.299128
0.291564
1.97083
2.58226
0.671327
3.03812
0.234492
0.816068
0.629275
2.58994
0.115417
0.793723
3.13255
1.39866
0.772352
0.539564
1.00353
0.900442
0.595279
0.804318
0.963067
1.38341
1.28679
1.80265
1.3116
0.502737
1.70682
1.06324
3.47292
1.10161
1.49305
1.90755
4.26529
0.489786
2.80911
0.732188
1.03751
1.57351
1.24977
0.557825
1.15229
0.315637
0.579783
1.80945
2.07775
0.644744
0.44455
0.962289
1.50807
1.50154
0.335261
1.59604
0.665334
1.10837
0.965294
1.0073
1.33389
0.554065
2.41974
1.97714
0.312738
0.547595
1.26308
1.54186
1.03664
0.341387
1.4031
0.34899
0.956983
0.210427
1.86051
1.57283
0.195821
0.76604
1.41697
0.703283
1.25652
0.547036
0.482143
0.333839
0.103663
0.290678
1.32564
0.816814
0.385363
2.85225
0.931551
0.967583
1.7956
0.314345
1.36139
1.11978
2.16721
0.575814
0.819338
1.50273
1.08661
1.25592
0.950011
1.11886
0.572502
0.638405
1.19181
1.06295
0.550791
0.379105
1.49555
1.56197
0.398774
1.03189
0.846949
0.122146
0.918324
1.03926
1.6942
0.306993
1.15634
1.40763
0.478041
1.05562
0.326254
1.39472
0.251833
1.72253
0.263669
0.941965
0.107806
0.301753
3.07014
0.163537
0.526208
1.53528
2.13138
0.0728116
1.17383
1.34547
1.34527
0.254533
0.490935
0.227424
1.37749
0.774869
0.374956
1.91864
0.452774
0.801751
0.131067
0.730538
1.08071
1.73378
3.91071
0.977626
0.478058
0.878963
0.446274
0.933062
0.362508
0.926865
0.134182
0.711572
2.50064
0.4334
0.628002
1.04139
0.145209
0.703574
0.663796
1.8134
0.444047
2.43055
0.332972
0.9148
1.48646
1.06744
0.111133
0.412519
2.36029
0.459826
0.491731
1.77935
0.747576
2.78189
0.670605
2.76237
1.65288
1.13633
1.86505
0.799181
0.839012
1.01523
0.443626
0.79089
0.134033
1.73314
0.0241489
0.522303
0.833202
0.645545
0.308117
0.890382
1.22378
0.511775
0.869329
1.97794
1.55346
1.1183
1.77614
0.993223
0.755559
0.825346
0.165359
0.464319
0.778457
0.673284
0.247373
1.5642
0.769533
0.604409
0.252201
0.158726
0.763867
0.403099
1.85977
1.61959
0.966015
0.563067
0.710786
0.4503
1.80181
0.68476
1.84664
0.592855
1.19623
0.979104
0.401776
0.187459
0.612988
0.363226
2.1727
0.626464
0.936464
0.2137
2.56098
2.1739
0.15002
1.00188
1.31411
0.925474
0.917188
1.37721
0.992624
0.495361
1.72844
0.678064
0.118808
0.309262
0.356031
1.64043
1.18511
1.45209
1.11176
0.292304
2.85219
1.6411
1.31117
0.0773536
0.518511
1.34343
0.515219
0.279798
0.562648
0.538552
0.764724
0.99354
0.647991
0.790795
0.659681
0.683319
0.360932
1.2063
1.67739
0.744473
1.03665
1.18018
1.06601
0.238145
1.30411
0.695199
2.34284
0.467444
0.353823
2.35893
2.24062
0.323586
1.83909
0.886224
0.597678
0.873069
0.458735
1.61601
0.597283
4.81205
1.27088
2.46872
0.532033
1.75953
0.680454
2.05001
1.93622
1.62204
0.091565
0.697902
1.00199
0.278578
1.03241
0.820227
0.214053
1.45418
1.14112
1.18764
1.32821
0.913619
0.232845
0.404579
1.30865
0.885454
0.378558
1.07457
0.146495
1.51086
0.483708
0.680179
0.529515
0.261105
0.571438
0.415344
1.82776
0.919113
0.670956
1.03953
0.0922419
0.387605
0.717463
1.34959
0.39921
0.525506
1.33379
2.29546
2.5452
0.255034
0.868437
0.258747
0.520228
0.495198
0.194426
0.246957
0.591091
0.210735
0.806144
2.33977
0.833759
0.240005
0.334723
2.69468
1.7813
3.04005
1.12041
0.602304
0.702231
1.97464
0.35387
0.421145
0.582325
0.95335
0.485172
0.216298
1.34575
1.04178
0.192978
1.18139
2.67587
0.753728
1.49312
2.08852
0.740511
0.899122
0.913176
0.960221
0.450837
0.375133
0.492779
1.1848
0.492722
0.394153
0.722377
0.502534
0.915575
1.17523
0.645868
0.407903
0.369413
1.09587
1.21547
0.561665
0.320003
0.910034
1.43042
1.2325
0.325601
1.53383
1.60084
1.78213
0.618583
0.790525
1.05611
0.489801
1.62203
1.58279
0.348682
1.10775
0.525902
0.175358
2.24704
0.164328
0.686575
0.21144
1.63732
0.328212
0.375453
1.15938
0.992845
0.442684
0.740203
0.89126
1.60973
1.05633
0.90625
0.814736
0.391573
2.02957
0.220741
0.934257
3.13054
0.204831
1.38053
1.27772
0.756607
0.319104
0.598932
0.714964
0.309629
0.566513
0.638128
0.505481
1.42219
1.2117
1.8111
0.732393
0.163618
0.232844
0.169839
1.61521
1.93655
0.931671
0.15955
0.791597
0.475807
1.88511
1.34488
0.092506
0.164145
0.919066
0.648534
1.17045
0.886616
0.590115
0.247614
2.27882
0.251988
2.19086
0.515792
2.14667
0.546096
1.44462
1.46456
3.07149
0.387329
0.327555
1.0117
1.79415
1.19275
0.560211
1.69886
0.848999
1.34417
0.517782
0.390911
0.846117
0.93448
0.923125
0.428452
0.579788
0.538331
0.654046
0.406844
1.73004
0.186533
1.23048
0.803067
1.2538
0.33726
1.18689
1.90237
0.771324
2.93181
2.26123
0.499695
0.283778
0.121264
1.76969
0.692128
1.73302
0.460955
0.623304
1.54132
1.22062
1.76125
0.830612
1.64476
0.186137
0.194631
0.661089
0.299197
0.420191
0.482137
0.276404
1.63303
0.253368
0.219207
1.66014
0.795904
0.582124
3.29112
1.44548
0.71834
0.984193
0.560153
0.760307
0.225663
0.490943
0.689512
0.320611
0.573329
0.216945
0.796505
0.736436
2.34742
0.893348
0.8247
0.554444
1.76405
1.10696
0.45627
0.94282
2.01304
0.434448
0.992121
0.901157
0.49646
0.246939
1.41168
0.586499
1.21049
0.601835
0.279878
0.0732291
0.875021
0.388661
0.802289
1.8221
0.279418
1.19839
0.14021
2.19931
1.68244
0.81457
1.20791
1.31897
1.62354
0.836893
1.12732
0.971572
0.420783
0.629686
1.95477
0.0651956
1.00152
0.235225
0.956581
0.550192
1.35431
0.663155
0.800546
0.445327
0.520307
0.978613
0.0323933
0.296378
0.79616
1.5069
0.362498
2.86002
0.741731
0.667152
2.77026
2.23002
0.0882937
0.792025
0.245533
1.40482
0.540956
0.0198375
0.305102
0.489185
2.50821
0.785324
0.199969
0.605997
0.916426
1.0355
1.83498
2.56048
1.57814
0.946074
0.648466
0.689985
0.125842
1.80342
0.32565
0.870287
0.846079
0.965079
1.19735
1.30996
0.94306
2.34364
0.382436
0.572817
1.69174
1.10788
0.305476
0.439296
1.41876
0.477683
0.399277
1.15853
0.760468
0.244822
0.61097
0.41424
2.25556
1.21714
1.32153
0.602079
0.752115
0.408973
0.778703
0.177794
1.03482
0.122305
1.24591
0.741314
0.400652
1.93359
0.249505
0.7703
0.37091
0.299004
1.99609
0.431093
0.963691
0.931553
0.512556
0.382305
0.270854
1.87954
2.98348
0.615941
0.782958
1.16307
0.555684
0.47346
1.23611
1.02703
0.162802
0.97036
0.876126
1.06479
1.16833
0.183959
1.39406
0.335096
0.514679
2.67054
0.245232
1.25907
2.05291
0.446135
2.2657
0.735656
1.59084
0.0537241
0.534569
0.861559
0.5862
1.97467
0.151879
0.169164
0.252098
0.587632
0.220949
0.612615
0.656338
0.267809
1.21993
0.278852
0.492695
0.571363
1.45212
0.373549
1.3398
1.05365
3.1088
1.20512
2.15506
0.759868
0.799843
1.33929
1.26525
0.834359
0.0181446
0.970231
0.169958
0.217841
0.559975
1.78901
0.00971292
1.29613
0.889018
0.42223
0.200556
2.81751
2.26065
1.94991
1.04564
1.06336
0.550636
2.79867
0.595677
0.931347
1.27283
0.984031
0.905762
2.06813
0.380014
0.569488
0.441729
1.53581
0.577094
0.460601
1.17635
0.75696
0.365293
2.25559
0.368441
1.02797
0.894607
1.15485
0.919721
0.342843
0.626115
1.43857
0.246132
0.829427
0.248616
1.54096
0.483608
1.14788
0.386305
0.981954
0.426687
0.617408
1.10605
2.05853
0.835978
1.3148
0.6491
0.97597
0.794605
0.367395
0.334709
0.380979
0.910273
2.27923
0.622527
0.683296
1.78857
2.34088
4.77215
0.793808
0.748341
0.0848876
0.936874
1.18771
0.399958
1.72684
1.24937
1.22729
1.12933
3.25298
0.246553
0.729375
0.479163
0.424516
1.52016
0.849058
1.25547
0.710066
0.556772
2.12605
1.93671
0.606076
1.21623
0.458366
0.601859
0.162437
1.29398
1.31762
2.12081
0.630462
0.415475
0.642148
1.03278
1.22338
0.185177
0.609355
1.20491
1.34912
0.547221
1.41173
0.427348
0.507512
0.333688
0.618325
1.77168
0.818621
0.687428
1.61269
1.33327
1.09937
0.910772
1.29483
0.418655
1.05401
0.967934
0.516229
2.26737
1.27745
0.409992
1.46356
0.699065
1.55799
0.362014
0.753516
0.418757
1.59235
2.53799
3.64814
0.475779
0.690883
0.508677
2.05188
0.661585
1.97946
0.671684
0.808665
1.04641
0.5666
1.22925
1.25073
1.65016
1.34317
0.926565
0.53166
0.456735
1.57396
1.03444
0.234626
0.125968
3.1937
0.556515
0.21604
0.241242
0.716016
1.82021
1.82422
1.94917
0.265146
0.620007
0.100458
1.25302
0.334658
0.433964
1.61297
0.99915
0.489271
1.87108
0.629369
1.48838
1.27097
1.33981
0.354753
1.93903
1.28467
1.11778
2.61361
0.150873
0.655457
0.890065
1.27678
2.0234
1.0031
0.510498
0.460014
2.10987
0.295299
0.269422
1.33371
1.05141
1.89794
0.413415
0.463062
0.951883
1.47297
0.545658
0.301663
0.1811
1.38731
1.25006
0.690026
1.38685
1.43771
1.43285
1.08965
0.744251
1.12919
1.75348
2.28318
0.210303
1.15769
0.358584
0.705096
2.05054
1.05518
1.20113
1.3303
1.77545
1.91435
0.718395
0.91503
0.315665
1.42751
0.682263
0.608622
2.34411
1.85129
0.556329
0.505361
1.18451
0.27568
0.174303
0.396999
0.45437
0.660163
0.420804
1.73784
0.492338
1.23693
0.449306
0.538875
0.605635
1.44527
0.136006
0.989501
0.220809
1.30633
0.185288
1.17875
1.15921
3.64281
1.59241
0.820975
0.535132
1.32513
1.25406
2.09964
1.22963
0.542096
0.228876
0.71757
0.612294
0.331961
0.0523486
0.576967
0.937967
0.705097
0.509439
1.52423
1.17203
1.01104
3.96401
0.59276
0.342544
2.02831
0.691117
1.16527
0.480105
0.710049
2.94186
0.674282
1.38307
0.707103
0.504432
2.08179
0.488334
0.631945
1.15311
0.4668
2.24418
0.235176
1.55193
0.285808
0.63646
0.359447
0.435467
1.57182
2.27145
0.557264
0.323006
0.503066
0.614715
0.683892
0.740195
0.951974
0.89387
1.20665
0.769991
1.1822
0.71689
0.690766
1.95733
2.31001
0.675285
0.714634
0.147333
0.274868
1.15456
0.428405
0.877047
0.827173
0.702746
0.72228
0.187857
1.82535
1.51149
1.1225
2.22793
0.523401
0.507736
1.81595
1.01636
0.2959
0.70907
2.30004
0.314319
1.02416
1.77886
1.00171
0.800947
0.605581
1.05867
0.538595
1.05446
0.580777
0.674312
0.284177
1.18602
2.52631
0.117371
0.307778
1.291
1.58709
0.727595
1.83005
1.04322
0.574938
0.29884
2.05153
1.53026
1.65307
0.933821
0.998223
0.695858
1.4505
1.57571
1.55309
0.941498
1.88738
0.930904
0.56549
2.38695
1.04453
0.739462
0.28682
1.49617
1.1747
1.3712
1.63118
0.0765229
1.23328
0.982872
0.961967
0.428222
3.01908
1.5791
2.09761
2.00555
1.1416
0.962712
0.879006
0.379794
2.10526
0.916651
2.02038
1.23062
0.830383
0.935459
0.277469
2.08498
0.246539
1.09375
1.96351
1.81784
1.92059
1.33395
0.127681
2.89605
0.644341
0.45169
1.63001
0.986154
1.94104
1.29073
2.47301
0.549645
0.886123
3.41332
2.09008
1.36389
0.908687
3.66659
1.77581
1.14149
0.881643
0.857945
1.1339
0.954251
1.10892
0.746612
0.350594
1.12855
1.76844
1.40477
2.55823
0.216011
1.38232
0.726898
0.992722
1.60125
1.1584
0.474893
0.836432
0.974572
0.13702
1.30225
1.7214
1.34276
0.269047
0.445538
0.62885
2.59915
1.00636
0.453134
1.88811
3.06468
0.448532
1.85366
1.76926
0.122296
0.357574
0.998827
1.23223
0.872851
0.477735
1.74649
1.47427
0.607577
0.957859
0.395629
0.599702
0.456554
0.867475
2.03828
0.30894
1.26414
1.44241
1.27211
1.94406
0.233843
2.54164
3.00391
0.335372
0.381187
0.230706
0.223282
0.652779
0.905715
0.821708
0.57217
0.898057
4.01932
0.9632
2.20358
0.753597
0.798775
0.403984
0.647593
1.15347
0.822585
1.58737
0.796919
0.291258
0.413334
0.9972
0.981458
3.1821
0.541435
0.161222
0.415299
0.788859
2.76563
2.60447
0.969824
0.961595
1.01954
0.944377
0.102428
0.0933868
0.734027
1.36909
0.100331
1.12535
0.575391
0.527713
0.573606
0.688447
1.17619
0.408935
1.09831
0.346996
0.26441
1.44322
1.19828
0.164825
0.930608
1.42927
0.029096
0.361759
0.907005
0.999703
1.40435
0.699922
0.417434
1.22828
0.632385
0.541389
0.360254
1.01857
0.128489
0.429067
0.681109
1.06052
1.74537
0.46647
0.587174
0.396345
0.490056
1.94839
1.35935
1.37583
2.07532
1.27179
2.91871
0.775021
0.505699
1.56164
1.65551
0.446524
0.302232
2.11765
1.71823
1.53244
3.17997
2.22778
0.370937
0.551697
0.841815
1.433
0.25769
0.720321
1.67045
1.37051
2.23672
0.0345558
0.928315
0.444302
0.938525
1.04783
1.52628
2.422
0.879363
0.347478
1.0014
1.42211
1.11525
0.811495
1.48563
0.643062
0.257914
0.443269
1.43373
0.351428
0.792748
1.3071
1.01911
0.614823
0.493507
0.465557
1.00769
0.467782
0.704549
0.875338
0.678824
1.2559
3.06518
0.57214
1.36336
1.41726
0.407231
0.337176
0.375819
1.41588
0.0085321
0.462592
0.151273
0.726244
0.29381
0.803761
0.383706
0.903927
1.17975
2.30019
0.181917
0.668489
0.343764
0.813947
0.678665
0.820894
0.301774
0.96404
1.12546
1.52269
1.2906
0.392846
0.794917
2.64762
1.67113
0.925504
0.291648
0.594521
2.88939
0.162971
0.444817
1.15477
0.309203
1.19262
0.710747
1.43234
0.573189
1.11967
1.00165
0.675811
1.71391
0.213384
1.00298
0.883623
0.872821
0.063443
0.921508
1.10784
0.334538
1.52835
1.26172
0.997995
1.29404
2.01861
2.1653
0.511178
0.607284
0.452251
3.31442
1.39368
0.231798
0.433808
1.55498
0.757864
0.707347
1.32059
0.252524
1.27548
1.38095
0.214889
0.354523
0.0971665
1.22568
0.968286
0.246842
0.336042
0.71153
0.249997
1.51038
0.461821
0.174895
0.399557
0.295161
0.438437
0.278693
1.49813
0.40686
0.26835
0.532742
0.916052
2.39213
0.408674
0.19149
0.606668
0.400095
0.318331
0.625051
0.54446
1.52743
0.947325
0.66279
0.497164
1.34273
0.548249
0.765325
0.351501
0.38979
0.156133
0.705266
2.25006
0.794831
1.11231
0.208257
0.0956055
1.24056
0.377793
1.42502
2.00541
1.75052
1.81387
0.507285
1.25192
1.28503
0.329625
0.414878
1.03811
2.12527
0.429485
1.02883
0.974968
1.4376
0.336769
0.732937
1.09336
0.4821
0.239805
0.280755
2.58611
1.53937
1.28608
0.481313
1.42836
2.64128
0.165448
1.37933
0.576942
1.02133
0.913634
1.06053
1.11589
0.610997
0.693565
0.561224
0.756085
2.35659
0.360532
1.52357
0.853798
0.480389
0.431094
0.626003
1.61942
1.33452
0.656432
1.52629
1.24484
1.11037
1.32611
0.267997
1.3026
0.881019
0.795584
1.52564
1.76952
1.55754
1.38801
0.43322
0.366012
0.511901
2.15558
1.23784
0.402028
0.796671
0.898943
1.67833
0.607332
0.930663
0.566043
1.61269
0.6161
0.574098
1.45276
1.03715
0.24455
2.38858
0.627281
1.7981
1.61566
1.00599
0.570873
3.24669
0.622804
0.86199
0.951137
2.09253
0.714495
0.907414
0.982184
0.846082
2.33487
0.696843
1.60376
0.313562
1.23304
0.030486
0.735572
0.554709
1.50706
1.12542
0.223375
0.517487
1.90717
1.74999
0.652504
1.21853
1.52303
0.455079
1.82378
0.38437
1.4302
0.555705
0.185461
0.105428
0.79176
2.02616
0.786838
3.1692
0.847983
1.00787
1.12374
1.40946
1.35272
0.149161
0.921616
1.84054
1.03089
1.55799
2.24264
0.145552
0.412402
0.945716
0.227286
0.0844462
0.587321
1.10881
0.0607778
2.88629
0.750581
0.909848
1.00658
0.298166
1.13663
1.46124
2.14366
3.15549
0.29104
0.416662
0.569707
2.04857
1.32817
0.919373
0.993914
1.67938
1.26767
0.998909
0.390029
1.26405
0.245399
0.303851
1.51187
1.88006
0.730167
0.770396
0.321918
2.60517
2.35121
2.54334
0.523865
0.816939
2.76767
0.12553
0.28867
0.298062
1.22282
0.300095
1.59991
0.873147
1.32217
0.604438
1.94144
1.34835
1.83706
0.768714
0.710825
0.443022
1.09064
2.48379
2.66536
0.52347
1.54482
0.180637
0.917348
1.09938
0.352821
0.297719
0.282365
0.230268
0.441913
1.07845
0.837493
3.1826
1.82186
0.573816
0.770253
1.20988
0.469935
4.41494
0.849106
0.563042
0.331649
0.558731
2.06939
1.76287
0.548855
0.683497
1.13661
0.848799
4.07694
0.618903
0.892825
0.321331
0.304926
2.64686
0.378567
1.51756
1.43511
0.631018
0.65319
0.848993
0.821026
0.356868
0.329316
0.557021
0.600444
0.442546
2.03787
1.75352
0.364961
0.901423
0.0680214
1.42076
3.08628
1.1424
0.085088
1.56963
0.377735
2.32417
3.11549
1.0429
1.43573
1.88454
0.540891
2.39251
2.50549
1.48368
0.422252
0.258698
0.884454
0.89329
1.31882
1.66868
0.832195
0.639419
2.64212
2.28121
0.971083
1.48478
0.45246
0.817748
0.530739
0.317626
0.732268
1.5652
0.376491
0.335198
0.953918
0.316475
0.158334
1.19888
0.597793
0.321776
0.698015
0.352918
0.7363
0.517284
1.38164
1.53391
1.29509
1.14435
1.29687
0.249806
0.476453
0.837656
1.03147
0.265384
1.81147
0.958409
1.25423
1.9882
0.353962
0.585637
1.10241
0.144959
1.74783
0.906488
0.696854
0.679477
0.304587
1.39316
1.40482
0.355886
3.71491
1.85576
1.81311
1.71162
1.10798
2.31314
1.74693
0.865183
0.431227
2.63705
0.727109
1.31952
2.38281
0.8721
0.810305
0.100425
1.15621
2.16772
0.171019
0.49919
0.63806
0.542205
0.336779
0.361451
0.63602
0.315833
0.325253
0.168684
0.42766
0.743735
0.965722
1.03369
1.40021
5.16522
0.848287
1.44009
0.448642
1.19206
1.10149
1.14744
0.552693
0.541158
0.851659
0.802745
0.845514
0.65005
0.36602
0.35728
1.44687
1.49809
0.360406
0.290169
1.02313
2.44396
2.84281
0.144957
0.934341
1.31291
1.88074
0.821593
1.96825
0.538473
0.252884
0.613636
0.950336
0.383363
0.942723
0.695654
0.852765
0.80125
0.458768
1.7625
0.440098
0.795852
0.96757
0.926739
2.38564
0.779913
0.587752
0.618729
0.507974
2.18729
1.13593
1.96193
0.543022
1.48681
1.56482
0.626092
0.22774
0.0458535
0.882663
0.387148
2.09408
0.236101
0.232493
0.530514
0.701292
1.41091
0.271368
0.241248
0.537061
0.736469
1.52054
2.11913
0.702877
0.490644
0.419096
0.942369
0.686446
0.516702
0.308429
1.09053
1.28022
0.836829
0.612334
1.42376
1.47743
0.50068
1.35491
2.01844
1.28558
0.890766
1.19581
1.57008
1.13304
1.40887
0.934961
1.15984
0.969318
0.867218
0.434034
2.07058
2.35847
0.427042
0.610033
0.94196
0.518069
0.94417
0.247762
0.712688
1.17959
0.318068
0.712789
1.93956
1.26867
0.475102
0.497312
0.111024
0.844719
2.36416
1.45989
0.423676
0.3768
2.26852
1.71594
4.68207
2.21215
0.259734
1.83153
2.33912
1.28584
0.141491
0.593938
0.723482
1.46301
3.16184
0.350201
1.43258
0.52874
1.53987
0.85163
3.34801
1.53998
1.63393
0.885894
1.78928
1.07966
0.740116
2.09048
1.89213
2.38915
0.896025
1.36038
1.32042
0.882513
0.24091
1.11691
1.30618
0.811893
2.35444
0.413113
1.04733
1.4075
0.642493
0.0849318
0.884799
2.4469
0.262124
0.227972
0.821132
1.02493
1.46437
0.300498
0.290093
0.99036
2.00851
0.895665
1.34573
0.162476
1.3075
0.516131
1.34407
0.186499
0.686803
0.380449
0.119912
0.648138
2.12114
0.510767
1.15466
3.22642
0.703331
0.767375
0.708283
0.483121
1.05742
0.728479
1.29119
0.39466
0.727502
0.585213
0.131872
0.236804
0.293504
0.587778
1.60444
1.78081
1.79243
0.335167
2.80825
0.653213
0.766639
1.23416
1.0721
0.765376
0.740472
0.84478
0.273668
0.513734
3.04317
0.733063
0.73323
1.70403
0.882796
1.09448
0.271756
1.33903
1.82656
0.454999
0.490548
0.908108
1.13768
1.76975
0.413417
0.130986
1.18209
0.0901923
1.99038
0.299108
2.69393
0.394025
1.08131
1.15266
0.110704
1.02836
0.639507
0.552134
0.258463
1.81086
1.00227
1.61514
0.735767
1.17592
3.40235
1.03114
2.1808
0.188401
0.43766
1.39451
0.230633
0.525171
1.19433
0.48608
0.862987
0.30339
0.776123
0.381728
1.34107
0.239443
0.7895
1.52304
1.16258
2.46205
0.805088
0.227804
0.529048
0.330239
0.455888
1.05992
2.58227
1.82563
0.743692
1.09718
0.960169
0.410271
0.222558
0.944816
0.420456
2.30827
0.45268
1.21637
2.25037
0.322829
0.348106
0.903521
1.12594
0.435873
0.588495
0.934967
0.871281
1.36407
0.617681
0.56648
0.425025
0.935387
1.24065
1.22315
1.13892
0.633463
1.43616
0.907013
0.314472
2.4537
0.516754
1.14351
1.66541
1.43747
0.196626
1.21741
2.11903
0.956197
0.225908
0.533616
1.22145
0.749119
1.46965
0.353641
1.9207
0.600253
1.8665
1.70216
3.11154
0.68063
0.19244
0.921139
1.0454
1.22054
0.997231
1.39241
0.521135
1.93123
0.250421
2.00151
0.261307
0.588211
0.611188
1.94854
0.0124875
0.495588
0.235255
1.89317
0.519857
2.19297
0.988197
1.84582
0.489776
0.419553
0.270805
0.546103
0.55561
1.13417
2.3715
0.316107
1.20281
1.6425
1.01308
0.98036
0.711576
1.18049
1.03932
1.2518
1.5027
0.538038
0.448559
2.19798
0.871993
0.344144
0.738482
1.66996
0.20262
2.7883
0.806105
0.300806
1.02574
1.01898
0.542635
0.734768
1.03865
0.710288
0.837065
1.96088
1.76426
0.35203
0.628698
0.457033
0.817212
0.100655
0.459652
1.26731
0.906728
0.747691
0.254902
0.233451
1.006
0.89192
0.849263
0.79334
2.04633
0.988419
1.86135
0.529663
0.118715
0.505745
1.03378
1.71582
1.88445
0.940766
2.40297
1.08598
1.36254
0.500676
2.444
0.43107
0.723425
0.94965
1.74313
0.82704
2.70887
1.85648
0.514819
0.0646315
0.529786
1.25159
0.597053
0.346008
0.314924
0.298491
0.251531
1.05206
0.575746
0.220412
0.422983
0.165376
0.565922
2.87028
1.34959
0.202998
1.3665
0.396082
0.350228
0.266735
1.59485
1.95429
1.27234
0.521749
1.19729
3.34265
4.90618
2.80269
0.721938
0.814251
0.307842
0.893198
0.514091
0.566701
0.119395
1.08575
1.06222
0.146998
0.179877
1.67793
0.93743
0.675347
0.825133
0.451804
0.780422
1.03635
1.46489
1.12087
1.47448
0.534133
0.500129
0.936979
1.16878
1.38466
0.454484
2.2456
0.547873
0.485214
2.22679
0.552547
0.483393
0.227057
0.955622
1.21716
0.356412
0.747982
0.255416
0.996729
1.19683
0.487956
0.710095
0.579675
1.74818
0.610919
0.861157
0.785568
1.96637
1.10653
0.320444
0.606649
0.614738
1.70152
0.796148
1.08121
1.65329
2.00542
1.34429
2.57725
0.658956
0.999345
1.34359
0.588923
0.668241
0.237182
0.364361
1.30171
2.59832
0.403447
1.48697
0.552242
1.05871
0.906616
0.970746
0.234866
1.00526
2.41294
0.295083
0.304437
0.670204
0.990357
1.5487
0.11701
0.771968
0.336965
1.77494
1.28591
0.726813
1.01074
0.85344
0.80976
1.72723
0.488617
0.418565
0.262784
0.30985
0.443924
0.72876
0.858631
0.547973
0.18205
1.20158
0.748855
0.497734
0.737053
1.56133
0.176286
1.35835
0.829547
1.85491
1.56245
0.985502
0.329493
0.385418
1.06522
0.176265
1.1074
1.21201
2.03506
1.71863
1.42348
1.00532
0.646993
0.600614
1.9538
0.686423
0.110773
0.0459911
0.575897
0.766012
1.14649
0.243816
0.403529
1.27201
0.561167
0.56065
1.10532
0.900012
0.762158
0.191538
1.39002
0.609609
1.08085
0.481995
0.359139
2.48294
0.847773
1.65566
0.458122
2.24397
1.07337
0.539168
0.868874
0.0491407
0.032914
2.26428
0.08535
0.939386
0.883158
0.370913
0.634274
0.679304
0.316123
0.211832
0.900176
2.62107
0.880577
0.214331
1.01871
0.942923
0.961093
0.276928
1.5638
2.2026
0.797576
0.266536
0.637431
0.448056
1.02813
0.75943
0.343507
1.56865
0.0504999
0.924134
1.81905
0.442015
0.421487
0.7037
0.800299
0.325473
1.94155
2.20916
0.231448
0.616877
1.49583
0.148116
1.37522
2.83347
0.476058
0.70888
1.66354
0.650374
0.800095
1.3209
1.72232
0.924773
0.70723
0.622743
0.558779
1.49102
1.39148
0.678517
0.887138
0.637703
0.551032
0.764377
1.0766
1.30023
0.209921
1.72031
0.478104
1.63843
1.40109
1.11045
1.12572
0.422931
1.10654
1.50978
0.542313
1.46593
2.01156
1.04476
0.586549
1.34159
1.2326
0.64876
0.26698
2.28782
0.706188
2.97162
0.2016
1.29758
1.30135
0.546878
0.0602845
0.821509
0.925739
0.785498
2.00437
0.447764
0.792524
2.08522
1.63103
0.767184
0.658852
1.46624
0.215031
0.979347
0.487999
1.02692
1.26588
1.12133
1.54492
1.99197
1.21335
0.58936
0.967818
1.70822
0.661655
1.4509
0.884267
0.749096
0.485756
0.329098
1.51291
0.725408
1.23086
0.523519
2.36142
0.560148
1.39542
0.724854
1.58899
1.24265
0.599418
0.126061
1.71467
1.38779
0.641809
0.301258
0.822845
1.73565
0.908859
0.250898
0.115471
0.124685
0.183428
0.356606
0.512355
0.65852
0.737761
0.933338
0.145305
0.342495
0.441655
0.58343
0.281905
1.76229
0.622327
0.69086
1.30372
1.90051
1.35841
2.08293
1.8945
0.923658
1.12521
1.19774
1.84141
0.976917
4.18604
3.31853
1.09991
1.31535
1.95125
0.779727
1.13439
0.745288
0.810706
0.145294
0.613221
1.02673
0.579743
0.382709
0.272199
0.10145
1.19458
1.22197
0.426858
1.82921
0.270029
0.891506
1.46607
0.621241
0.673507
1.30733
2.81536
2.06743
0.306094
0.119303
1.13241
0.758418
1.51389
1.09095
0.533744
0.49056
1.39244
1.11286
1.36761
1.29391
1.09952
0.626803
0.440671
1.67998
2.69623
1.93002
1.15324
0.829387
1.76467
0.697981
1.30041
0.413047
0.977452
0.863496
1.46385
2.00228
1.49903
0.659244
0.463865
1.49444
2.11891
2.1485
2.09439
0.254241
0.945494
1.02936
1.02391
0.984047
1.00945
1.34858
1.98255
0.953451
0.253991
1.39849
0.788732
0.345502
0.14509
0.793133
0.365655
0.613163
0.35699
0.512634
1.07457
0.603924
1.44979
0.903809
1.39926
0.904756
1.84678
0.522754
0.932952
1.39814
1.24696
1.29129
0.338054
0.475267
1.29563
4.93551
0.396506
1.09475
0.437746
0.656205
0.427468
1.06657
0.518568
1.03069
3.2359
1.38371
2.11156
0.462125
0.333514
0.370445
1.67645
1.71696
0.786484
0.565408
0.575078
1.362
1.77395
0.709503
0.625211
0.341941
2.24628
2.81325
2.06278
2.38365
0.43785
1.26197
1.39436
0.691871
1.01718
0.477966
1.24744
0.47648
0.558529
0.699525
0.49397
1.07998
0.829978
1.97509
0.680848
0.375529
1.0417
0.336619
1.24366
0.538571
0.748213
1.62758
0.965801
0.130207
2.37261
1.28156
1.37447
0.385459
1.34369
1.23993
0.132524
1.09586
0.326115
2.93094
1.52257
0.365918
0.421818
0.627244
2.11588
1.00932
0.4238
0.325036
2.33843
0.967139
0.277449
0.203482
1.61534
2.934
0.8456
1.18033
0.402653
0.0661279
0.197314
1.57165
1.30806
0.933974
0.488019
1.75771
1.0156
1.14919
0.748055
1.54178
0.515444
0.401341
0.555701
3.18456
0.584056
0.337889
0.400588
0.245072
1.16343
0.447888
1.66247
0.203613
0.531671
0.343869
0.473909
1.38991
1.85031
0.0838394
3.84123
0.511613
0.424424
1.84658
1.10672
0.556297
0.201251
0.971338
0.884
1.52902
0.413928
0.327675
1.48484
0.333272
3.23191
0.95728
1.66495
1.15875
1.23889
1.36389
1.43494
0.82505
0.235644
0.459889
0.997221
1.28932
0.788155
0.0639061
1.85736
0.0645357
1.52599
3.13119
0.544341
2.0764
0.819359
2.09944
1.42364
0.743129
2.03393
1.04051
0.622995
0.988415
1.18241
1.70818
1.3427
1.09006
1.59191
1.05263
0.609068
0.234997
0.572285
0.639356
2.30928
2.28144
1.12982
1.27834
0.675252
0.914902
0.119691
0.803372
0.287247
1.84246
0.220377
1.05453
0.434502
0.149571
3.34972
0.802077
0.876341
1.4745
0.264709
0.480861
1.31942
0.471061
0.796948
0.487569
0.196783
1.84306
0.548655
1.36061
0.580009
1.53863
0.413269
0.605715
0.60677
0.865439
1.2821
1.91515
0.247118
0.589583
1.68623
0.557572
0.529668
0.966616
0.250067
0.394306
1.84656
0.822886
3.58223
1.14581
0.479738
0.325303
1.58575
0.263096
3.70156
1.81077
0.852003
0.421205
0.946913
0.899619
0.827495
0.801693
1.20427
1.9088
0.0142237
2.82162
1.05118
2.26216
1.48269
0.710469
2.23818
1.10378
0.122433
0.517077
1.84818
2.56183
3.13081
0.170802
1.14036
1.62284
0.93653
1.31853
1.21347
0.360421
1.11872
0.141441
0.249634
1.29124
0.120478
1.25162
0.716361
0.795514
1.76901
2.1119
2.22885
3.06664
0.0949258
2.44854
1.50225
0.488423
1.16911
0.34981
2.29593
0.631183
0.240327
1.04534
0.348949
0.868717
0.462921
0.663739
0.802018
1.06491
0.488054
0.710479
1.86941
0.405051
1.77866
1.65064
0.522236
2.70225
0.366279
0.936228
1.57843
2.47359
0.860392
0.750119
1.00399
0.330911
1.47263
0.858901
0.276291
0.697344
0.655369
1.56258
0.365265
0.300235
1.74628
1.45933
0.348316
0.624208
1.65081
2.98418
0.406066
0.463207
1.34663
1.16957
0.70497
2.55246
0.866429
0.647279
0.8439
0.551548
0.708817
0.964786
2.55892
0.705069
2.59381
0.950606
1.65476
1.74074
1.13067
1.20133
0.60707
2.1049
0.691671
1.76061
0.404634
0.476807
0.394062
0.774548
2.67034
0.416965
2.2612
0.364651
3.33687
1.1214
2.61532
0.25249
3.30612
0.743608
0.922383
0.903647
1.50666
0.306855
0.411377
1.00957
0.36453
1.21941
0.973852
0.261489
0.417134
2.29888
0.126428
0.14208
0.700307
0.742959
1.99326
1.46948
0.510502
1.44073
0.143282
0.361009
1.3425
0.57142
1.89701
2.1094
1.53993
0.594412
0.431783
1.53957
1.02917
0.259168
0.827295
2.05291
1.49384
0.544473
0.90686
0.600748
0.477515
0.577193
0.994335
2.10133
2.02757
0.279888
1.12109
0.614431
0.712295
1.30318
2.34813
0.961732
1.19803
2.82781
0.766253
0.290231
2.00316
0.889675
0.878048
0.625649
0.727636
0.291451
0.463041
1.5925
0.481873
0.761098
0.408392
0.481878
0.578143
1.18508
0.82533
0.2158
0.866765
1.64031
0.853862
1.297
0.429164
1.30047
0.893769
1.64972
0.984832
0.575297
0.512436
0.93516
0.696916
1.80176
0.164873
0.0205242
0.885279
3.04363
1.42712
0.437092
0.140779
0.819842
1.27609
0.344696
2.30415
1.62194
1.34524
0.838473
1.37867
1.16516
0.460924
1.08888
0.638952
1.63784
0.246412
1.88712
0.561166
1.4384
1.08078
1.75995
1.14761
0.734224
1.41099
1.61851
1.47914
1.03919
1.27608
0.787802
0.289666
0.838677
0.868085
0.378808
0.445389
0.767806
1.63927
0.788578
0.0976982
1.13229
0.503883
1.23386
2.39155
0.11046
0.369361
1.18409
1.39002
0.709246
0.0830419
0.163307
1.13085
0.92663
1.70891
1.34249
1.32488
0.442244
0.634982
2.9276
0.615783
0.451671
1.52415
0.134736
0.677845
0.547726
1.86949
1.0666
1.51272
0.258393
0.359113
0.114833
1.30356
0.42004
1.82513
0.902706
0.0441914
0.662671
0.503612
0.962267
0.827909
1.32346
1.06145
1.94681
0.150523
0.113179
0.77036
0.325916
2.00821
0.834294
1.04082
1.21364
0.134905
0.103011
0.633558
1.34098
0.894389
1.78418
1.00685
2.20784
2.17901
0.197418
0.759279
0.566715
1.11691
0.647957
1.07697
0.549544
0.219903
0.652758
0.296535
2.14628
0.45806
1.1002
1.08016
0.578175
0.904946
1.45495
1.02752
0.175017
0.613415
0.679425
1.56549
0.442352
1.54468
2.77774
1.20771
2.04928
0.430257
1.09844
0.34405
1.19908
0.426215
0.770195
0.857967
0.782431
1.02432
0.956779
1.0436
1.01664
1.34794
1.5726
0.533444
1.42152
1.57741
0.184083
0.283217
1.59938
1.77188
1.7318
0.96652
2.14556
0.909279
2.72868
1.54214
0.857998
0.518423
0.661863
0.539695
0.296196
0.462438
0.213209
1.91883
0.281403
0.741789
1.34403
3.14166
0.608932
0.471725
1.3939
1.56519
0.577769
0.473161
0.781731
0.266649
1.31436
0.0981358
0.701146
2.17224
0.457183
0.87063
3.77713
0.509116
0.418728
0.479701
1.82061
1.38096
1.45408
1.83974
1.07492
0.834736
2.74067
0.599842
2.70534
0.696528
0.913625
0.194875
0.340518
0.53094
0.847301
1.40932
1.27947
0.911068
0.158326
1.75428
0.466865
0.148663
0.133081
1.88604
0.818517
0.191115
0.783311
1.68741
0.214656
0.520043
0.136157
2.02399
1.91038
0.84062
0.863972
1.43749
0.819025
0.451177
1.1301
0.614437
2.40948
1.2867
0.879903
1.12918
1.9973
1.14831
0.910366
0.747814
1.26095
0.371012
0.559166
0.893766
0.501499
1.20598
0.461843
2.8348
1.84011
1.37986
1.18161
2.2363
0.0955873
0.693255
1.57811
2.14439
0.428384
0.282099
1.16254
3.66259
3.73927
0.944172
1.91921
0.399354
0.988651
0.469655
0.511022
1.00622
1.00479
1.5654
1.80049
1.76777
0.772702
1.32835
0.833977
0.784278
0.33149
0.677585
1.39773
0.30154
0.884914
0.326749
0.68608
1.512
0.83174
0.971184
1.37888
0.387125
0.195532
0.91428
0.963444
0.520614
2.70541
0.464082
0.361007
0.541632
1.69609
0.411058
0.456005
0.753617
0.18949
0.684767
1.49902
1.03808
1.3266
1.34184
0.412972
2.34967
0.869095
1.59908
1.80169
0.711736
0.619131
1.43708
0.181912
0.747343
0.528912
0.298683
2.38555
1.2895
0.502578
0.701775
0.313129
1.37218
0.671663
0.418817
0.26075
0.587908
0.936836
0.648154
1.74754
0.315527
1.52781
0.671312
0.767731
1.65291
1.09339
1.84132
0.541179
0.574175
0.180399
1.05037
0.976094
1.33914
1.95
3.50772
0.0255876
0.68669
3.37283
0.807888
0.544159
0.225306
0.693163
0.18649
0.502711
1.40369
0.057366
1.8637
0.832431
1.4233
0.111549
1.26292
0.0760601
0.484373
0.868592
0.323209
1.07775
0.804645
0.900725
1.04693
0.154719
0.675713
0.644244
2.2142
0.78448
0.535538
0.695353
1.02312
0.989612
0.0962487
0.801534
0.813616
0.878747
0.579297
0.453877
1.81647
1.24506
0.364295
0.655896
0.463781
2.08042
1.48739
0.829326
0.416758
1.12818
1.22932
0.337829
1.25756
0.397495
0.905974
1.41984
0.516957
0.722
0.75331
2.63165
0.527937
0.308327
0.746015
0.515475
0.569134
0.101613
1.8222
0.173276
1.90493
0.664832
0.220149
0.520806
0.358322
0.175341
0.346552
0.688978
1.29655
0.178384
1.10065
1.44769
0.300855
0.744659
2.13636
0.6279
0.11599
2.42391
0.558507
2.013
0.497912
1.85419
1.88384
1.2475
1.09881
1.79012
0.385493
0.251167
1.06652
0.249898
0.36939
1.15905
0.132199
0.355755
1.61125
2.20049
1.69388
0.503195
2.4449
0.0598265
1.1312
0.781342
0.747479
0.83408
0.717554
1.45923
0.814302
1.35046
0.668193
1.53969
0.453209
1.38377
1.09196
0.442329
0.868241
2.01938
2.86987
0.347444
1.47765
0.569677
1.18772
0.351903
0.631181
0.403951
0.645971
1.08928
0.752635
1.01075
0.44746
0.889406
1.77179
0.874858
2.04252
1.87684
0.29934
1.57876
1.34557
0.433504
1.25102
0.0483792
0.609383
0.0840315
0.462692
1.36457
0.839037
0.763433
0.993011
0.19987
0.9012
0.892797
1.4909
1.88055
0.157284
0.130583
0.570082
1.70145
2.40283
2.03887
0.892493
1.10298
1.34414
1.68026
0.704229
0.630164
1.23724
0.565694
1.66856
0.912771
0.110752
1.3362
0.724195
0.777829
0.0979536
1.11964
0.555008
0.382226
0.587298
0.953681
2.21565
0.548078
2.48237
1.8048
0.53659
0.949092
0.803226
0.920746
0.73319
1.63127
0.233726
0.584288
1.25096
0.804639
0.257745
0.724161
2.90692
1.40855
0.64491
0.503072
0.0536495
1.63123
1.89655
1.09652
0.194833
0.849624
0.433478
3.42752
1.35426
0.802201
0.730935
0.316896
0.372408
0.817158
2.42153
0.644401
0.522131
1.53683
1.47578
0.602846
1.17019
1.55867
0.56046
0.986491
1.25026
1.22806
2.51434
1.15438
0.866156
1.62201
1.13306
0.485781
0.505095
0.633795
1.02276
0.830486
0.481246
1.73738
1.71794
0.931251
0.343611
2.64968
0.508104
0.545517
1.85506
0.858643
0.890102
0.745628
0.993707
0.53764
1.22417
0.997188
1.04259
1.86092
1.37526
0.779707
2.50009
1.60774
2.00771
0.416897
2.0395
0.800475
0.650956
0.606848
2.74279
1.93163
1.68936
0.461095
0.0540645
1.39293
1.44208
0.181956
1.55508
0.346295
1.11026
0.545199
0.449767
1.21208
1.83493
0.946785
0.621213
1.25165
0.661304
0.378303
1.06539
0.479122
0.201699
0.415779
1.08651
0.240556
1.88915
1.62032
0.249263
1.73483
2.5249
1.05272
0.362902
0.153574
0.523842
0.62572
0.902196
0.426337
1.10217
0.493682
0.155516
0.420805
2.43485
0.567803
2.11494
1.39148
1.07487
0.475959
0.60728
2.44538
0.563282
1.08619
0.279575
0.440251
1.54699
2.01963
0.806666
0.360132
1.13023
1.00524
0.181067
0.539642
0.173152
0.677441
0.19136
2.71088
0.8354
1.9821
0.675011
0.897769
0.630381
0.554639
0.6586
0.540845
1.00085
0.923802
0.867995
1.87429
2.73937
0.745783
1.83092
0.295461
0.357589
0.926173
0.620509
1.68943
1.10742
2.97524
1.78549
2.97535
0.739298
0.310515
1.59123
0.34054
0.351755
1.99996
0.555875
1.13788
0.617114
1.20175
0.224804
0.543879
1.52898
0.246015
1.23236
1.96266
1.99282
0.964083
1.00722
0.185167
4.883
0.0845705
0.544527
0.324865
0.264712
1.51844
0.682754
0.544979
0.255251
0.639837
4.15693
1.19801
1.43492
1.32955
0.445588
0.390981
1.35175
0.305174
0.965983
1.31058
0.540179
0.353946
0.992954
0.773277
0.329925
0.320083
0.325098
0.720336
2.16906
1.20103
0.804889
2.71101
1.59976
0.69553
0.601071
1.34597
1.79481
1.36167
1.5274
0.229513
2.67199
0.312749
1.33127
0.552014
1.31964
1.6241
1.12772
1.83864
1.15941
0.85778
1.81453
0.350614
1.02657
1.54769
0.697695
0.62531
2.42811
0.143213
1.07755
0.550987
1.09859
0.469627
0.951178
1.12721
1.87921
0.455156
1.73685
0.405289
0.243862
0.556469
1.87578
0.174903
1.2053
1.56425
1.24031
0.14234
1.93083
0.906448
0.785849
0.549396
1.74736
1.63976
1.37123
0.390077
1.59869
1.07464
0.688245
1.11713
1.61082
0.856659
2.64601
0.924539
0.494289
0.734992
1.23125
1.69313
0.638651
1.42762
1.17194
0.156817
2.12235
1.49913
0.59684
0.636926
0.258346
0.877315
1.35472
2.05336
1.6574
1.74918
0.508165
0.606164
1.36751
0.732241
0.947306
0.140402
0.588515
0.108981
2.27443
0.678206
1.71055
2.60648
2.22004
1.07502
1.10823
0.893924
0.226749
1.31604
0.555189
0.991266
0.956345
1.26714
0.88548
0.449469
0.0761986
2.31054
1.58398
0.754249
0.474124
0.95698
3.36078
0.815076
0.145777
1.62202
2.37838
1.09803
0.17872
2.17426
0.76928
0.291105
1.67695
0.499325
1.65086
0.710555
0.795793
1.12539
1.51458
0.563534
1.07801
1.11096
1.59987
1.06788
0.254084
1.34725
0.564887
1.50622
0.773187
0.498401
0.257242
0.498752
1.08587
0.746589
1.12129
2.49523
0.435193
0.613089
1.81288
0.537418
0.328021
2.49587
1.80678
2.5657
0.496912
0.464986
0.799486
0.608412
1.59436
0.738398
1.28231
1.14005
1.35561
1.3289
0.935964
0.908699
1.44738
3.57199
0.390402
0.82021
0.569616
0.280512
0.213227
0.467132
0.845474
1.03344
1.37141
1.33123
1.42007
0.79035
0.602005
0.886439
0.983101
1.96817
1.34407
0.388902
1.02286
0.525075
1.32463
0.224502
1.92113
1.25665
1.10398
0.300518
0.330138
0.242707
0.203098
0.913532
2.16399
0.363209
1.47837
1.38955
2.76582
0.721275
0.892303
1.12214
0.288398
0.400019
1.68308
0.550831
2.70818
2.24593
0.940839
0.969062
0.0969321
1.4231
1.45846
1.60341
0.509387
0.526148
0.504975
0.119204
0.7308
0.260899
0.640085
0.692312
2.12194
3.03035
0.654391
1.32902
0.643008
0.612867
0.714521
0.445672
1.61793
1.76306
2.83017
0.0621946
1.58043
1.53532
0.776485
0.342519
2.07087
0.425736
0.450951
1.06776
1.58703
0.572425
1.49303
0.0970386
1.95625
0.487727
1.06921
1.00365
0.876152
1.52919
0.387273
0.50561
2.0499
1.03394
0.61211
0.371613
1.15515
0.996514
1.63342
1.28817
0.819981
0.911713
0.698651
0.750706
0.46155
1.15537
2.19804
1.64342
0.196055
0.999682
0.620386
0.825318
0.445359
0.231822
0.546941
0.739919
0.21484
0.279456
0.953275
0.986112
1.12971
0.360484
0.206767
0.844388
2.22072
0.63007
1.02563
0.0645332
1.06067
3.03438
0.756407
0.384038
1.0181
0.272254
2.24482
0.753435
0.451889
2.21227
0.313767
1.78835
2.25194
0.38168
1.99075
0.944402
0.360429
0.253296
0.535933
1.86831
0.208451
2.47034
0.174345
1.00927
1.5786
0.313184
2.03036
0.494008
2.05545
0.715486
0.527976
3.17742
0.926549
1.68197
1.84812
0.671019
0.433052
1.10125
0.63689
0.928128
0.954475
1.02093
0.229239
2.20923
0.446197
2.55102
0.691962
0.591657
1.40562
0.898677
0.987985
0.663394
1.20643
0.379605
1.46013
0.636696
1.36166
1.42113
1.35832
0.718914
1.31977
0.663081
1.30194
0.161613
2.73833
1.07923
0.776683
0.574242
0.593103
0.648049
2.02109
0.598802
0.472572
0.904324
0.484713
0.148025
0.62472
0.443997
0.186584
0.0563995
2.32025
1.27259
0.0847518
1.0837
0.34096
2.15978
0.721072
0.550204
0.83761
0.468128
1.74483
0.735095
1.25451
0.835014
1.02628
1.31314
0.698201
0.879645
0.768486
0.867589
0.262095
0.611443
0.3429
0.452149
1.48882
1.34118
1.29969
2.66803
0.735182
0.88053
0.336271
0.768941
0.60055
0.627037
1.01089
0.590087
1.63361
0.996414
0.670615
0.155249
0.229509
1.18156
1.41459
0.768945
1.61374
0.697921
0.160306
0.307658
0.609644
0.0647281
1.24375
0.327934
0.488032
0.417828
0.888303
0.651974
1.62361
0.712731
0.349841
0.964544
0.904687
1.23108
0.955731
0.454044
0.616968
0.194527
1.27538
0.351883
1.67758
3.23189
0.932002
0.857318
1.26096
1.68762
0.273684
0.395227
2.34127
2.10815
0.717025
0.340054
0.608084
1.65177
1.27224
0.947358
0.112943
0.0972784
0.306558
0.473526
1.06079
0.573306
1.396
0.547451
0.32843
0.977629
2.05393
0.242284
0.494476
1.25901
1.76638
0.482473
1.22199
1.1545
0.799657
0.278658
1.60137
0.68092
1.15147
0.183215
0.221109
2.03312
1.12387
0.312943
0.715557
0.23765
1.10005
0.481039
0.577836
0.554382
1.52918
0.364549
0.954637
1.41861
0.418283
0.686079
1.28548
0.492878
0.555011
0.611144
0.503222
0.744806
0.201842
0.428025
0.790093
1.30936
0.174275
1.12744
0.52657
0.985402
0.514274
0.857987
0.400965
0.432439
1.38934
0.645828
1.77213
2.03901
3.05548
1.27773
0.526621
1.08438
2.19425
0.17413
1.19869
0.543667
1.63078
0.144044
1.14909
0.19296
2.48131
0.928888
0.209146
0.214532
0.295226
0.592113
0.779331
0.610941
3.02294
0.963759
0.236028
1.5097
1.08205
0.484512
0.940931
0.639068
0.735017
0.711954
0.461474
1.70179
1.05893
1.06189
0.841165
0.836042
0.219413
0.266533
1.36918
0.90291
1.74306
1.10749
0.545769
0.931958
1.36211
1.93323
1.84199
0.488049
1.04515
0.394288
1.22654
0.761683
0.916035
0.691313
1.64092
0.57565
0.996091
0.498103
1.0642
2.13065
1.59704
1.17571
0.864397
0.395459
1.20042
0.548813
0.844934
0.0987618
1.87362
1.32592
0.364747
0.240509
1.0593
1.31699
0.425774
1.78534
2.32827
1.3898
0.0982091
1.03567
0.750031
1.37804
0.2998
0.930334
0.942574
0.619415
1.5081
0.791389
0.15993
0.843566
0.0987801
0.856869
1.29553
1.31164
0.0425716
0.762231
1.7992
0.257296
0.162225
1.92968
2.18953
2.33074
0.753289
0.656583
1.04207
0.16734
1.43111
1.35265
0.658571
1.77553
0.447459
0.368521
0.220016
0.954062
0.132842
1.76199
0.657569
0.696639
0.35366
0.433572
1.92783
1.33046
0.303197
0.139268
1.78105
0.524146
1.69014
1.72451
0.189417
0.275993
1.1335
0.246699
1.03717
0.446589
0.322338
1.32546
1.10953
0.567509
0.651532
0.56824
0.983022
1.56057
1.24799
0.239066
0.627886
2.36451
0.221825
2.25818
1.4072
0.501522
0.644939
0.417239
0.954528
1.17664
0.518133
0.403432
0.480756
1.20978
1.09769
1.56588
1.23504
1.77142
0.288256
1.27787
0.360111
0.89828
4.88053
1.17655
0.431094
0.558382
2.12385
0.606778
0.469854
0.771275
0.63612
1.40209
2.1658
0.583705
0.861939
0.704819
1.72612
0.479252
0.391669
0.325739
1.62806
0.147969
0.668463
0.585735
0.879272
0.546214
0.747837
0.184787
1.41603
0.382691
0.189262
1.00878
2.3866
0.659936
1.31608
2.04703
0.27803
0.0198558
0.654258
0.794658
0.631954
0.436429
1.26711
0.967144
0.506131
2.02633
1.04287
0.906455
0.657423
1.27234
1.00996
2.78562
1.86798
0.468399
1.0751
0.823439
0.684378
3.88847
0.732033
1.16393
1.69947
1.99327
0.801793
0.293242
0.725126
0.23495
0.645156
0.70728
0.620537
1.2135
1.1035
1.90898
0.729005
0.972677
1.78779
0.370652
1.36489
0.786212
0.602624
1.3892
0.948307
0.636872
0.829905
0.651967
0.16451
0.844079
1.1903
0.343369
0.507472
0.364052
1.10415
0.366913
0.728561
0.138405
1.89334
0.562274
0.585817
0.929088
1.39295
0.312862
2.62765
1.57694
2.57243
0.600236
0.30335
1.84538
3.1281
0.497211
0.275458
1.48081
0.634628
0.519182
1.00852
3.4781
1.18513
1.14248
1.86909
0.629995
1.58847
0.282863
1.93191
0.829633
1.97831
1.63393
1.5503
0.946727
0.148855
1.77031
1.50317
0.818413
0.884007
1.3986
0.507903
1.55571
2.73343
1.00968
1.6826
0.392224
0.4643
0.97768
1.15362
1.05413
0.633127
2.82104
0.264316
0.885631
0.977574
1.74237
0.686226
1.12448
0.280711
0.659116
1.35857
1.16799
0.401987
0.735386
0.687118
0.291826
0.435056
1.97033
0.991089
2.46389
0.789211
1.6033
0.0389637
1.39014
0.945036
0.39985
1.31627
1.63994
0.882139
1.57916
0.272315
2.66227
1.9686
0.224938
1.33809
0.621006
0.369047
1.47254
0.192893
0.878757
0.676663
1.26814
1.09253
0.547821
0.509654
1.72144
0.701911
0.67433
0.822207
0.956732
1.06442
0.464614
2.24634
0.481106
0.720815
3.49749
0.464414
1.18787
0.566616
3.70059
1.7997
0.76091
0.543997
1.0389
0.218358
0.451339
0.936343
1.34289
1.03298
0.387668
0.557456
1.08162
0.443696
0.43442
1.1133
2.41541
0.89078
1.1358
0.767205
1.54315
0.446846
1.35453
0.885837
1.32395
0.502063
2.74509
0.360053
1.54831
0.256763
0.978719
0.175657
0.691886
0.734295
0.183829
0.66234
0.5161
1.27338
0.692938
0.104589
0.622213
1.21973
0.449635
0.815445
0.438825
1.96376
1.60255
1.45006
2.18037
1.90664
0.551174
1.42826
1.37802
0.656146
0.438048
1.83316
0.560575
0.784868
0.863816
2.3156
0.0876543
0.448114
0.610856
0.846521
0.990785
2.57881
0.748123
0.17992
0.861173
0.436266
1.51888
1.06531
0.959799
0.855888
1.46046
0.152692
0.933078
0.538554
0.59635
1.05406
0.628956
0.54143
0.767521
0.687259
0.398332
1.23512
0.220227
0.739446
0.558504
0.764008
1.05762
0.450888
0.480987
2.47601
3.39177
0.542693
1.68198
1.12776
0.501091
2.58497
1.70901
0.516738
0.533608
1.27561
0.742356
2.76124
0.209124
0.630884
0.827126
0.201963
0.511689
0.7403
1.61275
2.45829
0.720976
0.964361
0.647216
1.5485
0.557131
1.78956
0.975021
1.22904
0.947796
1.43712
1.59818
1.14295
1.21222
0.138239
1.40962
0.65171
0.803998
0.967879
0.871042
0.912827
0.45511
1.33679
0.409173
0.230829
0.858414
0.5311
1.08411
0.865497
0.270379
1.1982
2.0812
0.40172
1.01756
1.89538
0.253731
1.11976
2.56298
1.22935
0.0579203
1.49053
0.166595
1.76862
0.509522
0.760172
1.01708
1.4932
3.14356
0.296151
1.26273
1.70057
0.347888
3.02921
2.01367
2.27964
0.344336
1.51779
0.516621
0.892288
1.53256
0.425857
1.03673
0.463254
2.91877
1.2594
1.61467
1.59318
0.232045
0.482247
1.70275
0.525518
0.789662
0.777292
1.73413
0.564225
1.06402
1.85999
0.820389
0.706072
0.445191
1.53083
0.778291
0.785705
0.942707
0.543439
0.383144
0.791958
0.8947
1.49563
0.548424
1.53301
0.588826
0.406074
1.56431
0.607381
0.633679
0.789462
0.776082
1.08478
0.742493
0.451414
1.97542
0.0820397
0.877928
1.11912
0.0733603
0.536048
2.19679
1.34312
0.180122
1.36832
0.51022
0.189064
0.596126
0.676344
0.311631
1.52965
0.179069
0.415956
1.51355
1.71661
0.58652
0.559529
1.24282
1.64857
0.645236
0.142292
3.26692
2.28951
1.1062
1.20907
1.26481
1.64267
0.429585
0.156148
2.49615
1.01068
2.0005
0.105052
0.867505
1.68533
1.34565
0.742206
1.58034
1.35508
0.976023
2.82618
2.85053
0.713555
1.94386
0.546243
0.827222
0.0682822
0.439154
0.509432
2.67924
1.34064
1.0889
0.836167
0.670144
0.767198
1.86123
1.39138
0.392628
0.786276
0.372099
0.803531
0.562576
0.0677049
2.56925
0.0972304
4.18106
0.744195
0.190875
0.537328
0.404033
0.513187
1.20273
0.313414
0.668445
0.140952
0.701835
1.01535
0.588187
1.22293
2.47362
0.356303
1.24222
1.37386
1.5299
0.787126
0.796571
1.03164
0.282127
1.57574
0.691299
0.24025
0.816719
0.877784
0.546656
1.91417
1.512
1.98272
0.915214
0.92009
0.789079
0.66975
0.862569
0.591026
0.0981922
0.798926
2.37445
0.581114
0.345825
1.38341
1.61649
0.532294
0.907702
0.361004
1.69599
0.878815
1.8912
1.42475
0.914432
1.50905
2.80172
2.30166
0.884753
0.124469
1.86776
0.986648
0.844772
0.773492
1.09192
1.11384
0.723104
1.51775
0.703781
1.01837
0.913244
0.51388
0.384651
0.453014
0.62021
0.463795
1.42481
0.644136
2.49839
0.498153
0.739423
0.645081
0.233919
0.812143
0.40577
0.135851
0.681016
1.43373
2.04059
0.372579
0.184717
0.785027
0.913021
1.02048
1.65868
2.01833
0.72423
1.00529
1.74821
0.807896
1.50829
0.75661
2.2302
0.241725
1.63127
0.28317
1.27852
1.41834
1.22959
1.81492
0.62739
1.08954
0.232601
0.371469
1.15814
0.23906
0.457736
0.105235
0.573702
0.393802
1.06575
0.301922
0.933142
0.533907
1.29806
1.34976
0.98797
0.815419
2.00869
0.23586
1.31369
1.82086
1.14478
1.18148
0.954579
0.301135
0.632008
0.233616
1.52611
0.159473
0.524036
0.642119
1.08708
0.89812
1.19425
1.39567
1.50437
0.835345
1.61385
0.356996
0.976692
0.643935
0.877404
1.5252
0.216345
1.27025
2.21808
2.80788
0.393446
0.878632
0.176072
1.02698
0.84849
1.25898
0.934996
2.48998
0.189453
1.51205
0.354762
1.9543
0.603422
1.08857
1.61364
3.9863
1.50634
0.522418
1.04061
0.872826
0.347475
1.0724
2.52159
0.248966
0.930247
1.34908
0.657254
0.400531
0.453743
0.668162
1.23519
0.733798
0.533895
0.603197
1.80474
1.16423
0.632158
1.08172
1.38997
0.393744
0.594219
1.85463
0.388984
2.06656
0.242696
0.532207
0.825993
0.941148
1.35157
0.236686
0.421908
1.52181
2.05446
1.69153
0.433226
1.29236
1.05098
1.40193
1.16868
0.596687
1.50949
0.495213
0.70522
0.630708
3.09969
1.30689
1.93263
1.22777
0.561033
0.952728
0.973362
0.408334
1.71795
2.0966
3.44831
0.283169
0.932615
2.02088
0.224393
0.31485
2.17735
0.249417
0.57524
1.23381
1.43884
0.349917
0.743048
0.0517933
0.195932
0.356935
0.950612
1.76635
0.414064
0.626091
0.872402
0.518362
1.12032
1.16781
1.81585
0.987575
1.69802
0.167252
2.3037
0.229898
0.994602
0.402599
0.734843
0.292547
1.33697
1.51879
0.341622
2.19652
1.1034
1.26477
0.290205
1.39073
0.0713909
0.846981
0.304035
0.898143
0.625981
0.296755
1.71091
1.4515
0.489439
1.06809
0.987982
0.428358
0.395051
1.19963
2.02304
0.934264
1.16456
0.262881
2.23436
2.84225
0.334551
0.754902
1.92105
0.810943
0.836913
0.796976
0.755073
1.26186
0.095875
0.913693
1.08979
2.27186
0.283287
0.904548
1.15442
0.525387
3.51855
0.5036
0.214379
0.352906
2.95358
0.558411
0.766014
1.93628
1.13966
1.0988
0.795175
0.222614
0.543988
0.995129
1.27954
1.43991
0.286241
0.855658
2.07105
0.708968
1.37447
0.872923
0.508137
1.6334
0.700395
1.09808
1.92795
0.211584
1.11104
2.38758
1.70774
1.87033
0.317232
0.516565
0.221507
1.70278
2.96305
0.705056
0.412179
1.11996
0.262869
1.30789
0.511169
0.353844
1.96543
1.07339
1.16014
2.0866
2.01772
0.349297
0.287797
0.97535
0.95643
1.85692
2.08252
1.90083
0.197607
1.39176
1.8531
1.9011
0.502739
0.315
1.15853
0.584464
2.29245
1.2117
0.397984
0.168731
0.534993
0.241134
0.790407
0.804729
1.00606
0.882427
1.1967
0.730326
1.14045
2.13453
0.552118
2.48571
1.50415
1.07055
1.54221
0.622507
1.15125
1.18466
2.3699
0.695425
1.2546
0.736899
0.939528
0.588484
1.78405
1.01691
0.589506
0.685228
2.37577
0.335525
0.046387
0.909915
0.870293
2.33663
0.0366696
3.07226
0.486571
0.50367
0.49899
0.392556
0.484738
1.68179
0.771249
2.41968
0.3031
1.12076
0.9223
1.28998
1.80312
1.27439
0.254168
0.516291
1.4364
2.4736
1.59732
0.774333
0.476804
0.929318
0.939302
0.738065
0.637067
1.12644
0.257728
0.214184
2.02132
0.890553
1.13355
3.1532
2.47754
0.378155
0.719342
1.25982
0.391213
0.84355
0.406819
0.558683
0.553431
1.16964
0.950499
0.895672
0.45549
0.839736
1.73853
0.858991
1.04515
1.66242
0.587565
1.15875
0.543105
2.39658
0.235871
0.429568
0.361903
0.559602
0.803448
0.288204
2.55936
1.31076
0.86256
2.60805
0.107407
0.638173
0.274322
0.666381
2.33021
2.19855
1.66441
1.13493
0.195613
1.32062
0.203243
1.63422
0.178367
2.12834
1.32495
0.427903
1.65927
1.02579
1.63033
0.22325
0.79113
0.533171
0.634213
2.13385
0.439235
0.362844
0.852223
0.691006
1.90067
1.22278
0.663536
1.92226
1.11157
2.0988
0.290735
0.411975
1.87675
1.46335
0.65155
2.24407
0.596218
2.25558
0.463967
1.03632
2.28881
0.266444
3.32189
0.203072
0.561945
0.858719
1.44704
0.398044
0.838878
2.11488
0.83576
1.0333
0.152327
0.855279
1.40392
1.20965
0.536649
1.03345
0.754391
1.42826
0.445313
0.519394
0.173036
1.10406
1.77395
1.83604
0.11239
1.2782
1.13024
0.227354
0.958585
2.13424
1.33968
4.05988
1.6017
2.80907
1.0168
1.46338
0.964113
0.399815
0.140989
0.910164
0.0729204
1.41595
2.54872
0.788936
0.589124
0.910336
0.124728
1.5397
0.229551
1.10993
0.436654
2.22221
2.10613
1.46755
2.10258
1.49942
3.05486
0.373377
0.865876
1.97017
0.127449
1.27811
0.624224
1.44428
0.774519
1.28162
1.11241
0.544559
0.224968
1.72615
1.45372
0.491575
1.59505
1.01721
0.156679
1.50322
0.415631
1.61098
1.07729
1.08841
1.12103
1.28281
0.238567
0.265641
0.360907
0.996081
0.178562
1.13059
0.0748573
0.510482
0.446188
1.5142
0.288638
3.56612
0.558168
0.876108
1.10218
1.61213
0.370831
0.844947
0.605465
0.461241
1.84475
1.13079
0.643472
1.32135
1.32036
1.42807
1.75712
0.677895
0.7773
0.903521
0.907314
0.387711
0.315998
0.93941
0.964369
1.25415
0.661947
0.208165
1.88498
2.13445
0.276669
2.0802
2.6387
0.515635
0.95392
1.33209
0.156933
0.671296
1.02199
1.49947
0.221548
1.07021
0.311496
0.706929
1.25187
0.519545
0.535594
0.271089
0.628621
0.336871
2.08462
1.21791
0.753874
1.07625
1.18434
0.156253
3.24962
1.26415
0.58037
0.430088
1.76406
1.14383
2.66341
0.682813
0.94628
1.88787
1.35562
0.5678
0.553564
0.73752
0.598442
0.558136
0.388202
2.98901
1.75879
0.314134
0.773035
0.22119
0.589932
0.837747
2.131
0.620111
2.90207
0.547548
0.997355
0.439186
1.39001
1.91832
0.820864
1.19758
0.816727
0.738976
1.69009
1.52642
1.55325
0.162819
2.54264
0.703459
1.78579
1.13057
1.14473
0.309025
0.275486
0.549112
0.556719
1.56045
0.220001
0.588041
0.552308
1.66043
1.32934
0.722209
0.71982
0.573582
0.725345
1.47542
2.31922
3.28196
1.41322
0.474366
1.40261
1.13915
0.80719
0.261747
0.5435
0.366488
0.714524
0.86088
0.274596
0.152242
1.15357
1.21871
0.482182
1.20157
0.618064
0.626941
0.76392
1.55759
0.720394
2.45671
0.658289
0.862768
1.71458
1.32823
1.12282
0.382755
1.06807
1.65398
0.379667
0.786401
4.77005
0.769569
3.32909
0.816736
2.46502
3.53549
1.27241
1.28249
1.09163
0.873278
0.35113
0.429325
0.220927
0.598394
0.917054
0.305424
0.985926
0.802426
2.01187
0.65018
0.204743
1.42143
1.29586
0.917738
1.22224
0.819805
0.679427
0.780084
1.47695
0.109878
0.564077
1.33665
0.66425
0.942095
0.642804
0.45026
1.51114
0.9513
0.363991
1.39019
0.746827
0.362124
0.818366
1.26744
0.679217
0.966944
0.589952
0.0872857
1.75407
0.290479
0.528676
0.599735
1.77685
0.185543
0.276691
2.28999
1.60474
3.21716
1.51345
1.12361
0.532199
1.0768
0.820017
1.12814
1.90074
0.528081
0.303821
0.853637
0.273395
0.114004
0.41267
0.831731
2.01589
0.246792
0.135798
1.3806
0.980529
0.44401
1.2535
2.46236
0.116332
2.7257
1.74945
1.36753
0.526499
0.534481
0.239104
1.06562
0.436261
1.3135
0.790459
0.448118
0.627368
1.70474
0.403903
1.06552
0.710716
2.27179
1.11562
0.687036
1.65018
1.93411
0.913633
1.16261
1.6128
1.60509
0.189001
0.416304
0.189196
0.317234
1.39399
0.525937
0.608861
2.52163
1.07152
1.0703
0.290922
1.42121
2.06989
0.883804
1.32995
0.517891
0.136108
2.61106
0.536589
1.36607
1.35971
0.363672
1.33648
0.850392
0.562113
0.0991685
1.48283
0.585919
0.228597
1.06552
0.208625
0.753918
1.09383
1.60841
2.56396
0.524499
1.40761
0.0104985
0.469825
1.36277
0.67055
1.89521
2.1208
0.573201
0.970366
0.510343
1.17367
0.638076
0.425152
1.31506
1.40265
1.35963
0.436211
2.05673
0.727629
1.16502
1.26758
1.56928
0.207881
0.366072
0.93339
0.454864
0.157851
0.308198
0.227827
0.800336
0.954386
0.285651
0.755021
0.79959
0.248615
0.947668
0.908151
0.816103
1.36539
0.377422
0.338258
0.946765
0.335745
0.81788
1.02685
1.18089
1.46062
1.47395
0.382503
1.25582
0.86386
0.65338
0.460097
0.591719
2.27019
0.167201
1.02381
1.03082
1.12566
0.233464
0.915785
1.97148
0.234071
1.72229
0.678054
1.27659
0.675695
0.790527
0.140254
0.0475532
1.03543
1.71907
1.71785
0.517203
1.14944
0.161319
1.14363
1.73391
0.552628
1.30536
2.51475
0.0422898
1.07012
0.538137
0.871647
0.237275
0.953629
1.04501
1.37198
2.29115
0.402735
1.24023
1.24327
0.76456
1.69316
1.28782
0.712205
0.218857
0.913057
0.469802
2.85972
1.29233
0.419317
0.887579
0.610743
0.666507
0.247111
0.735957
0.685799
1.05277
1.7576
1.5513
0.763205
0.410961
2.5312
3.37957
1.04727
1.59005
0.523305
2.28717
1.09431
1.34445
0.525634
0.155092
0.509046
1.73151
0.791252
1.62764
0.793141
1.26824
0.727004
1.68655
1.24598
0.491844
1.35583
1.25639
0.969304
0.706555
0.997892
0.831973
0.709592
1.25576
1.77569
0.515247
1.31038
0.698208
1.77793
1.28933
1.16076
1.68667
0.781876
0.463133
0.725524
0.974358
0.468606
1.3178
2.3678
2.09971
1.89323
0.475885
1.00109
0.380407
0.71234
1.53737
1.74201
1.50432
0.750503
0.407131
1.45516
1.88674
0.332661
1.1186
0.548959
0.19889
1.46383
1.40585
0.0939187
0.427811
2.88892
0.668714
0.906373
1.32662
0.124828
0.566095
1.37241
0.946283
1.32752
0.944901
1.13775
0.0459569
0.425694
0.79962
0.915902
3.70415
0.503683
1.70774
1.03597
0.93188
0.434243
0.723078
0.181369
1.68634
0.716568
0.135998
0.272133
0.174901
0.931386
1.29512
0.31906
0.660981
0.311487
0.61814
0.762929
0.527425
0.700898
0.654996
0.306547
0.209169
0.205211
0.176469
0.560349
1.0208
1.11283
0.407119
0.504566
0.542814
1.6121
4.84198
0.265911
0.727264
1.0365
1.02176
3.19883
0.921609
0.902628
0.950269
1.20374
1.25002
0.447114
0.565209
0.87337
0.381783
1.00308
1.17561
0.74309
1.5286
2.84504
0.912447
0.490003
0.546832
0.0495851
3.32329
1.48208
0.716643
1.82441
0.615216
1.55602
0.0644603
0.0848755
1.62989
0.574802
0.587922
1.48865
0.975585
0.196652
1.04392
1.7767
0.612301
1.00059
0.784215
0.305954
0.819765
0.770546
1.5091
1.82304
1.81097
1.37354
1.71782
0.434666
0.488966
1.2595
2.75153
0.990304
0.597536
1.01557
0.63282
0.443234
0.279775
1.39479
1.2592
0.961218
1.4597
0.303071
1.46507
1.17234
1.78768
1.12206
1.55111
0.155605
1.51647
0.260948
0.69283
0.500186
0.9207
0.161925
1.14556
0.198342
0.503887
0.738675
0.633937
3.52583
1.91753
0.303843
0.441172
1.84082
0.50987
0.661732
0.917917
1.75444
0.787411
0.675226
0.256066
0.638654
0.243104
0.742165
1.1005
0.0269364
1.37951
0.384293
0.92725
0.79892
2.19925
0.816963
1.03786
2.73223
0.229769
0.298343
2.46225
0.0807098
0.59583
0.69718
0.365722
0.952033
1.01849
0.794115
1.13708
0.390934
1.14671
1.04825
1.36331
0.00142895
0.275342
0.21071
0.626179
1.03791
0.581652
0.328414
0.917557
0.0488377
1.72696
2.99282
1.32507
1.30065
2.17318
1.79794
1.01618
0.447411
0.749091
1.04694
0.691316
1.12276
1.48903
2.85567
0.0682227
3.60968
1.8417
0.486175
1.54688
0.0866956
0.426946
0.682904
1.08907
1.17036
1.66641
0.232104
0.987794
0.549314
1.24596
0.164756
0.838272
1.12546
0.484223
0.546151
0.310156
1.77007
0.835166
1.02219
0.0153537
1.33122
0.149713
1.4357
0.297077
0.737934
0.591629
0.438607
0.194876
1.40946
1.21077
1.11227
0.302647
2.41221
1.63927
1.07736
0.0334319
0.572927
1.29769
1.53742
0.855298
2.13416
0.278
1.38438
1.86549
0.528437
0.375081
0.403958
0.547075
1.11261
0.300706
0.404236
3.44098
1.31078
0.788105
1.15571
1.47863
0.839006
1.5024
0.585837
1.60056
1.59991
0.312551
1.36569
0.651315
2.49746
0.670882
0.15255
0.630685
0.719968
0.343046
1.04735
2.24137
0.31449
0.51133
0.49635
1.32775
1.64873
0.166364
2.23934
1.23125
0.162235
1.71222
2.00739
3.04084
0.606884
0.88683
0.153238
1.31916
0.733241
0.509958
0.619644
0.399258
4.2375
1.24904
0.254661
0.351791
0.92272
0.597508
0.53672
0.734783
1.30621
0.352921
1.29468
1.57622
1.66008
0.939612
0.230836
1.66421
7.50969
0.805493
0.356564
0.236702
1.87948
1.44393
2.35417
1.5241
0.652341
0.447583
0.259544
0.863859
0.34313
0.555197
1.40282
0.878317
1.01443
2.23682
0.906598
1.37696
1.27674
1.51232
0.576504
0.660235
0.442028
0.548509
0.596581
0.333516
0.546576
1.4529
0.170483
0.384685
0.334277
1.08903
0.796193
1.16148
0.4016
0.51346
0.590197
4.15014
0.873648
1.64881
0.43901
0.470717
0.301384
1.58639
1.95727
1.13613
1.03655
0.575026
0.664616
0.823007
1.35356
0.740714
0.716034
0.531087
0.145957
0.957893
0.856058
2.1665
0.974111
0.850064
0.936276
0.6524
1.03812
0.816979
0.215689
1.16339
0.653129
0.361761
2.24718
1.17079
1.6098
2.73973
0.520408
0.122715
1.40389
0.554569
0.469783
0.716514
1.10636
0.541149
1.91302
0.995946
0.45787
1.69837
0.895575
0.238582
3.47412
0.188873
0.777911
1.2007
1.14049
0.571992
0.276461
0.906048
1.25762
0.654849
1.43209
0.712592
0.978264
0.736421
0.490304
1.96717
2.7849
0.132137
1.21234
0.382439
2.59605
0.493766
2.16367
0.44723
0.70856
0.37693
0.417667
0.425816
2.41454
1.51902
1.45606
0.721965
1.15358
1.47877
0.90446
0.228021
0.347619
1.5901
1.86913
0.435159
3.18582
0.801967
0.206807
1.36327
0.295127
1.00583
1.01974
0.439934
1.19156
1.81777
1.54442
0.30311
1.65575
1.19784
0.629331
0.847581
0.119371
0.856571
1.39464
0.544735
1.04313
0.89319
1.79475
1.71461
1.24454
0.201703
1.37391
1.26039
0.135971
0.306246
1.40687
1.10655
0.929319
0.732662
0.616277
0.927298
0.947476
2.05264
1.55358
0.887092
0.661412
0.890103
1.43425
3.55151
0.523909
0.127285
0.238181
0.864483
0.616639
0.742038
1.28697
0.752174
2.22984
0.761401
0.193193
3.15323
2.15687
0.77987
0.966522
0.725075
0.352127
1.95409
0.676807
1.58416
0.721746
0.202823
0.0816508
0.950552
1.22923
0.248501
5.50128
1.5767
1.00201
0.423839
0.962792
0.823957
0.822524
2.50949
2.78693
1.64122
2.12598
2.74967
0.465885
0.45791
0.799906
0.847096
1.26471
1.66636
0.683059
0.251857
1.194
1.65388
0.601386
1.33624
0.793454
1.31162
0.517009
0.397356
0.480585
0.823248
0.334863
2.39327
0.440027
0.31511
2.81179
0.774436
0.0920744
2.62903
0.31446
0.956047
0.225463
0.786452
0.737672
0.969915
0.66685
0.525567
0.437369
1.80591
0.237614
1.25552
2.02676
1.03697
0.494631
0.66796
1.08603
1.44929
1.83939
0.612668
1.08049
0.758975
1.13654
0.833316
0.677308
1.08811
0.473538
0.496614
1.05145
1.12472
1.37388
1.16492
0.611574
0.648538
0.384531
0.62278
0.700605
1.03401
0.446191
0.348535
2.96932
1.18506
1.7997
1.91082
0.820632
0.233171
0.536199
1.53982
0.769214
0.516172
0.883331
1.54431
0.371732
0.647174
1.63037
1.43313
0.400756
3.59457
2.08876
0.451388
0.126341
0.331746
0.549574
0.279813
4.16714
1.75151
0.861428
0.988634
1.12146
1.08224
0.655748
0.892321
2.70251
0.656798
1.43706
2.99882
1.04587
0.454932
1.34944
0.184799
0.72952
0.775365
0.600869
0.553686
1.16618
0.543461
0.846606
1.71045
0.432526
0.376662
1.23638
0.994884
0.41366
1.10294
0.800208
0.0774785
1.65825
0.600422
1.19789
0.772003
1.44371
2.38921
0.270228
0.3704
1.15007
0.386972
0.963899
2.74804
0.330869
0.906113
1.77912
1.94102
3.34082
0.598048
0.633491
0.732529
1.09782
1.03433
0.357537
0.364257
2.96351
1.42715
1.56951
1.09754
0.820649
0.410493
1.09554
0.644826
1.6547
1.50044
0.657333
2.46882
0.908729
2.04538
0.179714
0.674397
1.53732
1.01717
1.24633
0.536508
0.543294
0.900322
0.943346
0.202401
0.953576
0.408472
0.631666
0.859704
0.150476
0.865013
0.994321
0.463522
0.403204
1.12981
2.32358
0.104803
1.46866
1.09934
0.683756
0.4142
2.93268
0.963407
0.192446
1.67893
0.868365
0.593082
1.09388
0.759142
1.72639
1.35242
0.808347
0.831441
0.736206
1.15887
4.2421
0.826243
1.14563
1.88226
1.98548
0.878854
0.916385
0.390806
1.81972
1.39906
3.36776
0.366617
0.70539
1.82602
0.458335
0.562397
1.11587
1.67164
0.245976
0.181227
0.430273
0.652769
0.80838
0.345611
1.41769
0.788034
0.311409
0.319614
2.63121
0.206722
0.191903
0.136456
0.0726361
0.379056
0.415359
0.468787
0.222061
1.51872
0.894279
0.654626
0.357673
0.579421
0.681532
0.572753
0.745394
0.657688
0.871468
3.87369
0.572071
0.850472
0.626196
0.707905
2.35501
0.33419
1.15989
1.28511
0.592846
0.447239
1.63071
0.303085
0.57751
1.10633
2.85968
0.667538
0.962833
1.77597
2.44202
1.5132
1.27719
2.24065
0.760792
0.565575
0.864816
1.31267
0.359415
1.41696
1.03376
1.13649
0.703581
2.61326
1.0906
0.669549
0.472659
0.800659
2.89641
0.35745
0.949084
2.93055
1.1035
0.895778
1.33079
0.532535
0.76159
0.541415
2.27268
1.00728
0.317024
0.555941
0.525066
2.44057
2.81927
0.106429
1.43088
1.17318
1.13042
0.197895
1.64916
0.49244
0.982323
0.903263
2.1301
0.278681
0.650852
0.407579
1.88987
1.14842
0.579155
1.10746
0.941699
0.410567
1.14548
0.498627
0.820484
1.25116
4.1159
0.864601
0.624736
0.29033
0.264928
0.43212
1.38288
1.34344
0.443095
0.661695
1.7966
1.27972
0.130635
1.01573
2.10994
0.479231
0.150358
0.789349
0.421941
0.776866
0.664515
0.464332
1.12309
1.16986
1.44757
1.18534
0.697622
1.00034
0.672783
0.674662
1.14865
1.11089
3.06317
1.78028
0.188926
2.60953
0.522858
0.761399
0.294235
1.53143
0.681598
3.06907
0.569577
0.383794
0.719257
0.448706
0.639096
3.08701
0.590672
0.769305
0.484388
0.31124
1.11935
1.11581
0.546718
0.927938
1.31016
0.557276
0.664577
0.71879
0.507504
1.84741
1.51342
0.418528
0.981736
0.243219
0.711512
1.04386
0.148467
2.48923
0.352748
0.436246
0.0994454
1.7206
1.15496
1.15213
0.663728
1.18451
0.842604
0.584132
0.575294
2.31215
0.421225
0.747679
0.59589
0.773038
0.363475
1.26503
1.23315
0.722826
0.388771
1.41551
1.35796
1.14374
0.0165224
0.425505
1.01991
0.709805
0.421898
0.227201
0.962808
0.686894
0.167972
1.11173
0.282399
0.571212
0.922098
0.83051
2.51256
0.855311
3.37795
1.29052
0.164611
0.449996
0.231699
0.490311
1.26135
1.2986
0.461727
0.503428
1.20713
0.166424
1.40826
1.95923
0.324761
1.04744
0.426084
0.44285
1.64796
0.744258
1.48479
1.40729
0.667666
0.27029
0.791718
0.610189
1.21999
0.587481
0.318365
0.920655
0.222606
0.212464
2.16364
0.329402
0.649809
0.433602
0.946008
1.24406
1.24211
0.939224
2.03014
2.19103
0.251077
0.30593
1.65009
1.17249
1.7133
1.0928
1.15178
0.753681
0.361785
1.10601
1.36189
1.93855
2.17551
0.320894
0.683567
0.941072
0.609523
0.241664
1.40285
0.850507
1.8737
1.07554
0.850287
1.00704
0.185391
0.610728
1.48417
0.320764
0.231792
0.501542
0.632757
1.73454
0.847115
0.318627
0.577083
0.677185
0.775776
1.4836
0.214362
1.34235
1.03927
0.196797
0.428776
1.05801
1.00212
0.20612
0.512771
0.599198
0.978508
0.424511
3.54651
0.73622
1.03241
0.181244
0.854796
2.06469
0.264367
0.289743
0.701764
0.737103
1.28971
0.346359
0.0590283
3.11028
0.776315
0.220598
0.488431
2.50504
1.28949
0.916794
0.488196
0.376918
0.314151
1.07579
0.789539
0.499983
0.351047
0.201215
0.817666
1.1854
0.425265
0.133525
1.45438
1.53216
0.54874
0.104742
1.29835
1.44102
0.642179
1.06994
1.28479
1.449
0.94229
2.43789
1.37695
0.162858
0.655891
1.07663
1.42481
0.202382
1.38305
0.687577
0.962722
1.70497
0.0404223
0.92236
0.340512
1.34786
0.441844
1.4664
0.600509
3.70322
2.44721
1.26201
2.00371
1.46499
0.382025
0.759652
2.98098
0.544453
0.604148
0.849741
0.486025
0.450011
0.363533
0.44834
1.13538
0.688881
1.18439
0.724498
0.0580638
1.65317
1.2134
1.38781
0.757263
1.15818
0.20059
0.254339
0.687263
2.95004
1.15485
0.889514
0.800744
1.53023
0.0344561
0.839413
0.44253
2.46242
1.92877
0.865812
1.81889
2.6039
0.214311
0.965517
2.44679
2.15653
1.05632
0.421121
0.773057
1.50834
1.09563
0.0666193
0.960178
0.861838
0.482356
2.34783
0.616116
1.01971
0.658919
0.628389
3.88757
0.728116
2.66136
0.373466
0.495857
0.791811
0.376915
0.575151
1.38255
0.978019
0.491663
0.703703
1.94144
0.609334
2.88439
1.43769
0.967094
0.0694757
1.17593
0.494413
0.400213
0.492792
0.594148
0.363846
1.29552
1.06412
0.999799
1.50056
0.863466
0.808541
0.0932064
0.688486
1.7122
0.992638
0.894088
0.451278
0.827936
0.458463
0.432097
0.759122
1.20554
1.26662
0.163796
1.01436
0.421496
0.663846
0.690405
0.3262
1.85164
0.554655
0.859339
2.04823
1.70306
2.72446
0.335851
0.310724
2.48555
1.03588
1.26309
3.15218
0.127143
0.752562
0.666712
0.649864
0.677002
0.541496
1.88652
0.915402
1.1182
1.14368
0.532591
0.165576
0.929005
0.911035
1.16518
0.826935
0.293253
0.455369
1.06554
0.658891
0.26859
1.16339
1.28976
0.24279
0.244678
0.573325
1.57764
0.72376
0.324569
1.58787
0.754264
0.406682
0.689602
0.788408
0.538454
0.422773
1.18851
1.95388
1.57944
0.0628602
2.52361
0.617832
0.118647
0.312778
1.15546
1.75497
0.22842
2.97575
0.196587
1.06911
0.648152
0.367691
0.459414
0.391224
1.05325
0.705398
0.630942
0.196794
0.641195
0.204006
0.406197
0.754582
2.00722
0.395143
0.932481
0.874856
1.04523
0.623376
0.491426
0.941567
0.0571163
1.35562
2.29465
0.666073
0.491811
0.462445
0.335395
1.69112
0.101377
2.62837
2.47284
1.10796
0.156806
0.553399
1.18601
0.296609
0.268033
2.23306
1.82147
0.28158
1.33251
2.12982
1.91109
0.753974
1.22561
0.778285
0.566916
1.78691
0.639742
0.491865
3.20136
1.28408
1.4162
0.323601
1.01333
0.242441
2.54351
0.853657
1.00164
1.40389
4.12602
0.116039
0.412576
0.17359
0.223221
1.72119
0.273789
0.911956
0.341895
1.57227
0.266269
0.674211
1.10683
1.28053
0.609161
1.7319
1.08173
1.44691
0.852407
0.383048
0.62822
0.358973
0.40228
0.283874
0.0646234
0.582714
0.801026
1.13166
1.63687
0.775846
0.108161
1.17261
0.124477
1.61013
2.41141
1.09804
1.17317
1.58342
0.107424
2.16165
0.654848
0.124178
0.68627
0.664671
1.55541
0.0613056
1.2797
1.45251
6.41357
2.19522
0.936101
0.501231
0.730322
0.175494
1.3815
0.352432
1.37804
0.547581
1.13497
0.279504
2.123
0.878375
0.868655
0.541599
1.31982
0.971053
0.570247
1.47407
0.407461
0.826599
1.07319
1.41996
0.567664
0.645344
1.80197
0.529465
0.347753
0.0862785
0.63411
1.0176
1.01415
1.80205
0.601788
0.588953
1.11548
0.511842
2.12956
0.888013
1.56509
2.38996
0.143156
0.113604
1.26441
0.865629
1.28412
0.590148
1.39446
0.653257
1.63684
0.389286
0.786735
1.37705
0.613018
0.485257
1.28446
1.08163
1.29477
0.0707927
0.247027
0.587677
0.62824
1.02295
0.682546
0.947069
1.47286
0.873243
0.310535
1.18903
1.33859
2.0538
0.456186
0.963867
0.813452
0.612873
0.615544
0.510178
0.902557
1.14654
0.383372
1.01465
0.932138
0.637979
1.64398
0.0749128
0.55573
0.910303
1.53181
0.686885
0.260764
0.453198
0.11507
1.23364
0.37638
0.943622
0.484464
0.549751
1.571
2.46782
0.855617
1.20411
0.661184
0.665006
2.53532
1.41794
1.3012
1.43802
0.470233
0.51507
0.413052
0.457359
0.559478
0.772366
0.712703
1.01004
1.87369
0.659111
1.16306
0.619645
1.71916
1.88022
0.481254
0.104935
0.993394
0.837415
1.43284
1.34862
1.70292
0.930343
0.477707
0.939111
1.20079
0.142119
1.25295
0.532246
0.901342
1.57949
0.426612
0.683443
0.644788
0.257177
0.64536
0.775949
1.43505
1.82316
0.457423
0.687146
0.221079
2.60119
0.206659
0.789599
2.08709
0.858397
1.91803
0.439809
0.362172
0.344978
0.647569
0.87711
1.56192
1.32359
0.436374
0.81689
0.299374
0.468513
0.672016
0.745715
0.369228
0.623525
0.957314
1.21629
0.643455
1.59087
0.289505
0.794729
0.345273
1.06229
1.03107
2.55155
1.07179
1.20215
0.0908172
1.74821
0.839613
0.72432
0.708797
1.82843
2.42748
1.59063
1.17534
1.17599
0.533137
0.356225
0.444823
1.74193
1.04021
1.80591
1.96201
0.856183
0.328321
0.784254
1.35914
1.47385
0.243539
0.62579
0.707855
0.599231
1.00042
0.421895
2.35286
0.823044
0.392843
0.67483
2.17391
1.92715
1.62659
3.5518
0.890583
0.209818
2.02256
2.42975
0.5184
0.158421
0.860237
1.43783
0.825499
0.325439
1.02462
1.11152
0.477489
0.67225
0.679203
0.539507
0.751137
0.728419
0.580854
0.733244
1.071
1.46196
1.61192
0.225442
2.38583
0.330497
1.95086
2.19474
0.528288
0.160955
0.3695
1.72699
0.483303
1.46148
0.743234
1.3572
0.182427
1.36795
0.931978
0.0562548
0.629598
0.862127
0.783583
1.33423
0.47543
0.565852
1.66655
0.561445
0.120675
0.80207
1.19344
1.46947
0.300588
1.29035
1.62518
0.574718
3.28899
0.251858
1.70863
0.778956
0.325876
1.08885
0.156945
0.881737
0.288467
1.01862
0.441864
1.00323
0.165693
0.237027
0.351033
0.274793
0.503584
0.198721
0.619136
0.297714
1.119
1.54371
2.13676
0.710377
0.590402
0.204563
0.841654
0.727033
2.17059
0.44717
0.680254
1.78464
0.781767
0.867135
1.37827
1.06424
0.802117
0.704436
1.2131
0.697365
1.11457
0.693596
0.51684
4.78688
1.70771
0.79422
0.498188
1.87539
1.08872
1.91001
1.46163
1.70414
1.29572
1.25578
1.81758
4.49033
3.72531
1.12826
1.47914
1.22118
0.380286
0.460505
1.75191
0.898795
1.49569
0.580954
0.451031
1.65432
0.427913
1.41702
0.346024
0.687085
2.81891
0.831163
2.00888
0.837185
1.14149
1.85798
1.97039
1.1971
0.724875
1.48348
0.929771
1.90328
0.368738
0.474318
0.462828
0.204101
1.17956
0.479509
0.486342
1.36271
0.340785
0.416158
0.773648
1.19583
0.797378
2.83801
1.85458
3.45469
1.02222
0.131859
0.470959
0.289474
0.312614
0.295766
0.646189
1.15227
0.169191
1.60069
0.252076
0.838991
0.570297
0.601967
0.513784
1.97174
0.220835
0.754741
1.05378
0.958984
0.944724
1.35605
0.52693
0.500037
0.503241
0.103496
0.719737
0.175277
0.725642
2.2119
0.697413
0.507939
0.155617
1.02916
0.991962
1.31754
0.745589
2.21543
2.48978
1.31029
1.32258
0.474981
0.515406
0.959312
0.538609
0.451164
1.57502
0.319203
1.78902
0.373922
0.121596
0.45683
1.41963
1.66303
1.01327
0.514034
1.11297
0.879937
0.299498
1.79456
1.92435
0.946122
0.468217
1.40897
2.16398
0.601853
0.750259
1.80914
0.191212
0.817633
0.546369
0.817338
0.163467
0.821748
0.593553
1.36256
0.792504
1.58771
2.25212
1.45374
0.745319
0.0709803
1.37609
0.484578
1.73859
1.35215
2.94309
1.07265
2.05832
0.444444
0.749387
1.2367
0.551843
1.52065
0.162285
0.638241
0.36215
0.636671
0.454385
0.702724
0.210843
1.11834
0.434717
0.506692
0.201733
0.556617
0.0580735
0.49499
0.913398
0.319647
1.20837
0.28824
1.24236
1.74272
0.559532
0.127812
1.62253
0.135921
0.631175
0.994358
0.535363
0.385129
3.38499
1.86753
1.3292
0.941334
0.511183
1.72529
0.424936
1.30525
0.421668
0.814257
0.36941
0.295323
0.857534
0.478662
2.79668
1.44006
2.2157
0.478729
0.175267
1.56921
0.545159
0.741863
0.408253
0.406062
0.217578
0.717424
1.13159
0.915269
1.73492
1.73886
2.88814
2.84557
0.350038
0.235171
0.527692
0.146636
0.401685
1.45302
0.789516
1.10182
1.63966
0.117892
1.92938
0.658675
1.52864
0.522717
1.60595
0.970516
0.854056
1.7498
0.378032
0.248906
3.55035
1.48208
1.67773
0.549735
0.507272
0.835283
0.381191
1.07401
0.519184
1.3077
1.35616
0.372619
0.733949
1.38025
2.00976
0.767498
0.236651
0.755996
0.44958
0.522613
0.716268
1.66132
1.51957
0.520695
0.0709352
2.02721
0.982914
1.57215
0.253194
1.16448
0.603522
2.5713
0.556992
0.158896
1.18531
0.63667
1.00703
2.52008
0.616133
1.52919
0.461653
1.1143
1.4926
0.095305
0.366116
0.166104
4.79986
0.956505
2.95678
0.508706
1.97495
2.08127
0.35205
0.391463
1.37628
0.367515
1.63259
0.841477
0.737106
1.40157
1.49402
0.575916
0.637093
1.02168
0.72402
0.320274
1.06912
1.54184
0.3177
1.22714
0.575348
0.326587
1.01705
0.211783
0.235777
1.50145
1.13143
2.2194
0.352313
2.92971
0.912634
0.438792
0.652141
0.204675
0.991523
0.119909
2.99255
0.5414
0.133453
1.67656
0.378634
2.29305
0.457851
0.509146
0.954007
1.15807
1.55901
0.789088
0.807993
2.32195
0.702135
1.30291
0.195418
1.0102
0.353762
0.43722
0.993264
0.281416
0.440428
1.6317
0.392083
0.286948
0.598244
0.821518
0.362292
0.157319
1.11855
1.03814
1.51869
0.377216
0.444112
2.36806
0.387532
0.168652
1.08771
0.398768
0.266371
0.717889
0.232911
1.57627
0.09529
0.515635
1.77725
3.28994
0.271564
0.940559
0.72165
1.02328
0.462007
0.466195
1.16528
1.13981
2.08911
2.16999
1.42
0.438931
0.117816
0.97962
0.686806
0.601919
0.454661
1.00494
0.568794
0.642422
1.55983
0.517882
0.139578
1.38366
1.26236
1.24801
2.06041
1.25973
0.876244
0.689422
0.614547
0.0480524
0.660227
2.21893
1.12598
1.62184
0.146952
0.716322
2.05518
0.741206
0.462449
3.28742
0.474255
0.582386
0.907154
1.32483
1.94426
0.740825
0.420065
1.12049
1.43274
0.200288
1.24499
1.20161
0.606287
0.645417
1.20634
0.30481
0.337084
0.739222
0.760517
0.748286
1.08835
0.884773
1.06085
0.644992
0.398179
1.62482
0.701484
1.91799
0.801872
0.928444
1.78185
0.369858
0.228769
0.682755
1.77099
1.32003
1.15339
0.711502
0.445766
1.57912
1.17057
0.909848
1.2614
2.14293
1.34382
1.2477
1.40397
0.558132
1.84399
0.275088
0.0212117
0.761932
0.666859
0.590391
0.777212
0.898257
0.589803
1.40785
0.427391
1.93403
0.934256
0.0928809
0.657619
1.32685
1.22079
0.0211001
1.44998
0.917701
1.19712
0.421854
0.83225
0.483929
0.815965
0.0652236
0.739243
0.380575
1.05536
0.220303
0.686712
0.189646
0.277238
0.755706
1.3248
0.196772
1.19004
1.23489
0.268824
0.451809
0.51424
0.173342
3.64751
0.476356
0.198781
1.01551
0.749698
1.37425
1.26282
1.22333
1.29517
0.254652
0.205727
0.411184
0.647089
0.358884
0.667885
0.483377
0.0847066
1.79021
2.50448
0.117522
0.14098
0.682088
0.543987
0.775104
0.978376
0.29726
0.302631
0.300901
1.20094
0.670284
0.207241
0.558406
1.3981
1.01965
0.674709
0.0821273
