1.01159
1.09117
1.04552
1.07613
0.929519
0.953018
0.874775
0.966236
0.953198
1.03319
0.922586
0.93096
0.863654
0.960556
1.03296
1.04761
0.983081
0.920577
1.01444
0.905209
1.12302
0.942042
0.939837
0.940981
1.09801
1.097
0.829824
0.979708
1.05555
0.984565
0.888638
0.913259
0.949865
0.908009
0.992812
1.14347
1.06256
0.942452
0.89031
1.04575
1.00271
0.885012
1.15778
1.0352
1.10746
1.06884
0.821895
1.01325
0.814451
0.798636
1.0987
1.162
0.923099
0.852121
0.818739
0.809109
0.874946
0.847325
1.08796
0.980268
0.796999
1.08356
0.961299
1.03578
0.908432
1.14119
1.18194
0.887838
0.825778
1.02072
1.18629
1.02164
0.967006
0.950299
0.999618
1.10325
0.906497
0.846123
1.06902
0.899019
1.20308
1.35061
1.06855
1.07841
1.02094
0.986712
0.93929
0.928534
0.825702
0.993245
0.912323
0.888704
0.965789
0.830733
0.849393
1.0161
1.06042
1.0108
0.880584
0.847239
1.03132
0.878272
1.0527
0.961741
1.24458
0.92234
1.2107
1.11438
1.10807
0.95658
0.944318
0.994904
0.923177
1.12076
0.913384
0.882196
1.16159
1.1464
1.13571
0.965123
1.05625
1.03278
1.12489
0.954713
1.07072
0.954039
1.0527
0.902642
0.912302
0.950262
0.863593
1.05286
1.11794
1.08344
1.11469
1.04684
1.04064
1.14266
1.06224
1.09151
0.937194
1.08659
0.872305
1.02584
1.06104
1.07739
0.97749
1.23051
1.04427
0.909478
0.913032
1.11712
0.994762
1.09455
0.929722
1.07071
1.10171
1.06005
1.06131
1.07703
1.12086
1.01287
0.899715
1.01482
0.878321
0.999264
0.935472
1.25049
1.10933
1.02254
0.9347
1.10292
0.940173
1.08135
0.931255
0.953059
1.06191
0.904853
1.26042
1.04306
1.12812
0.982907
0.951718
0.92177
0.891653
1.05435
1.11045
1.13636
0.907486
1.15399
0.945423
1.09082
1.05873
0.841273
0.919857
0.955719
0.9528
0.982512
1.00246
0.895824
0.977123
0.852071
0.990533
0.858129
1.06357
0.976764
0.96129
1.1455
0.965718
0.999813
1.11758
0.931932
0.932535
0.961698
0.944129
1.11082
1.02299
1.03398
1.07174
1.11174
1.09917
0.9473
0.984339
0.813152
1.14765
1.16548
0.96997
1.39988
0.974547
0.886752
0.981736
0.809139
0.934509
0.969753
0.82062
1.15777
0.872632
1.06308
1.05791
0.965087
0.926553
1.11476
0.985437
0.877648
1.01264
1.07635
0.891458
1.01022
1.13195
1.14848
0.996661
0.968384
1.24914
0.996573
0.897659
0.947276
1.01978
1.01625
1.06237
1.13968
0.983982
0.889148
1.10753
0.933026
1.04259
0.96138
1.00416
0.944413
1.1181
1.03289
0.987758
1.10039
1.15022
0.944516
0.876717
1.07253
0.947747
1.08435
1.17757
0.949995
0.910479
1.09268
1.01199
1.02933
0.917154
1.08682
1.03163
0.878799
1.06637
0.902042
1.13634
1.03134
0.937966
0.991833
1.06655
1.06775
0.901995
1.00235
0.91639
0.955808
1.06181
1.10594
1.05865
1.02992
1.04666
0.977864
1.01777
0.932081
1.06469
0.946113
0.799024
1.14669
1.07584
1.02407
1.0984
1.05621
1.1162
1.12521
0.929698
0.973039
1.01399
1.09351
0.817923
0.949333
1.19285
1.05343
0.930116
1.08827
0.98139
0.92125
1.06256
0.977529
1.09645
1.06945
0.923032
1.07576
1.05971
0.997995
0.960166
0.917054
1.09658
0.948842
1.02369
0.998002
1.20035
1.02838
0.832055
1.05908
1.10793
1.17393
1.10231
1.16188
0.940447
0.978687
1.05707
1.1597
1.0566
1.06559
0.909435
1.07189
0.985986
1.007
0.944544
1.04125
0.886449
1.02362
0.997184
0.972232
0.811201
1.04968
0.955755
0.946889
1.05654
0.938739
1.02176
1.01455
1.15914
1.19667
1.07948
1.17268
1.22021
1.02904
0.975087
0.967602
0.933985
0.905685
0.871607
1.06495
1.05667
1.00341
1.14084
0.979958
0.955315
0.931636
0.810433
1.04079
0.909568
0.89171
1.03412
0.911527
0.893517
1.05867
1.06023
0.965162
0.891206
1.01962
0.835604
0.859617
0.990035
0.858458
0.831293
1.13766
0.974414
0.925286
1.10547
1.10586
0.993182
1.2535
0.943782
0.932037
0.932309
1.08481
0.982865
1.0832
1.02589
1.1061
1.13336
1.02033
1.23801
0.98433
1.05508
1.14447
0.872636
1.18332
0.925426
1.00753
1.19236
0.979247
0.900386
0.921288
1.03812
0.975288
0.926595
0.971332
0.952212
0.900207
0.876718
1.02744
0.784616
0.954979
0.828736
0.967871
1.07604
0.993424
0.948508
0.932727
1.03718
1.09243
1.1672
1.08925
0.928795
0.976683
0.896114
0.946078
1.04701
1.03358
1.08851
0.839234
1.07265
0.980734
1.01622
1.00522
1.17585
0.93573
1.15236
0.939448
0.983795
0.959362
0.723737
1.02907
1.02127
0.994862
0.84063
0.996987
0.882587
1.13941
0.984271
0.959286
0.933166
0.956692
0.894887
0.76345
1.00559
1.2338
0.981692
1.03167
1.08791
1.31554
0.966365
0.921416
0.862518
1.00661
0.906474
1.00013
0.833103
0.833301
1.23277
1.01309
0.932303
1.08032
1.04968
1.03321
1.04835
0.986175
0.88819
1.16458
1.0048
0.872023
1.03324
0.821256
1.20741
1.10994
1.11436
0.961677
0.873218
0.873809
0.873824
0.863787
0.950077
1.11528
0.941614
0.930994
1.0421
0.950048
0.973184
1.06739
1.03573
1.10047
1.07921
1.08849
1.08881
0.859776
1.03718
1.00482
0.909327
0.840392
1.09283
0.938213
1.13109
1.04519
0.905973
0.846653
0.870212
0.939144
0.954244
1.15846
1.09074
1.01033
1.13092
0.814867
0.882988
0.991044
0.87646
0.783025
1.05938
1.10233
1.06941
0.960108
0.938373
1.01109
0.929173
0.981515
0.904882
1.14075
0.889314
1.06844
1.00233
0.942501
1.08207
1.10945
1.08657
0.80464
0.9772
0.868654
1.0568
0.916392
0.900702
0.767481
1.05096
0.901479
1.11014
0.938281
1.02913
0.836531
0.801216
1.02584
0.914756
0.792629
0.910667
0.879814
0.908958
1.03323
0.908274
0.979195
0.916471
0.803508
0.906531
0.959449
1.12406
0.958461
1.01586
1.05852
0.940646
0.916002
1.14921
0.91935
0.856888
1.05634
1.17179
0.954955
1.10177
1.00017
0.984401
0.989985
1.07731
0.998225
1.13827
0.905137
1.03114
0.972002
1.25938
0.984216
0.905372
1.00798
1.07622
0.957664
0.932268
1.0418
0.9571
0.969313
1.10006
0.920561
0.988007
1.03675
1.04956
0.987384
1.09487
0.928833
0.937779
0.826481
0.955718
1.25317
1.03256
1.02201
0.955704
0.970476
1.07718
0.840295
0.930735
0.943161
1.02547
1.0576
1.07359
1.11034
1.03144
0.876093
0.895378
1.07461
0.927749
0.968901
0.865468
1.11074
0.994506
0.934526
1.19285
1.0686
1.04001
1.0402
1.15907
1.06712
1.03062
1.0259
1.0825
1.02165
0.853243
0.985324
0.998361
1.00193
0.767532
1.03561
1.05501
1.07887
0.87226
1.05107
1.02092
1.07995
1.01804
1.06796
1.01905
0.947114
1.0291
1.06225
0.846852
1.01945
1.00329
0.971749
0.962618
0.820748
0.957158
0.884825
1.05771
0.924176
1.09345
0.992003
1.13234
1.11778
1.25563
0.963384
0.95388
0.879375
1.06997
1.00271
1.07276
0.974771
1.01069
0.948727
1.08491
0.969087
1.00845
0.856498
1.02962
0.971011
1.09069
1.03868
1.11563
0.909419
0.912815
0.901948
0.889836
0.987944
1.03718
1.11447
1.2517
1.01216
0.913547
0.962996
1.16434
0.822648
0.980285
1.14476
0.96267
0.878504
1.08356
0.892951
1.10694
1.09306
0.951191
1.02969
0.97638
1.01218
0.903241
0.982929
1.01733
0.938534
1.00351
1.08123
1.06548
0.905372
0.934739
0.962688
0.849479
1.07122
0.935451
0.90745
0.971742
1.00361
0.921762
1.10396
1.13059
1.05671
1.11338
1.09622
0.872378
1.08367
0.935967
1.07045
0.883936
1.00145
0.803394
1.00521
0.953265
1.10482
0.946106
0.848546
1.05486
0.955275
1.04282
1.05917
0.919655
1.08023
0.924913
1.02699
1.15907
1.1262
1.12905
0.891814
1.02298
0.863955
1.02242
1.15508
1.02779
1.04906
0.912707
0.880571
1.01451
1.0668
1.13185
1.14446
1.06811
1.13269
0.900519
1.01571
0.953718
1.07471
0.979737
0.849552
0.766062
1.12432
1.13201
0.947711
0.841199
1.03079
1.01727
1.07818
0.987676
1.07692
1.01848
0.983622
0.912261
0.984007
1.08343
0.808405
1.01586
0.908483
1.01548
0.947952
0.965315
1.13781
0.845389
0.923813
1.01966
1.1395
1.10421
1.03923
1.068
1.0408
1.03024
0.966694
1.10123
1.08654
0.862698
1.15379
1.02655
0.91928
0.973644
0.931879
1.08001
0.917694
1.13253
0.852198
0.889276
0.830404
0.940544
1.08886
1.09288
0.949773
1.00065
0.939553
0.750418
0.932259
1.01041
1.03418
0.861403
0.986012
1.07263
1.27518
1.04268
0.95447
0.935384
1.13792
1.05455
1.10279
1.13623
0.975413
0.865143
1.09917
1.02008
1.08498
0.998691
0.975872
0.883609
0.960009
0.940857
0.971098
1.05254
0.853533
1.05146
0.872113
1.14465
0.865121
0.823081
1.08091
1.09583
0.798029
0.98688
0.843192
0.940409
1.10232
0.907997
1.19943
1.04488
1.06513
0.834634
1.08575
1.03188
0.979021
0.671397
1.09963
1.25328
0.859063
0.98856
1.03058
0.949602
1.04131
1.04745
0.961595
0.877869
0.99403
0.802499
1.05875
0.96217
1.10319
0.967711
0.948256
0.903954
0.92337
1.11012
0.989703
1.15159
0.991172
1.00701
1.05915
0.976496
1.21322
1.00576
0.859848
1.06567
1.11516
1.01791
0.854721
1.07857
1.08202
0.947958
0.92262
1.07894
0.99538
1.07819
1.03366
0.875633
1.1254
0.854438
0.991183
1.16768
0.778573
0.973177
0.988656
0.99183
0.808213
1.05675
1.01508
0.932489
1.09348
1.03053
0.943655
1.09725
1.03303
0.823693
0.979579
1.12117
1.12956
0.911191
0.997795
0.935979
1.00882
1.04679
1.10597
1.03503
1.04171
0.935442
1.06561
1.05389
0.91369
1.07944
1.03464
0.864955
1.17944
1.15231
1.08068
0.96261
0.948662
1.02769
1.00919
0.937414
1.07863
0.856626
0.902378
0.895546
1.03802
0.971701
0.830853
0.921878
0.884416
0.972606
0.880254
1.22372
1.12561
0.874324
1.08612
0.909801
0.959805
1.05771
1.06078
1.03278
1.08703
0.862738
1.02835
0.987578
0.954742
1.02866
1.0717
1.14752
0.907661
0.883123
0.839658
0.993024
0.926421
1.01668
0.987014
1.25844
0.781613
1.03018
0.848406
0.975345
1.00504
0.850312
0.855092
1.10784
1.17043
0.855605
0.91243
0.890546
0.884771
0.928726
1.12256
1.12392
0.80044
0.891426
1.09172
0.952071
0.996585
0.845416
1.01523
0.822753
1.12871
1.23112
0.845889
1.01417
1.01543
0.947155
0.841275
0.992817
0.850165
1.02725
0.93213
0.98213
1.03625
0.938407
1.08491
0.948266
1.08839
1.18118
0.960341
0.989259
0.919622
1.13708
1.08068
1.21708
1.07811
0.883999
1.14571
1.02001
1.06399
0.89534
0.90169
0.918138
0.956521
0.862262
1.17166
0.857142
1.04261
0.962895
1.0313
0.97328
0.923092
1.00471
1.11178
0.984941
0.917138
0.950146
0.981654
1.01842
0.964336
0.90606
0.816477
1.02635
0.885546
1.07578
0.887488
0.938352
0.763176
0.841313
0.921043
0.979848
1.00903
1.12012
0.90778
0.803596
1.12212
0.946292
0.987833
1.05251
1.00274
0.925911
1.02403
0.958769
1.04428
1.05644
1.04007
1.14457
0.92218
1.10225
0.921073
0.994977
0.909467
1.15232
1.03874
0.916983
0.966781
1.22927
1.06315
0.969152
0.942819
1.1176
0.911003
1.14935
0.82315
0.933635
1.00178
1.04009
1.0475
1.01834
0.965069
0.884697
1.15832
1.08979
1.08264
1.01702
0.941139
1.14304
0.956843
0.897463
1.06424
0.910129
1.01068
0.980519
1.0914
1.13184
0.93419
1.13615
1.02069
0.818551
1.03655
1.10356
1.15102
1.03433
1.12897
1.00902
1.18304
1.01057
1.06778
1.05782
0.994113
1.02922
0.90087
1.07178
1.00635
1.0983
1.0021
1.00064
0.987827
1.07695
1.05789
0.991156
0.933268
1.01139
1.07716
0.993666
0.979109
1.06203
1.08344
1.1063
0.844771
1.09931
1.01344
0.929261
1.00238
0.954605
0.895788
1.02795
0.896863
1.0463
0.899119
1.14504
1.07107
1.12137
0.986154
1.02459
0.993754
0.879138
1.05836
0.994845
0.792174
0.953375
0.931375
1.14234
1.01386
1.11893
1.00282
0.979431
0.993975
0.881692
1.02128
1.03102
0.782228
0.963251
1.03716
1.24951
0.993943
1.02103
0.983096
1.15122
0.981893
0.902461
1.09891
0.969608
0.991152
0.918489
1.1227
0.812183
0.862916
0.97332
1.07377
0.790437
0.908982
1.02967
0.95934
0.991743
1.07021
0.817307
1.08209
1.02207
0.932098
0.866144
1.06557
0.9018
1.0433
1.19187
1.01123
0.958972
1.06213
0.927697
0.942718
0.942377
0.937946
0.996242
0.838576
1.07102
1.11053
0.988853
0.909891
0.953697
1.06821
0.974402
1.07388
1.0288
0.954672
0.953998
0.927626
0.993498
0.996859
0.865813
1.07328
1.04616
0.941611
1.10643
0.922923
1.10897
1.06855
0.969743
0.807199
1.02786
1.14655
0.808549
0.947442
1.00199
0.930223
0.997385
1.12862
0.918874
0.804261
0.985681
1.01061
1.13901
0.908629
1.10345
1.08303
0.978362
1.00352
1.01016
0.895053
1.02825
0.963352
1.02542
1.18625
1.01766
1.05437
0.999075
0.893703
0.964767
1.08782
0.960031
0.849254
0.816508
1.22319
0.878813
1.04714
1.43197
0.887751
0.975369
0.889491
0.971579
0.987795
1.09373
1.09579
1.06427
0.974627
1.08277
1.02545
0.961993
0.976534
1.11088
1.06972
0.922269
0.947181
0.901847
0.926806
1.01195
1.02248
0.969038
1.10212
0.926848
0.909441
1.00493
0.977847
0.934931
1.04152
1.18955
0.904757
0.986877
0.980768
0.862189
0.99622
1.01882
1.04633
1.00781
0.990398
1.13345
0.933089
0.941078
0.86332
1.11471
1.0453
0.982762
1.0006
1.07851
0.931264
0.989685
0.908263
0.973152
0.95641
0.97478
1.03492
1.07033
1.02207
1.24282
1.16424
1.07567
1.0879
0.999293
0.809616
1.10921
0.911568
0.889225
1.01418
1.0407
0.947375
0.939701
0.850926
1.04084
0.940817
1.01579
0.846185
0.937139
0.956998
1.03227
0.954397
0.95856
1.10161
1.06224
0.925637
1.05726
1.00463
1.00415
0.998449
1.19019
0.937792
1.10006
1.12662
1.13057
0.981538
0.942508
0.987697
0.888228
0.948655
0.990918
0.75882
1.05501
0.975867
0.936365
0.949947
0.902111
1.18284
0.971
1.12938
1.1327
1.01771
0.857936
0.905484
1.05644
1.03587
1.01338
0.855191
1.13598
1.19483
0.891915
0.976074
1.04316
1.00587
0.728475
1.19347
0.889845
1.09526
0.996627
1.05307
1.01111
1.09783
0.898782
0.952938
1.12753
0.885767
0.975639
1.10416
0.890242
0.910172
0.992349
1.06604
0.885216
0.857146
1.04455
1.00942
0.933264
1.04933
0.986289
1.21051
1.21434
0.927979
0.909034
0.907595
1.04634
1.24445
0.959189
1.01838
1.08646
1.05649
0.907955
0.886984
0.935285
1.03602
1.00532
1.03996
1.00474
1.07971
0.853005
0.968763
1.11563
1.02093
1.0147
1.15017
1.09608
0.900838
0.854446
0.944335
0.990423
0.990821
1.02186
0.896847
1.0568
0.85409
1.14412
0.984625
0.946991
0.895158
0.935041
1.10834
1.02299
1.06119
1.13117
0.972292
1.09781
0.935245
0.957405
0.967903
0.865777
0.904698
1.04394
0.975282
0.975046
1.0147
1.12055
0.961001
1.04489
0.950336
0.857046
1.04712
0.79157
0.989665
0.934611
0.998557
1.08414
0.966157
1.04494
0.952569
1.08488
0.957945
0.981828
0.874606
0.973741
1.02594
0.801718
0.942598
0.902907
1.1579
1.09615
0.990117
0.97055
0.951294
1.07894
0.900018
1.17207
0.933003
0.962131
0.935866
1.07092
0.970669
1.1353
0.858551
0.905458
0.966858
0.893985
0.954716
0.812667
0.894297
1.0312
0.972067
1.00022
0.904492
1.0984
1.11535
1.03753
1.08135
0.970176
0.879078
1.09058
1.11983
1.14668
1.06042
1.21005
0.945293
0.933549
1.12665
1.04453
1.09461
0.860223
1.15311
1.04777
1.04973
0.962445
0.955194
0.875964
1.11826
1.14688
1.02298
0.881725
0.913706
0.832919
1.19396
0.937544
0.812828
0.954377
1.05914
1.20952
1.05211
0.868557
1.07741
1.08828
1.17476
1.0227
0.754744
0.914583
0.998899
0.973772
0.975073
0.925644
0.912624
1.05705
1.03728
1.05906
0.939606
0.904147
1.13295
0.954847
0.993347
1.119
1.08679
0.974393
0.911019
0.930267
0.912465
0.873177
1.02745
1.0901
1.01728
1.01571
1.00347
1.22552
1.12177
0.888015
0.923602
0.996582
1.16015
1.18438
0.985738
1.11532
0.915537
1.07588
0.939907
1.10117
0.933077
0.936592
0.860628
0.957388
0.991056
1.19369
1.01016
0.989307
0.917823
0.961286
0.9378
1.02093
0.993364
0.895361
0.929404
1.10652
0.893967
1.15129
0.836414
1.02923
0.912366
1.03546
1.12176
1.08791
1.07753
0.94022
0.9474
0.937639
1.09779
0.976257
0.822394
0.996181
0.986387
0.880106
1.02265
1.00036
0.964084
1.11921
0.879049
0.764135
0.987893
1.1441
0.991351
1.02789
1.04211
0.886936
0.935819
0.953243
1.06544
0.970724
1.00515
0.834607
0.8763
1.04652
1.01465
1.05009
0.888516
1.02107
1.08407
1.14626
0.827886
1.11462
1.05288
1.02481
1.00761
1.00223
1.11732
0.980976
1.0418
0.84167
0.928002
0.973753
1.23719
0.976259
0.928044
0.924061
1.0642
0.903545
1.15167
0.90072
0.8683
1.16453
1.02766
0.8922
1.11461
1.02186
1.12636
1.07238
0.989612
0.967542
0.967093
1.0497
1.07472
1.24005
0.846803
0.892636
1.00208
0.973378
1.08894
1.08857
0.962269
0.992104
1.13997
1.02735
1.15722
0.98035
0.996318
0.964409
1.0472
0.933724
0.946869
1.02857
0.952479
1.01323
1.09268
0.850173
0.918123
1.0317
0.998898
1.04449
0.877934
1.04487
1.1222
1.19389
0.913861
1.00423
1.09995
1.0127
0.90858
0.969461
0.964499
0.962835
0.857717
0.955146
1.03901
0.736367
1.00378
0.941918
1.04271
1.09618
1.13238
1.04807
1.0952
0.916651
1.115
0.965797
1.17785
0.908883
1.04715
1.00036
1.00913
0.877383
0.911235
0.981321
0.990861
1.09997
1.03459
1.05735
1.03985
0.921469
1.0391
0.943298
1.20409
0.936352
0.909928
0.87131
0.858301
1.08987
0.957157
1.0327
1.18568
1.05374
1.03036
0.989398
0.902239
0.842676
0.871975
0.964189
0.905605
0.934217
1.05027
0.950838
1.06803
1.16299
0.989578
1.00869
0.890114
0.977223
1.08534
0.953714
0.918762
0.943865
1.05564
0.987723
0.80168
0.861423
1.12738
0.947993
1.04773
1.02858
1.0404
0.87065
1.08999
1.04659
1.15857
1.06779
0.951404
0.910272
0.924555
0.738427
1.05984
1.05482
1.3338
0.995715
1.10961
1.22758
1.06961
1.15734
1.00635
0.814036
0.903464
1.14033
0.935807
1.03239
0.786278
0.896749
1.26367
0.995477
0.910312
0.892415
1.20265
0.98393
1.08089
0.936433
1.07362
1.02183
0.805807
1.04405
0.901298
0.976341
1.22276
1.07792
1.00916
1.03088
1.05151
0.854982
0.900373
1.18276
1.20666
0.912106
0.918685
1.08445
0.945839
1.04781
1.04254
1.04786
1.02658
1.15375
1.01082
1.10305
0.881506
0.919704
0.997254
0.929753
1.11254
1.08614
0.9793
1.10023
1.0333
1.12127
1.06831
1.1727
1.01514
0.976459
1.12978
0.964734
0.895184
1.03332
0.848537
1.03553
0.929931
0.870948
0.951677
0.972498
0.998062
1.03122
1.14949
1.06167
1.02911
1.02383
0.839773
1.19973
1.09437
1.07951
1.06319
0.977147
0.856636
0.902289
1.12986
1.09109
1.00058
0.901739
0.90905
1.24684
0.985791
1.05704
0.948745
0.968714
1.01158
0.877858
0.982643
0.691005
1.03397
1.04979
0.981609
1.05523
0.927484
1.02142
0.799638
0.987495
1.15396
0.864383
0.897651
0.924269
1.13285
0.99208
0.918273
1.06496
1.07543
0.931682
0.99148
1.05957
0.978746
0.816099
0.923172
1.00428
0.966173
0.916499
0.900232
1.04589
1.09213
1.08403
0.945259
0.920242
0.94466
0.88228
0.930775
1.02781
0.98707
0.997248
1.18145
0.974832
0.975573
1.20478
1.0361
1.24959
0.992095
0.836657
1.1477
1.08216
1.17888
1.14233
0.755158
0.986685
0.884494
0.828249
0.889122
0.950615
0.946491
1.02437
1.03125
0.99836
0.889863
1.02047
1.12954
1.07972
1.09347
1.08185
0.963372
1.08356
1.00746
0.928152
0.88558
0.940568
1.09012
0.991781
1.17587
0.972765
1.00067
1.0909
1.02184
0.876507
0.945808
0.9343
0.90558
1.05364
0.931881
1.04027
0.940567
1.08075
0.989064
1.01946
1.19809
0.989235
0.943335
1.13763
1.00183
0.889261
1.13136
1.10905
0.90293
0.688924
0.902277
0.998753
1.14452
0.927313
1.07908
0.879424
1.12062
1.00734
1.03098
0.93217
1.15848
1.01597
0.950866
0.753635
1.04395
1.15446
0.778507
1.07826
0.849169
1.02609
0.951336
1.07156
0.959843
0.994863
1.11834
0.919457
1.26197
1.14064
0.962233
0.856987
0.972065
1.05169
0.971489
1.038
1.06885
0.881559
0.955408
1.04682
1.02014
0.783172
0.991364
0.911436
0.98086
0.923236
0.939943
0.977308
1.20051
1.27808
1.15787
0.923747
1.0434
1.00246
0.929604
0.978841
1.23251
1.03611
1.0078
0.80266
0.975794
1.04101
0.970127
0.893759
1.08781
1.06457
0.987693
0.887606
1.00244
0.815058
1.10226
1.00074
1.1452
1.017
1.0355
0.930272
0.932039
0.974904
1.04121
1.1151
0.99427
1.2644
1.0144
0.957395
0.893714
0.899575
0.983845
0.93144
1.08762
1.08875
0.997186
1.09759
0.979442
1.01434
1.17829
0.996919
1.03217
0.905742
0.966591
1.14282
0.968398
1.16056
0.969416
0.862351
1.0337
1.05762
0.900808
1.0309
0.942689
1.00048
0.968364
1.07898
1.0293
0.962081
0.994944
0.96362
1.03884
1.05244
0.995827
1.03402
0.876635
0.987853
1.12181
1.13615
0.997166
0.98393
1.0959
0.815819
0.946876
1.14998
1.14334
1.01561
1.07363
0.887523
0.887019
1.06895
0.925563
0.96275
0.980817
1.11921
0.927346
1.00119
0.872969
0.909318
1.11379
0.868008
0.892388
1.07824
0.941312
0.934076
1.0066
1.00569
1.13385
0.989858
1.05108
1.12806
1.02318
0.905868
1.00807
0.884553
0.925681
0.915755
0.830145
1.0338
1.01846
0.974043
1.10221
0.883709
0.939357
0.88358
1.09772
1.16944
1.04362
0.91069
1.13026
0.859501
1.0575
0.954773
0.923635
0.990759
0.915962
1.0902
1.03786
1.12404
0.985354
1.10314
0.983119
0.970753
0.854937
1.04782
0.942828
0.932344
1.08457
0.84383
0.814116
0.918043
1.03473
0.919725
1.04724
0.976442
1.11468
1.06752
1.06075
0.979701
0.938257
1.06168
0.895621
1.24947
1.17182
0.917526
0.964104
1.13052
0.869573
0.920527
0.929205
1.1328
1.02415
0.995453
0.837768
1.02731
1.15026
0.80888
1.01855
0.989745
1.18727
0.980154
0.999481
0.971556
1.13393
0.986612
1.1175
1.02451
1.06528
1.1184
1.19494
1.04238
1.0831
0.93246
0.916297
0.888286
0.764696
0.857514
1.03186
0.955778
1.13043
0.880628
0.951541
0.958746
0.906803
0.829722
1.03514
0.996177
0.811592
1.03854
1.08694
1.04223
1.06304
0.961926
0.887605
0.984265
1.16538
0.909329
0.888765
0.916449
1.01738
1.02286
0.819545
0.867059
0.933014
1.0528
0.891642
1.20418
0.747276
0.855446
0.964912
0.960657
1.1383
0.89303
0.97527
0.895361
1.07147
1.06119
1.15206
1.04568
0.900843
0.930153
0.932443
0.947326
0.92227
1.16036
1.11086
1.10778
0.995874
0.934532
1.06518
1.05117
0.97809
0.982866
0.878404
0.770191
1.15615
0.943597
0.984389
0.97664
1.0531
0.977027
1.02284
0.995624
1.15313
1.06584
0.869182
1.1546
1.29205
1.19328
0.96004
1.17279
0.947816
0.947325
1.1145
0.927562
0.908297
1.00523
1.01365
0.990215
1.06144
1.00558
0.872706
0.965172
0.977117
0.92916
1.09968
0.880456
0.887467
0.921953
0.980134
1.06976
0.990856
1.10311
0.933635
0.903991
1.12644
0.920527
0.962342
0.985558
1.02017
1.16913
1.01028
1.1381
1.0675
0.963301
0.920514
1.0406
0.820911
1.1174
0.867158
1.1412
0.804014
1.06261
1.01428
0.977156
0.987696
0.889221
0.940302
1.06719
0.745683
0.935037
1.12092
1.01268
0.964073
0.939841
0.829628
1.15153
1.01092
1.13252
1.19769
0.918157
0.88236
0.989506
0.898983
0.924106
1.00412
0.853485
0.933257
0.882717
0.95635
0.92118
0.901824
1.24008
0.816721
1.05633
1.2063
0.993568
0.913484
1.1141
0.951631
0.994217
0.912372
1.12773
1.02218
0.954071
0.923442
1.17648
0.911243
0.986056
0.935087
0.841265
0.95201
0.949772
0.942144
0.940132
0.977773
0.846914
0.89504
0.950066
1.03282
0.897921
0.989766
1.03756
0.915606
0.898305
0.980877
0.867462
1.07019
0.896023
0.968682
0.974803
1.08953
1.14026
1.17886
0.891867
0.974702
1.02172
0.988927
0.98994
1.02476
0.786549
0.963434
0.897922
0.841907
0.961796
1.01762
0.900268
1.04562
0.966992
0.898284
1.00068
0.916687
0.941142
0.926772
0.863088
1.02337
1.0802
0.9641
0.956492
1.00144
1.11783
1.1811
0.913237
0.923243
1.03278
1.25622
0.886192
0.912212
0.976464
1.10079
1.0617
0.967976
1.03957
1.0103
0.797269
1.05993
0.913111
0.894395
0.926211
0.876248
0.951259
0.882598
1.1017
0.96035
0.882951
1.00745
0.945771
1.05681
0.901552
1.0526
1.14496
1.05299
1.01265
0.819042
1.12682
0.947211
0.902737
1.12131
1.02704
0.861798
0.985787
0.974743
1.05666
0.857378
0.992506
0.897393
1.11276
0.786143
1.05534
0.946106
0.97783
0.806877
1.0055
0.897542
1.06063
0.875667
1.07326
0.958234
0.829134
1.14954
1.03444
0.98602
0.91844
1.09373
0.917112
0.911043
0.965361
0.959095
1.07622
1.03817
0.968317
1.12898
0.961918
1.1241
0.8522
0.955037
1.21978
1.07001
1.19172
1.12802
0.838002
0.834536
1.11657
1.08216
1.03532
1.29661
0.861087
1.19517
1.06381
1.03125
0.958117
0.883213
0.951404
0.974285
0.988702
0.98468
0.955578
0.999288
1.14951
1.05855
1.17833
0.935703
0.954636
1.04327
1.02203
1.00967
0.934868
0.998213
0.910197
0.896661
1.0706
1.03223
0.897993
1.11354
0.858195
0.903657
0.881152
1.11504
1.15041
0.962471
0.827095
0.921435
0.938432
0.884999
0.908307
1.13305
0.954217
0.970222
0.92368
0.975162
0.887228
0.944969
1.0454
0.853869
1.00809
0.871727
1.06153
1.10006
1.06464
0.846752
0.977671
0.964717
1.06422
1.22943
1.04324
0.978488
1.12012
0.994791
0.992646
1.05831
0.928541
1.17625
1.14274
0.916336
0.896586
0.927289
0.85822
1.20781
1.06712
0.924832
1.21814
0.894713
1.01644
0.922781
0.921398
1.12249
0.900561
1.01399
1.06956
0.870644
1.05239
1.08205
1.03657
1.15382
1.12712
0.9752
0.949853
0.922586
1.24162
1.04572
0.845665
0.974037
0.960474
0.878443
1.24405
0.981435
1.09715
0.895749
1.02995
0.979331
0.925031
1.15392
1.03476
0.944417
1.09688
1.10014
0.926385
1.00367
1.00167
1.03827
1.06548
0.904935
0.947716
1.01428
0.939287
1.0719
0.911414
0.930356
1.05433
0.957223
0.954003
0.86187
1.06106
1.10744
0.924303
0.997227
1.08758
1.02811
0.966095
0.887115
1.18089
1.02353
1.04587
1.07959
1.05755
1.03121
1.20012
1.11517
1.00065
0.937489
0.861901
0.943993
0.837787
1.17993
1.09182
0.909048
0.943476
0.886531
0.886473
1.05036
1.14831
1.12128
0.985418
1.03378
1.15323
1.00617
1.04467
1.0003
0.933669
0.956596
1.10822
1.04004
0.959613
1.07842
0.897742
0.960797
1.0547
0.981505
0.786777
1.05403
0.809494
0.888818
1.03297
1.07613
1.00501
1.08323
0.874569
0.846521
0.952378
1.15339
1.17493
0.990096
1.05326
1.03546
1.05185
0.959462
0.956146
0.918863
1.13054
0.988625
1.19007
0.938091
1.05975
1.05699
0.983171
1.08167
1.04026
1.21492
1.07544
1.00065
1.02393
0.900788
0.940089
1.06887
1.09442
0.820647
1.03335
0.825241
0.996967
1.06772
1.00166
0.860733
1.07528
0.841416
0.983489
1.00575
0.917229
1.0994
0.776671
0.939142
0.947222
0.821646
1.11215
1.04358
1.0179
0.925864
1.16207
1.14446
1.04507
1.07959
1.01139
0.892641
0.957095
0.999732
0.905286
0.856674
1.04614
1.00341
1.04493
1.07913
0.979884
0.946775
0.957572
0.922683
0.935953
1.02225
0.965971
0.932642
0.898886
1.18328
1.17134
1.09604
0.922684
0.973306
0.983543
0.966843
0.901176
0.913983
1.00551
1.13475
1.15018
1.06087
0.981548
0.900838
0.943786
1.25243
1.20986
1.03072
1.10537
1.02711
1.28202
0.966926
1.04736
0.806523
0.886858
0.89736
0.910899
1.0835
1.04478
1.18215
0.841424
1.08935
1.15633
0.993021
0.953531
0.86718
0.919694
1.00259
0.896201
1.06519
1.11744
0.865989
1.04647
1.04234
1.12717
1.01271
1.01218
0.935192
0.933573
0.940288
0.885843
1.13305
0.891132
1.02728
1.04351
1.15048
0.966452
0.979239
0.999998
1.031
0.935082
1.15732
0.94058
0.849703
0.871499
0.86164
1.06491
1.08923
1.03339
1.12637
1.01592
1.00159
0.945484
0.98618
0.944064
1.15441
1.10884
1.0262
0.950192
1.035
1.12692
1.01297
1.10014
0.921121
0.925968
1.11005
0.983952
1.00069
0.919553
1.04571
0.957778
1.04728
1.22412
1.07761
1.09731
0.939396
0.955895
0.975581
0.854136
0.973191
0.948137
0.893967
1.07798
1.14893
1.08624
0.950567
1.08476
1.09491
1.04313
1.00018
0.891232
1.23649
0.970769
0.882565
0.901406
1.1282
0.878213
1.12504
1.07956
1.08714
1.05274
1.07903
0.996559
1.00525
1.05132
0.848002
0.894998
0.980921
0.867706
1.21521
0.989586
1.11195
1.00769
0.954591
1.01244
0.947251
1.02176
0.894075
0.903209
1.01915
0.820475
1.00296
0.929905
1.03599
0.980021
1.09375
0.897388
1.1659
1.11037
0.885755
0.977943
0.93979
0.990666
0.835892
1.00234
0.99878
0.860715
0.773133
0.969686
1.09217
1.06704
1.0716
1.14671
0.846616
0.991592
0.904491
1.0632
0.923628
0.987655
1.05068
0.979394
0.898377
0.938635
1.17296
1.00228
0.977903
0.951208
1.10699
1.00565
1.03194
1.08761
0.881397
1.00158
0.850114
0.985191
0.856302
1.18742
1.01883
1.07448
0.916309
0.996982
1.15574
1.0244
1.02263
1.00296
1.14578
0.974399
0.860684
0.982753
1.08174
1.11224
1.01136
1.05675
0.991295
1.10714
0.909085
1.02207
0.930455
0.957857
1.03783
1.08848
1.1248
0.888457
1.01112
0.924079
0.865958
0.991879
0.995089
0.966496
1.07552
0.941438
0.911429
0.920582
0.939558
0.972143
1.05328
0.936597
1.04075
1.10532
0.907036
0.921637
0.972652
1.1793
0.826182
1.06519
1.14178
0.982123
1.356
1.01568
0.807012
0.974794
1.01182
0.93947
0.965699
1.2052
0.925207
1.19522
0.930858
1.0467
0.937186
1.06253
0.994396
1.03528
0.943063
0.922821
1.02347
0.970979
0.958489
0.979364
0.829033
1.13577
0.944124
1.23231
1.09013
1.01594
0.714179
0.972192
0.99976
0.921055
0.970536
0.889927
1.00484
0.877586
1.11206
1.15289
0.846612
1.03903
1.13304
0.995659
1.22259
1.03975
1.00271
1.06176
1.00609
0.970251
0.874517
1.321
0.829231
1.096
0.882118
1.08994
0.892816
0.997369
0.855832
0.992541
1.03889
0.997707
1.01741
1.09093
1.0465
0.978637
0.832326
1.02236
0.905025
1.00231
0.887109
0.993388
0.992167
1.03634
0.979874
1.10882
0.982324
0.855781
0.880716
1.00947
1.02216
1.12848
1.0032
1.02262
0.867764
1.08049
0.941503
0.894913
1.10315
1.07947
1.17142
0.89627
1.03689
0.973025
0.968091
0.779928
0.8626
1.05805
0.857104
0.921068
1.01404
0.956685
0.850753
1.0038
1.02492
0.988955
1.06059
0.858725
1.04773
1.02112
0.891825
0.948437
0.93949
0.907003
0.836026
0.933736
0.967593
0.991252
1.03859
0.998672
1.06331
1.03998
1.04579
1.0896
0.952228
1.02399
0.946573
0.813397
1.06744
0.940081
0.905729
0.999526
0.830625
0.978237
0.882534
0.995121
1.17995
0.991005
0.920844
1.0411
1.07255
0.776428
1.07889
0.821346
0.921897
0.885899
0.929753
1.07699
1.06333
1.09602
1.09623
0.982224
1.02384
0.88264
0.926611
1.01017
1.00901
0.942226
1.06964
0.993692
0.957534
0.954921
1.09444
0.995215
1.0645
0.997547
1.08573
1.05892
1.04085
1.04177
0.989588
1.00565
0.966777
0.981965
1.05261
1.08869
1.12992
1.03359
1.03104
0.854682
1.17174
0.996059
0.965837
0.925428
1.11354
1.22638
1.01242
1.14283
0.885431
0.967823
0.914471
1.01945
1.08874
1.16055
0.90999
0.95896
1.00374
0.997397
0.904664
1.2359
0.930642
1.02631
0.882697
0.891001
1.01069
1.04397
1.00007
1.15717
1.02292
0.897653
1.11575
1.13657
0.84124
0.748882
1.0027
1.2297
0.892527
0.890942
0.977264
1.01175
0.905603
0.877923
0.88738
0.773721
1.17462
0.78664
0.979774
1.06793
0.994282
1.12601
0.849442
1.02306
1.02694
1.06699
1.01882
1.00656
1.12268
0.898616
0.985526
0.97227
1.128
1.0692
1.02108
1.0204
0.786469
0.914056
0.794163
0.969774
0.880523
0.863148
0.853983
0.874537
0.99354
0.972829
1.1261
1.03246
0.848171
0.830922
1.18987
1.11031
0.988198
0.883821
0.981102
0.803802
1.03331
1.02216
0.890368
0.867453
0.933406
1.0069
0.9141
1.0048
0.887748
0.935689
0.925674
1.06999
1.07958
0.979618
1.07745
0.898595
1.08167
1.24165
0.986427
1.1007
0.834067
1.09813
1.0071
1.00815
1.02027
1.02092
1.0165
0.965823
1.03181
0.951091
1.06364
1.03217
0.972907
0.709468
0.96186
0.93007
1.19859
1.07321
1.0991
1.02069
0.991289
1.03138
1.0651
1.09917
1.06049
0.873276
0.972071
1.08843
0.917247
1.01623
1.20274
1.01711
1.08801
1.01606
0.998692
1.16264
0.93839
1.06142
0.877742
0.871822
0.827376
1.12179
0.871304
0.943017
1.09881
0.93808
1.07146
1.11868
1.07049
0.814316
1.00142
1.04989
0.976284
1.04878
0.908495
1.01354
0.953474
0.918072
0.969394
0.920494
1.08281
0.947972
0.978505
0.873726
0.957413
0.853488
1.0015
1.08949
1.01354
1.11608
0.909231
1.02639
0.918568
0.894633
0.994141
1.02992
0.944852
0.890324
1.12204
1.01332
1.06896
0.946794
0.830719
0.91502
1.13372
1.07779
1.1197
1.09783
1.141
0.984746
0.919567
1.00769
0.973186
0.882558
0.933672
0.996949
0.730425
1.21371
0.962975
1.06347
0.905152
0.965681
1.07994
0.909887
0.992042
0.983528
1.04526
1.00278
0.994783
0.868656
1.01245
1.0798
0.994935
1.00038
1.05166
0.923369
0.856443
1.16723
0.91311
1.13789
0.935268
1.00297
1.1374
1.09619
0.79278
0.907976
0.871173
0.918515
0.893863
1.06115
1.15397
0.849896
0.685121
0.932075
0.972072
1.01392
1.01203
1.09711
0.993921
1.02467
1.06173
1.02901
0.944667
0.868188
1.11055
1.01049
1.04679
1.04068
0.991882
0.942044
0.967788
1.03166
1.07606
1.27698
0.842745
0.965988
0.86059
1.11698
0.961661
1.05488
1.12451
1.01789
0.998665
1.12474
0.995482
0.884093
0.967355
0.994968
0.867441
0.879487
0.935995
0.897355
1.07415
0.889684
1.08104
0.858506
1.10431
0.891793
0.856798
0.961791
0.934257
1.10523
1.01985
1.03476
0.95189
0.921346
0.87554
0.976828
1.0034
0.978815
0.769461
0.914258
1.01087
1.00635
0.904011
1.00799
1.03362
1.01372
0.923653
1.11735
1.03422
1.00402
0.990205
0.991982
0.923235
0.902525
0.998669
1.14724
1.01146
1.14682
1.02525
0.893037
1.04583
1.00754
1.02031
1.05277
0.904946
1.1027
1.08141
1.06924
1.01475
0.979262
1.05499
0.87562
0.959433
1.03522
1.11238
1.07516
1.10822
0.859339
1.04237
0.902861
0.975265
0.773487
1.08335
0.822211
0.811704
1.01373
1.05754
1.09063
0.789231
0.921567
1.01836
1.02129
0.955619
0.978985
0.975604
0.999717
1.11681
0.768106
1.28441
0.93106
1.05689
1.03254
0.936735
0.845718
0.866348
1.00863
0.925496
0.910433
0.906084
1.07441
0.990955
0.970243
0.956023
1.04366
0.963075
0.976456
1.06289
0.980436
0.873907
0.985896
1.22095
1.0937
0.94171
0.924194
0.928622
1.16568
0.840882
0.883101
0.984349
0.976834
1.07886
1.04543
0.959711
0.853012
0.964851
1.07005
0.897851
1.06546
1.03422
0.995755
1.21135
1.0131
1.04097
0.84
0.961567
0.945893
1.0532
1.13395
0.876895
0.952688
0.923337
0.983866
0.99014
1.18553
0.925703
1.1722
0.98375
1.00836
1.08221
0.91235
0.949386
1.09265
1.10968
0.81271
1.04768
0.911378
1.08041
1.02786
1.07035
1.00129
0.919966
0.994888
1.00553
0.839639
0.965184
1.08255
0.913368
1.08937
1.32121
1.06047
0.862159
0.983675
1.03161
1.06491
0.992209
1.05879
0.965507
1.11241
1.04686
1.05227
0.89161
0.87313
1.19222
0.98341
0.880083
0.907779
0.996288
1.14427
0.934319
1.1363
1.02873
1.06777
1.2187
0.982501
0.932698
0.977168
1.00808
1.08931
0.938678
0.859767
0.925463
0.968858
0.925461
0.859948
0.889087
0.834712
1.02731
1.11022
0.98119
1.17576
1.10847
1.00364
0.966167
0.815303
1.00475
0.810093
1.02561
1.16147
1.06583
0.988187
0.993406
1.07816
1.05606
1.14575
0.869998
0.92337
0.952256
1.10259
1.07532
0.905999
1.01152
1.06654
1.01612
0.93623
0.899996
1.16117
0.966076
0.91272
0.904595
1.07635
1.05716
1.00559
0.933764
1.02611
0.871125
0.908208
0.991268
0.919466
0.996225
1.07682
0.940673
0.931519
1.03203
1.07402
1.11958
1.15589
0.896354
0.969154
1.06337
0.850886
0.890562
1.12672
1.05207
1.23551
1.06083
0.86946
1.08054
1.10715
0.886677
0.956209
1.05113
0.954115
0.88252
0.948262
0.789882
0.967265
1.07533
1.00579
0.920833
1.01156
1.05219
1.03489
1.02382
1.0482
1.06785
0.885186
0.974973
0.93048
0.870869
1.00738
1.03215
1.18551
1.0022
0.810524
1.07385
1.09687
1.09522
1.0819
0.992356
0.914672
1.03546
0.984042
0.899656
1.0228
1.17446
1.08556
1.08022
0.935556
0.978938
0.869997
0.986519
1.00551
0.964783
1.06913
0.965263
1.04565
0.940239
1.00019
1.02582
1.05311
0.924651
0.9808
0.998895
0.999856
0.847776
0.90781
1.00115
1.11869
0.829278
1.03802
0.881623
0.925674
1.1174
0.947577
0.967385
0.88475
0.946934
1.06311
1.02901
0.967867
1.14608
1.016
1.09187
0.920947
0.904915
0.883304
0.89658
1.06275
1.10963
0.965994
1.11281
0.914877
0.996391
0.898101
1.03512
0.991494
1.28096
0.944892
0.957794
0.921809
1.13077
1.03111
0.947992
0.989359
1.1165
0.895061
0.860452
0.995874
1.03871
0.954268
0.942335
1.07693
0.892721
0.867805
0.971787
0.977005
1.02994
1.043
1.08655
0.867138
0.9887
1.0919
0.958115
0.948673
1.15395
1.06829
0.967315
1.13987
0.956306
0.995299
0.858637
1.06314
0.976369
0.846033
1.05952
1.01957
0.805159
1.07661
1.03331
0.934511
0.905708
0.968954
0.816662
0.874025
0.997995
1.06716
0.956123
1.02211
1.12576
0.962893
1.06181
0.88754
1.02758
0.94956
1.07711
1.00484
0.973915
1.04338
1.08958
0.925097
0.85539
0.947938
1.24477
0.897044
0.947681
0.888158
1.019
0.897184
0.851974
0.935142
1.06737
0.949969
0.946368
1.03917
0.863274
1.03297
1.06039
0.962006
0.782012
0.940436
0.926928
1.05123
0.906115
1.09494
1.13333
0.892384
0.853002
1.05074
1.13776
1.07755
0.868658
0.894601
0.945052
0.996974
0.88147
1.01587
0.918519
0.957711
0.992316
0.93405
1.12136
0.907782
1.09191
0.912065
0.967739
1.08553
1.04814
1.01284
1.06669
0.978105
0.74182
0.989795
1.09814
0.944282
0.876768
1.11944
0.973908
1.11044
1.07072
0.944775
1.03107
1.2002
1.15689
1.02662
0.910836
0.861573
1.32508
0.999873
1.06633
0.966247
0.989342
0.86001
0.949029
1.00323
1.09131
1.10825
1.02112
0.789546
1.05148
0.982429
0.974327
1.07132
1.04388
0.957954
1.14761
1.07159
0.963664
1.01661
0.978064
0.947333
0.927461
0.949367
0.976589
0.93732
1.06532
0.991843
1.16466
0.908168
0.883336
0.994305
1.19955
0.928946
0.939349
1.13465
1.02755
1.11253
0.749169
1.07863
0.986733
0.956782
1.17871
0.976279
1.01327
0.886298
0.992298
0.862909
1.00726
1.11938
0.991472
0.877473
1.04379
1.02704
1.1252
1.06904
0.952386
1.04101
0.940065
0.938591
1.0061
0.948185
0.953967
0.994272
0.958681
1.14338
0.96886
0.93661
0.968367
0.982175
1.1468
1.18302
1.04143
1.12575
1.02561
1.00246
0.989286
1.02817
1.0874
1.03802
1.08869
0.964903
0.875032
0.951098
0.974827
1.01548
0.981223
1.22159
0.978678
0.968107
0.989868
1.01395
1.06094
1.04044
1.07068
1.10376
1.05683
1.03601
0.922565
1.07727
1.20803
1.02507
1.04478
1.03226
1.08708
0.94673
0.803176
1.14245
1.16154
0.932833
1.11677
0.996616
1.0579
0.993634
1.01014
1.05898
1.11403
1.17351
0.862088
0.98423
1.06091
1.10075
0.995734
1.26285
0.993502
1.20702
1.00925
0.823456
1.06761
1.12029
0.913147
0.97009
0.877515
1.1253
0.871899
0.994801
1.29819
0.936013
1.06129
0.918789
1.00299
1.03469
1.01898
1.09781
0.939243
1.12026
0.958623
0.862668
0.957718
0.916207
1.04019
0.99486
1.03496
1.06618
1.00955
0.969276
0.983183
1.1293
1.11348
1.22346
0.930037
0.852176
0.875125
1.27669
0.76108
0.999133
0.96176
0.980232
1.03352
0.891262
1.09362
0.925021
0.92926
1.01967
0.948575
1.21083
1.15904
0.948395
0.925867
0.916142
0.989129
0.975639
0.899111
0.968764
0.788503
1.01756
0.996799
0.983124
0.974704
0.864539
0.849965
0.930696
1.0499
1.14846
0.885198
1.01441
0.80948
0.928342
0.994311
1.26438
1.05343
0.943862
1.01851
1.11983
0.84719
0.928456
0.914475
1.10134
1.07133
1.14296
1.10416
0.953341
1.127
0.902961
1.20136
1.02914
0.978928
0.888317
1.04907
0.921201
0.908476
0.923275
0.927153
0.945876
1.04763
0.884431
1.12468
0.974565
1.04126
0.925537
0.978612
0.995117
1.02001
0.947362
0.80371
1.01284
1.18081
0.970208
1.09719
0.978308
0.977505
1.08996
0.784186
0.926369
0.875651
0.994986
1.18806
0.94722
1.00375
1.43062
0.993529
1.06872
0.960306
1.15663
1.04419
0.908417
1.14983
1.12676
1.04088
0.937331
1.03455
0.92501
1.20093
1.1148
1.01185
0.952092
0.843141
1.10771
0.963128
1.1127
1.13988
0.818523
0.890823
1.03668
0.957209
1.28737
0.794779
0.96802
0.757444
1.28407
0.898185
0.98027
1.14498
0.981639
1.08669
1.05728
1.09144
1.07338
1.08874
1.16529
1.08848
1.08366
1.10841
1.22416
1.04467
1.03421
0.91628
0.921636
1.06067
0.848672
1.01957
0.932255
1.11908
0.854318
1.00788
0.880227
0.991987
1.07323
0.863463
0.869072
1.07581
1.07124
0.952175
1.00117
1.14875
0.838602
0.957287
1.02577
1.04479
1.0641
1.09973
1.11129
0.93239
0.984412
0.783801
1.01975
0.976656
0.859878
1.12254
0.930673
1.02162
1.05417
0.997596
0.948871
0.966852
0.963796
1.0785
1.05258
1.05708
0.954546
0.919193
0.949019
0.956889
1.0405
1.19637
1.02854
0.970105
1.05389
1.02202
1.00712
1.08734
1.16754
0.938717
0.951494
1.37788
1.06785
0.863622
0.930567
1.07513
1.06981
1.14753
1.08789
0.93671
0.975004
1.05823
0.955086
0.784365
0.935169
1.11575
1.0192
0.854074
0.980849
0.980317
1.16661
0.966101
1.0702
1.12776
0.993984
0.814263
1.01443
1.07936
0.911608
1.05368
1.17409
1.26508
0.871505
0.901752
0.974099
1.13266
1.0383
0.946295
1.09565
1.1213
0.941521
1.10431
0.986887
0.930312
1.00165
1.09456
1.07445
1.01158
0.827503
1.08871
0.793554
1.07562
1.06846
0.932164
1.09009
1.17767
0.937953
0.841415
1.06273
1.10794
1.05508
1.20667
0.989218
0.920296
1.00801
0.905511
0.976787
1.03747
0.91359
0.925141
1.022
0.763358
0.87509
1.09617
0.93612
1.18273
1.03996
1.1891
0.990736
0.946798
0.941927
0.978551
1.01365
1.14123
0.996066
0.950574
0.890918
1.16815
0.902358
1.12118
1.1032
1.09639
0.98844
0.907497
0.938814
1.09464
1.19675
0.966388
0.851476
1.04702
0.920375
1.07287
0.880662
0.914456
1.07701
1.02777
1.08195
1.02917
0.891593
1.00289
1.10993
0.836412
0.923524
1.023
0.913371
0.950478
1.0149
1.01327
1.07588
0.985098
1.08353
0.8883
1.04039
1.05292
0.965156
0.966003
0.994349
1.04875
0.983006
1.0882
1.08612
1.13526
0.881318
1.01433
1.0169
0.900036
1.03103
0.959232
1.02041
1.00413
0.883813
0.85473
0.833184
0.818033
0.936411
0.990106
0.859605
0.812749
1.0374
1.11748
1.05427
0.902854
1.03199
0.975926
0.996098
1.09077
0.990812
0.991906
0.856831
0.925119
0.901964
1.03725
1.07825
1.1752
0.92849
1.07317
0.91346
1.11288
1.02109
0.934771
0.975958
1.05045
0.950493
0.958591
0.829611
1.00724
1.12842
0.981683
1.05669
1.02115
0.820158
1.12157
0.968735
0.952644
1.01656
0.926179
0.984422
0.944562
0.987599
0.909326
0.958347
0.9791
1.00356
1.09492
1.02197
0.98862
0.902232
0.962967
0.915306
1.10914
1.04695
1.0485
1.07974
0.930282
0.883081
0.951891
0.954884
1.01624
0.853702
1.02012
1.07473
1.1279
0.901121
0.849697
0.97588
1.07001
1.04415
0.883927
0.866099
1.19386
0.847948
0.970635
1.05712
0.998305
1.05113
1.03112
0.987095
1.09341
1.0136
1.00269
1.06207
0.943028
0.941805
0.993313
0.931025
1.06797
0.979859
0.9591
0.952557
0.999709
1.04274
0.838658
0.916011
0.797317
0.835403
1.06284
0.982227
0.973315
0.866179
1.11402
0.880876
0.940244
1.16861
0.894277
0.967964
1.04495
1.07192
0.96632
1.00488
0.969433
0.864043
1.04824
0.830039
1.07319
0.773763
1.35408
0.982403
0.84073
0.960889
1.18947
1.08429
0.751824
0.894835
1.19113
0.988017
0.991839
1.04746
1.10727
0.963173
1.00764
1.07609
0.91797
0.954236
1.05574
0.952229
0.836499
1.06318
0.930438
0.930872
1.05016
0.988181
0.862781
1.02894
0.990249
0.910737
0.914414
1.0084
0.854643
1.18162
1.12995
1.00592
0.967357
0.734347
1.06607
1.05461
0.879119
0.957428
0.83487
0.940708
1.09108
1.05962
1.08861
1.02991
1.11801
0.859333
1.05928
1.15667
0.968272
0.977346
0.719373
0.958752
0.984147
1.12626
0.979404
0.904603
1.06155
1.25124
0.874296
0.951978
1.04871
1.03143
1.17206
1.16791
0.963527
1.01261
0.933942
0.961902
0.992573
0.844439
1.02171
1.09644
0.800384
1.08699
0.982452
1.12406
1.00962
0.993254
0.957524
1.25759
0.855115
0.912012
0.965135
1.01023
0.893956
1.04137
1.19098
0.841934
1.00971
1.097
0.968738
0.8666
1.05117
1.03959
1.00005
1.04934
1.16097
1.18083
0.924211
1.04322
1.04159
1.10358
0.88863
1.0389
1.2806
0.908565
1.1955
0.930433
0.945291
1.16181
0.916828
1.0266
0.903509
0.946349
0.999602
0.967552
1.01574
0.943625
0.894205
0.989423
0.902038
1.32024
1.0038
1.08711
1.01174
0.909368
1.0436
0.969079
1.06895
0.944946
1.05717
0.931744
0.872538
1.20562
1.01896
1.00923
0.864792
1.1239
0.939926
1.02976
1.0641
1.08133
0.927099
0.929192
1.11468
0.975241
0.878418
0.925981
0.927585
0.951799
1.0007
1.26862
0.950858
0.845995
0.917012
0.942115
0.955647
0.908718
0.962539
0.930304
1.27349
0.918218
0.910408
1.10441
1.04239
1.02981
1.0433
1.15992
1.07211
0.941204
1.05232
1.11888
1.13618
1.2936
0.891237
0.910584
0.985555
0.918422
1.0197
1.1484
0.904568
1.02594
0.966434
1.03752
1.17478
1.08797
1.07297
1.0848
1.03155
1.10381
1.14909
1.05914
1.00663
1.18698
0.889266
1.08285
0.973177
0.980889
1.12639
0.908815
0.784724
1.05627
1.10765
0.967614
0.953307
0.940042
1.07664
0.992403
1.21491
1.08699
1.0035
0.985692
1.08805
1.25098
1.06846
1.06911
0.968423
0.962946
0.861122
0.929097
1.04834
1.08444
1.15284
1.11853
0.980422
1.22161
0.885202
0.914041
1.06373
0.951455
0.994677
0.974505
1.04925
0.812145
0.887874
1.04625
0.844529
1.1059
1.0218
1.05512
0.879445
0.939313
1.24885
0.783101
0.897648
0.89023
1.22625
1.09587
1.07382
0.89151
1.02813
0.970278
1.08269
0.855803
1.00973
0.920842
0.925072
1.1291
1.06577
1.06218
0.944329
0.931977
1.0441
1.01376
0.896218
1.03138
0.979334
1.06815
0.958648
1.08228
0.84126
0.826382
0.914716
0.956428
0.848145
1.10231
0.862591
1.00695
1.13386
0.945612
0.945734
0.999961
1.0118
1.17712
0.988379
1.05795
0.975608
1.05168
1.10931
0.996033
0.818698
1.03355
0.757041
0.919561
1.00417
0.888685
1.23293
1.09413
1.01072
1.08057
0.976937
1.03684
1.0334
1.14599
1.2543
1.08649
1.04162
0.823544
0.920843
1.09717
1.02658
1.01318
1.00596
1.15845
0.903416
0.970365
0.948975
0.866732
0.88944
0.979239
0.940286
1.04392
0.998563
1.08241
0.974283
0.997286
1.07747
0.931945
0.891602
1.10116
1.07964
0.995677
0.897834
0.976751
1.2321
1.04992
1.06247
1.12149
1.03108
1.03154
1.13113
1.08224
0.896817
0.827958
1.05532
1.15888
1.05484
1.24318
0.988711
1.0738
0.824651
0.995843
0.902398
0.997558
0.880444
0.9294
0.806989
0.790549
1.06904
0.965753
1.00497
1.13643
0.785418
0.983876
0.822189
0.937131
0.954135
1.05117
0.95496
0.864921
0.83116
0.857541
0.899127
0.970033
0.834414
1.21974
1.05246
1.03861
1.13775
1.13515
0.872015
1.04188
1.14379
0.944565
0.868088
0.90698
0.920614
0.998554
0.997235
0.976112
0.990896
0.888854
0.875357
1.0619
1.01124
0.845712
1.04366
0.905491
0.887524
1.02411
0.974039
1.03737
0.800779
0.934696
1.19429
0.987247
0.849583
0.935656
0.916895
1.20532
0.852282
1.15606
1.15787
1.00106
1.08501
0.980692
0.906669
0.901271
1.06179
1.12678
0.981164
0.958601
0.878714
0.92995
1.08566
1.07758
0.776355
0.925646
0.979347
0.906711
0.990309
0.846289
0.908419
0.890527
1.057
1.03345
0.796471
1.07601
0.919597
0.896785
1.01766
0.907379
0.973104
1.00039
0.859792
1.01153
1.05689
1.02176
1.06012
1.01268
1.08559
1.01151
1.0523
1.19592
0.978118
1.12774
0.725823
1.06338
0.799742
0.888218
0.991035
0.981094
0.898549
1.08518
0.939763
0.833646
0.866277
1.05166
0.905546
1.02324
1.05599
0.920108
1.06111
1.04319
0.975353
1.0342
0.932957
1.22469
1.22368
0.836206
1.04567
0.964294
0.964238
1.1045
1.18532
0.965535
1.19342
0.969325
1.11172
0.914997
1.08567
1.25525
0.921523
1.08427
1.05763
0.928073
1.00705
1.00968
0.930252
0.994007
0.912053
1.02072
1.02267
0.977377
0.973858
1.03568
0.992246
0.943599
0.89314
0.876261
0.929682
1.20132
1.09928
1.12205
1.08568
1.11056
0.847376
1.04655
0.954334
1.18758
0.964716
0.916002
0.845129
0.926956
0.921801
1.12906
1.18192
1.00879
0.83831
1.08428
1.18004
1.05018
0.905991
1.13688
0.890007
1.01642
1.02006
0.749841
0.909181
0.843662
1.10209
0.977732
0.88051
0.946115
0.940881
0.844063
0.985053
1.11022
1.01233
1.05555
1.09428
1.14603
0.991602
0.963595
1.11786
1.12324
1.15396
1.04703
1.17098
1.25692
1.18512
0.816187
1.02901
0.984891
0.963919
1.04376
0.92264
0.92333
1.00559
1.12122
0.93378
0.808302
1.11949
1.00782
1.03339
1.00976
0.922886
0.942764
0.88751
0.951221
0.96613
1.00165
0.984833
0.922115
1.05898
1.06984
1.12525
1.14886
0.952267
1.03562
0.852737
0.913869
0.918203
1.04892
0.994828
0.910492
0.917651
0.912476
1.05104
0.884404
1.13867
1.17287
1.05538
1.00562
1.01442
1.09784
0.965618
0.937197
1.10199
1.02966
0.947861
1.15285
1.01496
0.953946
1.08934
1.01235
1.05195
0.962056
0.969675
1.0163
1.03449
0.891325
0.930317
1.04799
1.01908
0.860158
0.852639
1.00088
1.12409
0.917411
0.926866
1.08797
0.877714
1.08614
0.913834
0.839856
1.13208
1.06652
0.942713
1.02705
0.937724
1.08276
0.927123
0.94336
0.851571
0.874737
1.06929
1.15931
0.993585
1.09958
1.01344
0.809831
0.92869
0.971923
0.939968
0.968762
0.910008
0.752918
0.907493
1.0422
0.892336
0.949548
1.00389
0.969807
1.01034
1.0819
0.95419
0.877264
0.88032
1.00525
1.001
1.41774
1.0102
0.970794
1.14025
1.23544
1.11055
0.957367
1.01296
1.02156
0.931261
0.914631
0.881928
1.10774
1.0221
0.986375
0.932174
1.11261
0.949689
1.01738
0.891717
1.03982
0.843274
0.935593
1.01534
0.938559
1.06075
0.953634
1.14995
0.796154
1.08853
1.15112
0.87031
1.04475
1.13555
0.947749
0.928506
1.10388
1.0704
1.01939
1.11729
1.0726
0.83482
0.869518
0.982217
1.11067
0.888112
0.94984
1.28213
0.875962
1.0472
1.08328
0.828685
1.16059
1.08874
0.842645
0.953801
0.921101
0.943543
0.942915
0.957863
1.07341
1.16345
0.991355
0.997157
0.995191
1.03065
0.9917
0.998277
1.00237
0.904236
0.907387
0.860998
1.1279
0.927329
0.897827
1.02123
1.12983
1.03739
1.07792
0.97194
0.875201
0.935108
1.04131
0.892788
0.920945
0.988404
1.07991
0.992178
0.980599
0.980643
0.977907
1.0338
1.06398
0.955243
0.992052
1.01943
1.07142
0.982684
0.998321
0.944854
0.983278
0.978197
1.08062
1.13462
0.875633
0.950074
0.865745
1.03702
0.867887
1.00582
0.849859
0.947599
1.00416
0.942761
1.09357
0.965374
1.13304
1.01395
1.03412
1.12855
1.0515
0.902773
0.992202
0.823909
1.11496
0.989042
0.977181
0.946975
1.05586
1.00901
1.05207
0.970519
1.00249
0.939215
1.02633
0.916363
0.99525
1.00254
0.935066
1.06205
1.02568
0.974313
1.11533
0.989732
1.11316
0.931214
0.875464
1.09772
0.901845
0.887955
1.09586
0.892444
1.0706
1.1379
0.867822
1.04323
0.798399
1.09679
1.05127
1.27641
1.07165
1.16732
0.930671
1.15713
1.076
1.01088
1.01882
0.925867
1.10581
0.996536
1.17473
1.0726
1.03408
1.01201
1.01171
0.980102
1.17537
0.985079
1.08914
1.05309
1.06262
0.99203
0.984124
0.903571
1.15587
0.959199
0.909982
1.1377
1.03535
0.985255
0.881426
0.942495
1.00382
1.00817
1.14752
1.09497
1.00736
1.06441
0.971613
1.20023
1.12062
0.854221
1.20654
0.990266
1.06983
0.992836
0.848739
1.05703
0.822863
0.957972
1.09959
0.997887
1.10752
0.834507
0.969755
1.02639
0.915604
0.944175
1.10137
1.00974
1.08398
1.0025
1.01551
1.04262
0.788314
1.068
1.0834
0.990771
1.10263
1.02737
0.947353
1.11782
0.791901
0.956731
0.863695
1.05237
0.976805
1.00261
0.816657
0.806354
0.843656
1.08332
1.08073
1.10466
0.840719
0.985732
0.996161
0.91455
0.837773
1.09091
0.929347
1.20629
0.971876
1.05203
0.868987
1.14258
1.09061
1.01204
1.04788
1.00227
0.940917
1.01377
1.12718
0.936659
1.13951
0.966553
0.974731
0.903715
1.18413
1.04178
1.15504
1.11015
0.992419
0.9667
0.943858
1.00737
0.998858
1.34148
0.897428
0.901793
0.990083
0.976286
1.0391
0.896433
1.02175
1.11156
0.926213
0.847292
1.13986
1.07764
0.980533
1.06319
1.01709
1.14552
1.11698
1.06104
0.948582
1.01143
1.1142
0.958064
0.884406
0.965025
1.01658
1.0163
1.16886
0.892382
0.973876
0.955268
0.965267
0.884316
1.05327
0.82837
0.973436
1.17071
0.988974
1.01933
1.06194
1.05649
0.942951
0.898138
1.00083
0.89737
0.947727
1.00691
1.08606
0.826571
1.15829
1.01773
0.991132
1.05362
1.04572
1.03984
0.928528
1.03027
1.06567
0.880465
0.923117
1.031
1.066
0.83072
0.934699
1.05735
1.07149
0.831596
1.14133
0.937028
1.037
1.03297
0.987897
0.951559
0.98774
1.00039
1.12151
0.842136
1.04016
0.96289
0.934057
1.14696
1.00698
0.935683
1.10835
0.98272
1.05386
0.967426
0.98621
0.893122
1.05595
0.882143
0.897125
1.08171
0.934984
1.05024
1.21252
1.14675
0.986086
0.859526
0.966919
0.919151
0.962667
0.949226
1.19595
1.16481
1.01955
1.07984
1.04666
0.90721
1.10213
0.856241
0.874909
0.883544
1.01853
1.06948
1.06646
1.02247
0.946275
1.05061
0.932687
1.07017
1.08877
1.01592
0.868582
0.850743
0.950891
1.12846
1.08673
0.886216
0.957572
1.0305
0.936906
0.958911
1.04524
0.993811
0.915095
0.942352
1.00535
0.913082
0.856594
0.997972
0.823841
0.989482
0.999164
1.03765
0.762509
0.86939
1.1092
0.83652
1.0849
1.19445
1.02003
1.01491
1.1915
1.01499
1.16932
0.987224
0.774446
1.02701
0.833983
0.95543
1.07522
0.84319
0.927191
0.935223
1.18607
1.14231
0.940167
0.997884
0.897917
0.935504
1.03521
0.880826
1.05766
0.947051
0.939039
0.992275
1.00353
0.889585
1.00699
1.023
0.800401
0.90897
0.905095
0.99033
0.881016
1.14872
0.851416
0.99189
1.22964
1.04084
1.02407
1.07768
0.975325
0.923152
0.918431
1.12479
1.0489
0.974845
0.992636
1.1994
0.996029
0.973012
1.01564
0.941245
1.08243
0.897982
1.04605
0.79589
0.925987
0.949931
1.0184
1.01899
0.931194
0.964426
0.865302
0.915662
1.0514
1.0699
1.03088
0.913667
0.929991
1.09259
0.925307
0.99448
0.967643
0.782858
0.98963
0.821725
0.944808
0.994069
1.08234
1.06291
1.01998
0.945935
1.0894
0.733695
0.967812
0.984309
0.943471
1.01061
1.15757
1.04826
1.2697
1.01975
1.049
1.23477
0.911664
1.05834
0.944842
0.934607
1.14865
0.769469
0.954396
0.917833
1.06117
1.12019
0.881124
1.13082
0.976528
1.14223
1.04225
0.931141
1.02377
0.951416
0.974556
1.0726
0.984868
0.954915
1.14736
1.09837
0.845587
1.00416
0.8073
1.09409
0.93577
0.991152
0.972036
0.920921
1.00437
1.08311
1.04896
1.02265
0.912825
1.09075
1.0814
1.12055
0.898732
0.999991
1.00166
0.948645
1.02475
1.04018
0.988447
1.03637
1.17566
1.06618
1.08868
1.01219
1.01942
1.08315
1.00258
0.931508
0.999049
1.03199
1.13937
1.04783
1.12822
1.16508
0.992569
1.09919
1.0753
0.969826
0.978691
0.822793
1.03197
0.920638
0.927004
0.997404
1.04878
1.03253
1.12467
0.997022
1.16051
1.07921
1.06188
1.01572
0.819922
1.02237
0.972949
0.84336
0.955835
1.05647
1.05552
0.984622
0.855429
0.98234
1.03646
1.19355
1.02369
0.988967
0.810392
1.0221
0.914164
1.02341
0.857833
0.990767
0.903419
1.02073
1.01705
0.967655
0.983762
0.935929
0.988427
0.859964
0.878117
1.02073
0.979566
0.894183
0.945428
0.913465
0.964229
0.825036
1.08757
0.898455
0.940568
1.01941
0.894575
1.02784
1.03575
1.18687
0.960876
0.888878
1.22944
1.10888
1.02551
0.930867
0.966306
0.894427
1.21036
0.877177
1.08403
1.03491
0.94487
1.02009
0.943052
1.09654
0.953488
1.00699
1.18565
1.00481
1.05872
0.939518
0.884442
1.13142
1.00853
1.07013
0.969287
1.06537
0.80098
0.982549
1.11742
0.77934
1.15621
1.02657
1.00173
1.0681
0.938229
0.964371
1.09738
0.974434
1.01066
1.08309
1.07632
1.03131
0.975189
1.07223
1.12076
0.944876
0.98442
0.954138
0.875595
0.945518
0.885401
1.0355
0.964178
1.16293
0.817104
0.900559
1.04778
0.891666
1.05782
1.11323
1.11766
1.04252
1.07357
0.888667
1.18487
0.89076
1.17899
1.04116
1.00146
0.945344
0.980027
0.937042
1.18245
1.11597
0.881077
1.06394
1.18188
1.13856
0.952473
0.842621
0.974677
0.902219
1.01503
0.859516
0.798547
1.03159
0.828697
0.94929
1.09669
1.10996
1.01678
1.12048
1.25543
1.0476
1.08695
0.979044
1.01696
1.03633
0.987276
1.11516
1.03706
1.03286
1.03738
0.979309
1.16133
0.981498
1.00937
1.06688
0.927405
1.0837
1.02204
0.918983
1.12829
1.07539
0.988495
0.927404
0.827968
0.946606
0.890558
0.961475
1.01115
1.07754
1.20459
1.01757
1.09435
1.14519
1.0812
1.10223
1.07371
1.25313
0.996356
0.942571
1.01639
1.13445
1.01925
0.994489
1.09598
0.915974
1.01065
1.23138
0.871016
1.01971
1.13893
0.992179
0.878995
0.960715
1.104
1.07304
1.01597
0.985237
1.0366
1.04901
0.998007
1.0894
1.07951
0.984802
1.09907
1.04089
0.942194
0.989245
1.04065
1.10809
0.976402
0.888909
1.16747
0.887428
0.963811
1.03454
1.02739
0.992576
0.944714
1.07563
1.0131
1.0922
1.00451
0.909691
0.82796
0.806986
0.992787
1.04311
0.855514
0.894353
1.00306
1.24992
0.966479
0.803342
1.01746
0.934942
0.8856
1.01127
0.889592
0.996367
0.954425
0.858972
0.843976
0.986322
1.0821
0.937563
0.822633
1.03369
1.03757
0.918276
0.976528
1.06354
0.949559
1.00987
0.973752
1.07243
0.91751
0.880906
0.945635
1.04967
0.84301
1.07867
0.970875
1.01684
1.22351
0.981151
0.933252
1.05299
1.02477
0.928131
0.967976
0.916715
1.08858
0.991611
0.851945
0.970773
1.17673
0.981776
0.931157
1.00715
1.30616
1.01122
1.06173
1.00897
0.921835
0.88283
0.828687
0.851029
0.926406
1.01667
1.02511
1.00441
1.10505
1.00918
0.981641
1.02556
0.981512
0.916662
0.965771
0.981912
0.917194
0.861202
0.845627
1.00165
0.963589
0.927353
1.03518
1.09046
0.930991
0.916644
0.736732
1.1008
0.807927
1.03177
0.958785
0.961667
1.1296
0.974768
0.954575
0.853461
0.850334
0.9532
0.94649
1.01643
0.956963
0.976691
0.961397
0.935282
0.848339
0.897662
0.820945
1.01647
0.936506
1.17447
0.852648
0.93666
0.886539
1.09262
0.924597
1.08844
0.922191
1.08161
1.04123
0.839442
0.877691
1.05718
0.986911
0.8893
1.04351
1.02975
0.987264
0.791767
1.16499
1.02655
0.997264
0.849576
0.99884
1.03596
0.894171
0.903059
0.986552
0.946565
1.06554
0.820293
1.07055
1.21848
0.898808
1.02685
0.922466
0.890334
0.939938
0.953402
0.9687
0.96137
0.995296
0.872005
0.731152
0.935592
1.22131
0.965912
0.878032
1.02108
1.15396
1.00649
0.971208
1.06614
0.867094
0.888801
0.98987
0.986028
1.04747
0.958626
1.16
1.07515
1.05745
1.03546
0.923179
1.01145
0.819243
1.10923
0.9109
0.962841
1.15716
1.05985
0.987122
0.925237
1.20696
0.960896
0.925423
1.03333
1.1578
0.908828
0.813509
0.937107
0.925716
1.09929
1.07797
0.845024
0.978211
1.02899
1.00527
1.18789
0.974897
0.932167
0.803203
1.0266
1.07521
1.04844
0.952304
1.00514
0.995039
0.839944
0.785349
0.930688
1.31687
0.925462
0.913918
0.989597
1.03597
0.878639
1.11084
0.971889
1.03044
0.976803
1.19489
0.901171
1.07546
1.08825
1.07427
1.14936
0.849456
1.13987
1.03158
0.990297
0.996734
1.01092
0.786798
0.907895
1.09949
0.980673
0.968501
1.14456
0.932615
1.05968
0.916277
1.10688
1.11756
1.06992
1.07034
0.993488
0.893165
1.06941
1.07852
0.910154
1.21139
1.23194
1.04535
0.884765
0.996488
0.923027
0.957314
0.826553
1.07738
0.95294
1.18455
0.86248
1.02715
0.945544
1.04089
0.858508
0.983259
0.973308
0.820777
1.05235
1.09449
1.12749
0.930375
1.04938
0.960339
0.907773
0.96026
0.986851
0.937529
1.12763
0.974751
1.05644
0.989079
1.07745
0.953225
0.994238
0.896571
0.919584
1.11427
0.737621
1.05015
0.970516
0.971226
0.869838
0.999871
1.07161
0.898818
1.11307
0.929895
0.909599
1.0353
1.05147
0.866612
1.05058
0.888751
0.902018
0.875891
0.846531
1.07076
1.0879
1.06069
1.0376
1.11968
1.0311
0.887539
1.04989
1.18604
1.10507
1.026
1.14305
1.02332
0.86463
1.14393
1.22478
1.165
0.889373
0.982305
1.05892
0.906521
1.08045
1.11419
0.862736
1.01285
0.859127
0.866741
0.874587
1.06726
1.13582
0.913996
0.989843
1.03883
1.03877
1.10768
0.981952
0.943925
1.07232
0.968159
1.10105
0.906184
1.01401
1.00758
1.018
0.921961
1.00609
0.795321
0.926484
1.02794
1.06438
0.993077
1.07696
0.967056
1.06253
1.00404
1.33577
0.975627
0.953715
0.900521
0.949252
1.0186
1.01472
1.03561
1.33672
1.00414
1.14126
1.1287
1.0428
0.932275
1.04797
0.852051
1.02123
0.971147
1.02147
0.967608
0.91769
0.891449
1.15304
0.766495
1.05635
1.00713
0.873596
1.00984
1.12725
0.907612
1.08268
1.06168
0.995365
1.1366
0.939014
1.11257
0.915816
1.10635
0.835652
0.865518
1.08571
1.18073
0.90334
1.19558
1.0487
0.888252
1.22228
1.04259
0.909069
1.06268
0.936916
1.04912
1.09133
1.09453
1.15274
1.10758
0.853453
0.940947
1.0312
0.96681
0.873435
0.958156
1.02714
1.01911
1.07615
0.931767
0.940216
1.01551
0.934359
1.13707
1.1534
0.998895
0.950848
1.03982
0.940475
1.17697
0.962713
1.06599
0.861397
1.04216
0.862449
1.07151
0.986004
0.961732
1.13195
0.765636
0.948428
1.10403
0.946681
0.965058
0.945737
0.981608
1.01061
1.1691
1.22421
0.769317
0.968392
0.992581
0.846674
0.94871
0.937949
1.02145
1.12349
1.01895
0.916706
1.13003
1.1051
1.12592
1.07416
0.793258
0.886461
1.12106
1.03449
0.969075
1.10126
0.949235
1.1568
0.914931
0.991745
1.14038
0.991785
0.808322
0.952877
1.15595
0.851944
0.928704
0.933458
1.05345
0.960571
0.839966
0.9872
0.967356
1.00817
0.88233
0.704728
0.992982
0.904033
1.01739
1.0826
1.05258
0.84457
1.08528
0.936002
0.962431
1.0117
1.10761
0.953812
0.985605
0.970143
0.91013
1.12417
0.973486
0.982287
0.842605
0.999723
0.999671
0.864553
0.935403
0.85073
1.01257
0.972153
1.03957
0.942481
1.19205
0.886891
1.07334
1.02076
0.986305
0.925669
1.16719
0.794131
0.892586
1.04249
0.901143
1.0277
1.36053
0.80671
0.815872
0.872183
0.887132
0.863544
1.11108
1.03395
0.934142
0.946726
1.11532
0.967197
0.95252
1.00487
1.06382
0.8281
1.0003
0.855848
1.02122
1.06295
1.08529
1.11517
1.04403
0.888432
0.922701
0.81508
1.02589
0.863548
1.06422
0.926982
0.960069
0.920193
1.05367
0.94348
0.80491
0.768712
0.90762
1.09014
0.992834
1.04332
0.943873
0.824224
0.912194
0.864395
1.05454
1.05306
0.957583
0.880891
1.08888
1.11203
1.01168
1.04136
0.96997
0.981734
1.13164
0.895324
0.996796
0.946175
0.845821
0.868323
0.905536
1.0665
0.799058
1.10474
0.81549
0.924897
0.856073
1.03767
1.02334
1.08528
0.985554
0.974422
1.08568
0.905106
0.963507
0.874512
0.916687
0.824996
0.877442
0.876248
1.00225
0.937931
0.927806
1.06513
1.05331
0.967768
1.18092
0.905651
1.01259
1.01331
0.8969
1.04237
0.84049
0.911978
0.875007
1.11501
1.09015
1.07988
0.966372
1.04027
0.932791
1.0236
0.954511
0.946654
0.907862
1.02983
0.977108
0.970762
0.93173
0.837669
1.01895
1.00148
1.14063
1.09857
1.01604
1.04064
1.0359
0.880298
0.982629
1.09762
0.971657
0.943662
0.957361
1.06273
1.09626
1.00125
1.03754
0.976783
1.02496
0.97299
0.869768
0.963212
1.01793
1.00695
1.00107
1.03435
0.783924
0.982943
1.10327
1.15002
0.937511
0.88593
1.26718
0.893358
0.830519
0.942736
0.91365
1.05051
0.958598
1.04377
0.970148
1.20127
0.99441
1.1264
0.922836
0.891844
0.970547
0.822244
1.10325
1.16899
0.93859
0.991576
0.940115
0.990508
0.878282
0.885849
1.07362
0.936911
1.05036
1.06814
1.03425
1.14763
0.872683
0.915523
0.861721
1.12126
0.97599
0.868834
0.984557
1.03123
1.09439
0.994079
1.07837
1.07061
0.952044
1.12331
0.870872
1.01312
1.25334
0.989697
1.06233
0.951494
0.940513
0.859825
0.965058
1.14877
1.02652
1.00241
0.967429
0.868837
1.11315
1.22816
0.934932
1.07014
0.963994
0.909869
0.906688
1.01182
0.942577
0.809376
1.21287
1.06854
0.79775
1.01649
1.02494
0.966338
1.10934
0.885215
1.11442
0.936254
1.16786
0.832809
0.928455
1.05961
1.03684
1.08387
1.20239
0.900291
1.0306
1.33733
0.823103
0.960253
0.93732
1.04109
0.974297
1.01382
0.995736
1.09815
0.782943
1.0994
0.989156
0.83865
0.822694
1.16954
1.17042
1.03227
1.21068
1.15926
1.09074
1.03043
0.894231
0.96614
1.06231
1.15336
1.03024
1.14093
0.952984
0.808314
1.08754
0.923292
0.905086
0.87087
0.933705
1.01832
0.87621
0.931504
0.856457
0.873027
1.11909
0.969191
0.940579
0.993978
0.941589
1.02901
1.16592
1.05515
1.0879
0.961502
0.967233
0.920143
1.02908
0.940513
0.963645
1.04013
0.835422
0.942093
0.991338
1.02198
1.00823
1.0707
0.895625
0.913389
1.01314
0.981663
0.915506
0.868291
0.879723
1.0962
0.9647
0.849319
0.803144
0.931556
0.980257
1.19897
0.993311
1.03992
1.04151
1.09749
1.02131
1.04209
1.23446
1.07218
0.984799
0.850666
0.856279
0.769162
0.873105
1.02113
0.881243
0.819563
0.925746
0.955501
1.10935
1.0698
0.885048
0.945326
0.920474
0.915105
1.05146
1.11428
0.927023
1.06311
0.990435
0.735797
1.05692
0.797658
1.19614
0.900896
0.949912
1.08599
1.04686
1.01795
0.932025
0.916557
1.03186
1.06427
0.927527
1.08227
1.0042
1.04907
0.963443
1.08117
1.01704
1.05535
0.850022
0.959212
0.895319
0.870475
1.05461
0.966453
0.868619
0.802472
0.938102
0.925869
0.881856
1.1818
1.24499
1.00864
1.06978
0.891127
0.967048
0.974393
0.977672
1.13128
1.00955
0.967848
0.999728
0.911495
0.978653
1.06391
0.861502
0.799499
1.17943
0.989378
1.00941
0.928312
0.885028
0.938187
1.11463
1.07781
1.11612
1.02934
0.864874
1.00695
1.02987
1.03247
1.04796
1.07805
0.874414
1.06963
1.03987
1.07497
1.10708
0.80307
1.00043
1.07865
0.892887
1.01625
0.992586
0.909323
1.04746
1.02854
0.906802
0.941371
1.08822
0.940868
0.961651
1.00345
0.965383
0.937531
1.1943
1.30211
1.12566
1.10696
0.928335
1.09964
0.928015
1.12762
1.00353
1.04099
1.12073
0.977659
1.14971
1.08446
0.932345
1.05627
1.07005
0.938921
0.939389
0.880026
1.02888
1.03822
0.993647
0.884839
0.933148
1.08753
1.08604
0.965555
0.758899
0.900193
1.05349
0.994115
0.980162
0.872348
0.949993
1.01609
1.07365
1.04031
1.07192
1.07125
1.04663
1.00788
1.07834
1.01968
1.06185
0.925984
0.973013
0.937673
0.828053
0.944747
0.785041
0.934509
1.06163
1.07675
0.837124
0.933596
1.05878
0.995552
0.841632
1.04549
1.09297
0.967553
0.925678
0.866259
1.01253
0.935341
0.881433
1.19989
0.97435
0.854997
0.976291
0.866402
1.01888
0.976448
0.936921
0.985929
0.99778
0.903699
1.00801
0.930621
0.960143
1.07984
0.924025
0.946665
1.16577
1.10799
0.933838
0.88836
1.06686
0.960675
1.03933
0.968291
1.02657
0.978397
1.00892
0.954753
0.927227
0.764112
0.974099
0.944874
0.946535
0.964809
0.979483
0.97661
0.917215
0.947856
0.93705
1.05694
1.0712
1.00728
0.911992
1.10396
0.925796
0.909867
0.946334
1.13902
0.889135
0.824062
1.03633
1.13154
0.976681
0.888154
1.14583
1.08327
0.842102
0.956371
1.02389
0.817744
1.11725
1.03536
1.01822
0.984752
1.03264
1.17413
0.830523
1.10278
1.18548
1.02531
1.02383
0.924198
0.947855
1.00275
1.11578
1.07223
1.20618
1.06923
1.07118
0.95918
1.02045
1.08744
1.09105
0.987044
0.888388
1.10744
1.22911
0.962812
1.06675
1.08278
0.915515
1.19225
1.04106
0.822876
1.00329
0.965544
1.09876
1.04894
0.907239
0.935937
0.984425
0.987532
0.920727
0.922202
0.996192
1.11762
1.03732
1.09939
1.05875
1.11132
0.960968
1.0413
0.893217
0.988816
0.981853
0.977837
0.92922
0.884063
0.949528
0.977685
0.823024
0.891317
0.913196
0.949119
0.981979
0.927808
0.931092
1.22798
0.927791
0.778477
1.02213
0.982804
1.02562
1.16696
1.06409
1.17128
0.961358
0.954823
0.955845
1.19518
1.04913
1.01554
0.943777
0.99319
0.999466
1.01712
1.05163
0.827346
0.995913
1.01711
0.847714
0.880518
1.01988
0.932094
1.06517
1.09911
0.953015
1.19146
0.937652
1.13981
0.901601
0.993648
0.910488
1.11583
0.934884
0.848157
1.26814
1.14275
0.885469
1.18165
0.924026
1.12463
0.951027
0.923893
1.00099
0.95204
0.913899
0.990809
0.964968
0.901155
0.946609
1.04012
1.0203
1.04462
1.09484
0.983621
0.915982
0.968349
1.0655
0.995304
0.833668
0.913581
0.960481
0.846392
0.942587
0.940729
0.932648
1.18743
1.00351
0.932547
1.0729
0.95549
0.901867
1.0403
0.91142
0.88113
1.20019
0.939896
1.05609
0.940084
0.923736
0.957478
0.945603
1.05661
0.929203
0.795244
0.810989
1.06229
1.10103
1.17802
0.75003
1.12394
1.02238
0.957214
1.18419
1.16708
0.965577
1.03155
0.867742
1.08991
0.952519
0.771888
0.923662
1.02539
1.08161
0.776362
1.03103
0.820428
0.843256
1.03764
1.02665
1.1101
0.978111
0.85653
1.17033
1.04213
1.12212
0.850777
1.1427
0.90098
1.01366
0.858303
1.32975
1.14212
1.20698
1.08476
0.872701
0.928045
0.832689
0.91634
0.86045
0.920873
1.04661
0.903102
1.12533
0.907497
0.951027
1.03165
0.790616
1.18263
0.86893
1.07587
1.03846
0.861804
0.913038
0.812571
1.05634
1.14122
0.846091
0.895935
1.12255
1.09721
0.817018
1.04064
1.15161
0.968453
0.970873
1.07231
0.767633
0.993592
1.148
0.950247
0.965087
1.01713
0.936041
0.96945
1.06597
0.874928
1.00486
1.19028
1.07372
1.06582
1.12688
0.97999
1.28224
1.08921
0.787166
0.753599
0.985451
1.09556
0.976777
1.0848
0.983021
1.03305
1.05924
0.917356
0.990489
1.05312
0.884365
1.00221
0.965292
1.08463
1.10206
1.12063
0.970188
1.02191
0.992496
1.18581
0.89907
0.942814
1.10341
0.964276
1.00922
1.12547
1.05733
0.992375
0.900448
0.955706
1.08111
0.946055
1.21545
0.902699
0.946132
0.939476
1.12098
0.888963
0.964784
0.947791
1.14111
0.941967
0.859199
1.15125
1.03498
1.03622
0.909652
1.05024
1.03655
0.89555
0.885037
1.00719
1.06366
1.05312
0.960146
1.11463
0.892601
1.005
0.978525
0.893327
1.13588
0.876654
0.997241
1.0192
0.995725
1.04685
0.967275
0.938623
1.04012
0.942111
0.857706
1.0209
0.986361
0.94421
0.974274
0.808635
0.986747
1.00934
1.05591
1.07626
1.23394
1.11612
1.06104
0.756444
0.946167
1.13628
1.01245
0.950996
0.935233
1.18063
1.04233
1.19912
0.906569
1.03451
1.10821
1.24885
0.868694
0.975967
1.088
1.16492
0.942255
1.14282
1.09122
1.02194
1.0112
0.989879
0.99867
1.01889
0.903956
1.17189
0.822199
0.903045
0.940928
0.909691
0.910166
0.837729
0.954336
0.920846
0.985359
0.89597
1.08488
1.09029
1.00921
1.00138
0.978317
1.11434
1.02883
1.00386
1.11925
1.19073
1.00358
1.11165
0.96101
0.86548
0.869746
0.880108
0.970813
0.823122
0.887723
0.862492
0.917199
0.985717
0.894642
0.941487
1.26475
0.892683
0.998713
1.12585
0.981223
1.11743
1.07315
0.926697
1.10711
0.968198
0.844472
1.07197
0.944326
0.868619
1.09472
0.856046
0.912734
1.08301
1.07679
1.07271
1.00973
1.05081
1.05265
1.12581
1.00208
0.871256
0.920864
1.00224
1.00225
1.13253
0.816989
0.921342
0.98798
1.12082
0.940904
0.948294
1.04341
1.05098
1.28129
0.959681
0.988538
0.957717
1.09641
1.12711
0.956356
1.02669
1.03751
1.03603
1.02975
1.03595
1.04533
1.09138
0.860599
1.21992
1.08378
0.942643
1.07775
0.988031
1.03927
1.06682
1.05267
0.936436
0.969639
0.957082
1.06669
1.01283
0.961658
1.08086
0.999739
0.988013
0.890637
0.848533
0.862076
1.02495
1.01419
0.922218
1.14402
0.869869
0.790735
1.0437
1.04837
0.962762
1.04518
0.976984
1.04305
0.958559
1.0276
1.06901
1.00154
1.05065
0.851798
0.933109
1.08702
1.02776
0.944517
0.99332
0.981829
1.02541
1.06208
0.928937
1.08708
0.976799
1.01918
0.899808
1.04464
0.923047
0.853331
1.11855
1.09326
1.11995
0.835142
1.01106
0.94752
0.995232
1.00038
0.987829
0.869338
1.05816
0.886355
0.995654
0.796732
1.08614
1.02669
0.961909
1.06279
0.938228
1.15305
1.0025
1.01919
0.927663
1.0566
1.04149
1.09837
1.09399
1.05041
0.857846
0.957308
0.917874
1.22018
0.919861
1.02264
0.930697
0.973015
1.06303
1.03402
0.868081
1.2023
0.980305
1.02766
1.03638
0.925602
0.964909
1.06113
1.19039
1.00686
0.931524
1.13214
0.838622
0.965757
1.15979
0.876371
0.96692
0.996726
1.13425
1.09448
1.06788
1.00921
1.01113
1.00742
1.21943
0.884675
1.04618
1.04019
1.24898
0.952192
1.0236
1.1352
0.959166
1.12994
0.933022
0.917141
1.08944
1.05339
1.05561
1.06862
1.0504
0.872859
0.866628
1.06191
1.17438
1.00722
1.14037
0.985993
1.0177
1.12667
0.823479
1.00929
0.953517
0.960981
1.02485
1.00903
0.973249
0.947191
0.875434
0.876825
0.88705
1.09669
0.95938
1.12394
0.921229
0.882361
1.01553
1.07221
1.03097
1.0864
0.88883
0.925213
0.900452
0.871723
0.863855
1.06168
1.0594
1.07518
1.02829
1.00178
1.03344
1.09375
0.948359
0.993655
1.11729
1.20245
0.972937
1.16257
0.942911
1.21118
1.03987
1.05875
1.20159
0.879728
1.10047
1.0139
1.06036
1.02675
0.976463
0.971882
0.87222
1.00934
1.17623
0.993095
0.99049
0.961752
1.02684
0.828979
1.07268
1.0091
0.926374
1.01246
0.903459
1.02293
0.90699
0.86909
1.028
0.966216
1.00088
1.09224
0.996781
1.13843
1.15825
0.852208
0.83398
0.936943
1.19333
0.854901
0.982612
1.29984
1.03477
1.05737
1.09776
0.818979
0.958884
0.90607
1.02371
0.837429
0.915407
1.20395
0.998862
1.09336
1.00188
1.05237
0.889613
0.809522
0.909162
1.1187
0.988253
1.03785
1.00859
1.13527
1.17259
0.945391
0.913625
0.83668
0.976764
1.16251
1.00792
0.943607
1.01702
1.15773
0.965766
1.01921
0.980278
1.18084
0.882587
1.13765
1.0341
0.874879
1.06329
0.825447
0.948879
0.83489
0.932985
0.948983
1.01625
1.06117
0.921255
1.02795
0.794812
0.961885
1.07772
1.11188
0.947047
0.874704
1.10916
0.998858
1.06866
1.04296
0.991599
0.933018
1.04346
1.01468
0.932004
0.792793
0.974238
0.916985
1.08638
1.063
0.76879
1.03284
1.05358
0.968616
0.984871
0.996173
1.18981
1.07749
1.00425
1.07206
0.952773
0.986834
0.942287
0.878447
0.705076
0.83579
1.22065
1.00274
1.06348
1.08822
1.02333
1.06291
1.10153
0.904815
1.02801
0.833087
0.892232
0.967955
1.03099
0.980707
1.05451
0.954338
1.13565
1.27973
1.06533
0.942264
1.05948
0.913489
0.954126
0.900752
1.05023
1.02023
1.09749
0.927295
0.928954
0.889779
0.769827
0.948205
0.960388
0.944891
1.0813
1.07311
1.16837
1.02801
0.947334
0.891883
0.997688
0.873347
0.895814
1.00667
0.999292
1.00001
0.894027
1.03795
1.14368
0.979016
1.05167
1.03466
0.975327
1.18192
0.87598
0.972768
0.975332
1.07361
1.1534
0.97224
1.16305
1.00545
0.936713
1.14864
0.854214
0.890006
1.04408
0.843312
0.989424
0.89209
1.1624
1.0112
1.03398
1.01639
0.926435
1.02018
0.95665
1.00069
0.973265
0.944133
1.0567
1.00161
0.971103
1.00877
0.920888
1.11795
1.18544
0.871839
0.918918
1.16081
1.02704
0.945734
0.885086
0.982122
1.15931
0.916421
0.998782
1.01361
0.969631
1.1335
1.06774
0.988883
0.829239
0.917867
1.11958
1.00912
1.03205
0.900626
0.854909
0.845955
1.05558
1.04415
0.971254
1.10128
0.824818
0.970908
0.964082
0.968155
0.971354
1.08349
0.97218
0.968193
1.0392
0.905258
0.985884
1.03629
0.947214
1.00773
1.01252
0.942584
0.963141
0.899696
1.02423
1.0012
0.882644
1.03819
1.07459
0.884476
0.888664
0.918902
0.956633
0.998901
0.891994
0.969826
1.21351
1.02393
0.857322
1.09164
0.869604
1.10676
1.13163
1.06326
1.0261
0.975473
1.21224
0.863535
0.847871
1.0442
0.939314
0.925471
0.989705
0.923383
1.18167
1.07341
0.885526
0.982615
0.82693
0.801872
0.939302
1.10285
0.958292
0.998257
0.98041
1.06548
0.91899
1.25882
0.915171
0.84319
0.702642
1.09357
0.850835
1.08466
1.26513
1.0374
0.966727
0.963186
1.03779
0.92618
0.876486
1.18345
1.04846
0.990872
1.03737
1.0974
0.883732
0.995398
0.932834
0.992912
0.871435
0.954039
0.775184
1.01025
1.06695
1.0242
1.03233
0.849528
1.01808
0.925052
1.10997
1.01045
0.862295
0.99397
0.923676
1.22842
1.02529
1.04265
0.969444
0.92975
0.975859
1.08836
1.13231
0.864713
1.07341
1.31188
1.01531
1.01784
0.974415
0.871219
1.04748
0.973738
1.01627
0.835015
1.03386
0.871882
0.933345
0.955427
0.912584
1.12147
0.955675
1.07822
0.98709
1.104
0.951794
1.12517
1.08129
0.818362
0.827399
0.991686
0.958294
1.11986
0.92367
1.00845
0.912097
1.03355
1.08822
0.98327
0.932333
1.12336
1.11723
1.00607
1.14156
1.17201
1.09913
1.15271
1.2034
0.931589
0.922047
1.05534
1.03906
1.03127
0.987536
0.947142
0.899667
0.913527
1.15923
1.09477
0.843412
0.954705
0.996577
1.03005
0.912229
1.1866
0.920885
0.89286
1.1381
1.14273
0.991154
1.15121
0.920503
1.04888
0.875359
1.18327
0.869452
1.19697
1.14174
0.986063
0.924147
0.879704
0.905507
1.13859
1.02234
1.10124
1.04907
1.02445
0.92091
0.971515
1.00173
0.880913
0.99248
0.926948
0.924275
1.08471
1.15372
0.875443
0.926359
1.06987
1.11021
1.00867
0.920107
0.891681
1.09866
0.95151
0.985967
0.991078
1.00156
0.917716
0.980492
0.963466
0.920898
0.977934
1.09788
1.03042
0.948462
1.06763
0.991898
1.09942
0.849764
1.09895
1.13338
0.812868
1.01296
0.889769
1.16506
1.04329
0.956614
1.04049
1.03226
0.968376
0.891145
0.881059
1.11113
0.968611
0.905873
0.918988
1.15767
1.13349
1.08397
0.995686
1.07681
0.962107
0.887127
1.10959
0.969489
1.05404
1.01001
1.16939
1.22509
1.00555
1.11634
1.13006
1.06622
0.988717
0.964453
1.01211
1.14324
0.922128
1.04867
0.823565
0.99139
0.893293
1.11042
0.989259
1.11785
0.915845
0.891185
0.989226
1.11795
0.976745
1.07931
0.951115
1.03421
0.932721
0.89543
0.93461
0.97457
0.927899
1.06983
1.0243
1.02054
0.929645
1.11409
1.24754
0.960307
1.06925
0.921357
0.920823
1.09009
0.949263
0.992062
1.07012
1.07691
1.06887
1.02837
1.03218
0.996167
1.03385
0.889824
1.21097
0.863221
1.00192
0.939188
0.911616
1.08689
0.851296
0.843377
1.29877
0.914777
0.853747
1.17954
0.95805
1.03566
0.9294
1.07031
1.04686
0.79579
0.945975
1.20249
0.952227
0.965299
1.11635
1.05094
1.0774
1.00499
1.04586
1.04529
1.08224
1.05671
0.949515
1.15359
1.03705
1.0064
0.895678
0.990167
0.912462
0.981179
1.05554
0.985007
0.981766
0.982411
0.999067
0.837846
1.08257
1.04779
1.12993
0.899887
1.06094
1.0091
1.06298
1.12833
0.963522
0.913181
0.899068
1.2147
1.01723
1.0595
1.03006
1.06876
0.959439
0.930551
0.967299
1.12364
1.11641
0.973844
0.925896
1.36824
1.01921
1.0062
1.08689
1.08545
0.987939
0.840663
0.957243
0.898232
0.994115
0.960424
1.09217
0.953245
0.998466
0.97414
1.10641
1.26751
0.988617
1.09403
1.02444
0.906131
1.07013
1.0148
1.02818
1.06993
0.896595
1.17871
0.915411
1.16401
0.94989
1.08112
0.990978
0.927856
0.821487
1.05643
0.879205
1.038
1.10105
1.04264
0.849197
0.747776
0.959925
0.97
1.10323
0.997096
1.13868
0.920695
1.01637
1.04475
0.848118
1.00125
1.18864
0.950278
1.01349
1.09535
1.15207
1.00599
1.09428
1.07261
0.97798
1.1116
1.0235
1.12525
1.00662
0.969999
1.00589
1.08583
0.828814
0.998168
1.07018
1.01394
0.801334
1.09865
1.09968
1.13335
1.04081
0.818542
0.842452
1.02624
0.956958
0.898136
1.13073
1.06467
0.888801
0.957721
0.946687
0.972574
0.945762
0.981807
0.850584
0.982307
1.00247
0.957482
1.03056
1.0303
0.970176
0.988416
0.991896
0.977733
0.936387
1.08724
0.894356
1.13657
1.00255
1.05275
1.08876
0.942661
1.12765
0.894782
0.905619
1.08293
1.09792
1.00601
1.18094
0.892196
0.918003
0.979934
0.891725
1.04029
1.0868
1.02535
0.978887
0.910751
0.960866
0.884535
1.00914
0.908841
1.1429
0.957758
0.954949
1.00807
0.983002
1.08059
1.11913
0.833456
1.06584
1.04381
1.11473
1.00999
0.811701
0.918996
1.03912
0.922231
0.991485
0.916745
1.18677
0.937014
1.12223
1.04102
0.84283
1.14762
0.923808
0.90206
0.853799
0.957392
0.87694
0.932139
1.30685
1.02077
0.942057
0.983332
1.01457
0.934408
1.07397
1.00508
1.02175
1.0868
1.00071
1.05894
0.85358
0.837775
0.943533
1.11754
1.23795
0.886077
1.08855
0.769165
0.902409
1.02178
1.02286
0.901228
1.01895
0.860444
1.19772
1.00691
0.999119
1.19127
1.16819
0.977302
0.901836
1.0864
1.02717
0.880489
0.782418
1.0987
0.919122
1.04372
0.928199
1.06781
0.998251
0.91497
0.992351
0.868532
1.30468
1.1019
1.18751
0.864808
0.841985
1.08015
0.96224
1.01649
1.00228
0.969491
1.03707
0.950226
0.922594
0.971098
1.0287
0.856027
1.04057
1.09071
0.926989
0.933029
1.02159
1.06795
0.995935
0.946147
1.04426
0.838966
1.05229
1.10006
1.03169
1.14165
0.813728
0.943984
0.986114
0.995049
0.900467
1.083
1.15662
0.91932
1.11009
0.925936
0.981339
1.00005
1.13672
0.960235
0.953417
1.13795
0.948595
0.83022
0.868344
1.05155
0.925773
1.07093
1.05553
0.896503
1.15122
1.04238
0.977851
0.859947
0.973264
1.16349
0.864389
1.05025
1.09932
0.981304
1.09534
1.12353
1.05709
0.819672
0.98722
0.835528
1.17805
1.08888
1.08475
0.871827
1.00852
1.03678
1.04204
0.925564
0.958532
0.920669
0.906818
0.907377
0.912394
0.987404
1.04243
0.977794
0.9654
1.00618
0.948931
1.03372
0.993328
1.25347
0.954225
1.03689
0.952002
1.16567
0.953621
0.965818
0.927061
1.05153
1.03543
0.955082
1.02732
0.956195
0.979953
0.888674
1.14827
1.02413
1.03711
1.0558
0.998988
0.94166
1.03988
1.08452
0.859735
0.873138
1.06634
0.948079
0.990305
1.10869
1.06476
0.955975
1.20795
0.930741
0.882085
0.962292
1.04166
1.03409
1.11257
1.17269
0.89111
0.997249
1.08292
1.08341
0.978568
0.957878
1.09661
1.03425
1.04038
1.0521
1.13964
1.14025
1.14238
0.949664
0.996337
1.10395
1.15784
1.16541
0.75765
1.12608
1.01524
1.12105
1.05954
1.15769
0.999057
0.944951
1.01489
0.944548
0.997009
1.02921
0.953744
0.912563
1.0262
0.9694
1.07126
0.965513
1.08044
1.27963
0.963326
0.920176
0.86352
1.16574
1.14756
1.08924
1.06496
0.935144
0.940395
0.994
0.959166
0.887351
0.951257
1.03469
0.973986
0.938233
1.17098
1.07476
0.875255
0.915179
1.16612
1.16119
1.09661
1.02773
0.964233
0.979384
0.922163
0.922374
1.00435
1.1151
0.95005
0.955649
1.04781
1.16953
0.961442
0.99424
1.04648
1.06387
0.943922
1.10119
0.907035
1.13671
0.981677
1.18429
0.983747
1.06493
1.05657
0.958891
0.794868
1.11257
1.0879
1.01765
1.00932
1.12951
1.04002
1.01725
1.13196
1.04074
0.949507
1.13269
0.920675
0.897598
0.852068
1.02247
1.1708
0.986245
1.02231
0.945197
0.951384
1.07931
0.841248
1.06353
0.785632
0.966604
1.01526
1.05738
0.958845
1.12963
0.970096
0.947752
0.98703
0.96907
1.03448
0.921847
0.879704
0.938942
1.02631
0.971073
0.882399
0.959538
1.15552
1.03925
1.12672
1.15899
1.00791
1.03043
1.03811
1.11299
1.01721
0.860151
1.19974
1.02108
1.0128
1.04271
1.01314
1.0289
1.01566
0.889353
0.974636
1.10336
1.20045
1.04925
0.996312
0.933905
1.15452
0.981461
1.13957
1.03461
0.987375
1.00102
0.894116
0.875812
0.937071
0.958932
0.81545
1.03663
0.999723
1.05055
0.950555
0.957325
1.02635
0.941077
1.14889
1.1039
0.829178
1.16844
0.902763
1.0604
1.09431
1.04631
0.827346
1.10753
1.11046
1.1286
1.13159
0.893939
1.11766
0.86227
0.941506
0.991028
1.00533
1.00648
1.03629
0.891763
0.884718
0.993397
0.946666
1.05778
0.93064
1.04059
0.885364
0.911828
1.02944
1.07394
1.12788
0.870588
0.988017
0.985906
1.03024
1.06112
0.849472
1.02447
0.919078
1.07688
1.1336
1.04916
0.917409
1.09285
1.14084
0.861813
0.923133
1.09253
1.06812
1.07327
0.89992
1.03236
0.911856
0.842939
1.04167
0.981915
1.05167
0.918902
0.914296
0.924169
0.982619
0.960647
1.0197
1.03418
1.16545
1.06755
0.915303
0.904705
1.22381
0.786443
0.998404
1.059
1.10721
0.944659
1.09966
1.07296
0.866088
1.05768
0.807778
0.872692
1.13591
1.1233
1.06459
1.08448
0.975478
0.840222
0.782651
1.14087
0.896398
0.969522
0.986817
0.930726
0.938153
0.947021
1.00142
1.17946
0.934858
0.96288
1.13573
1.14712
1.02235
1.16833
0.95096
1.10955
0.983296
1.24869
0.951119
0.958485
1.05659
1.00537
1.02258
0.905762
0.78653
0.899947
1.13955
1.02037
1.05112
0.992698
0.974085
0.956345
0.881331
0.957965
1.10225
0.905375
1.14652
0.873329
0.934564
1.02596
0.953783
0.943452
0.992131
0.97091
1.11486
0.986654
0.986234
1.13405
1.10696
0.932585
0.948706
0.94205
1.05242
0.96048
1.15634
0.911791
1.03703
0.889013
0.946934
1.10943
0.969311
1.15276
1.0836
0.843918
1.08674
1.2613
1.06846
0.996187
0.990871
1.16659
1.02363
0.963696
0.942684
1.1289
0.899236
1.00689
1.16987
0.995863
0.957964
1.02536
0.994575
0.922296
1.051
1.00108
0.964203
0.934386
0.954932
1.01946
1.0501
1.06515
1.01242
1.08884
1.01121
1.02127
0.98122
1.13136
1.07513
0.944013
0.755969
1.04737
1.14252
1.05775
0.878217
1.00578
1.0181
1.0585
1.06598
0.913379
1.0326
1.13814
1.0005
1.00242
0.941412
1.18412
1.00126
1.16014
1.06592
0.948565
1.00155
0.787597
0.908111
0.895851
1.11602
1.08606
1.09582
1.16071
1.06402
0.945786
0.90493
1.11702
0.978023
1.00995
1.21679
0.99305
1.08465
0.955922
0.840139
0.881557
0.983624
1.07242
0.999059
1.17139
0.935113
1.10714
0.869072
1.0117
0.876996
0.957798
1.02083
1.15825
0.971446
1.00903
0.918803
1.19717
1.10371
0.965779
1.10896
0.968647
1.0277
0.784856
1.31052
0.973894
1.08807
1.06699
1.06521
0.83438
0.975619
0.953213
1.03396
0.941244
0.996767
1.03599
0.932431
1.02548
0.880538
1.01405
0.963895
1.12469
1.19334
0.906833
1.13972
0.838955
1.02762
1.00077
0.884849
0.992757
0.823423
0.967801
0.864057
0.960989
1.02048
1.07456
1.06593
1.02059
1.22256
0.914255
0.863312
1.07319
0.919055
0.969636
1.0564
0.978969
1.04371
1.16325
0.956845
0.939759
0.821437
1.07933
1.01947
1.01892
0.969995
0.875639
0.86448
1.03123
0.89162
0.960774
0.881375
1.06971
0.980729
1.00365
1.02177
1.03425
1.07981
1.06902
1.08711
0.972722
0.888994
0.960252
0.8908
1.08981
1.00009
1.17223
1.01183
0.988036
1.07232
0.815713
1.04372
1.03061
0.962688
0.893016
1.11464
0.817478
1.05097
0.902282
0.996791
0.985892
1.06787
0.900139
0.936163
0.975189
1.00592
0.988204
1.00579
1.1667
1.02718
0.991567
0.937467
1.05275
1.03882
0.8929
0.966046
0.943877
0.954407
0.931508
0.952099
0.954618
1.00554
1.03055
0.963887
1.06514
1.0494
0.922776
1.14719
1.18371
0.921846
0.972395
0.981489
1.06164
1.14923
0.879541
1.0614
1.04306
1.18314
1.16564
0.999741
1.06318
1.03408
1.01401
0.934303
0.91979
0.861585
0.966504
0.936879
1.0434
1.03831
1.05897
0.970913
1.11199
0.914344
0.886565
1.10835
0.910707
0.94938
1.21136
1.15698
0.946165
1.13226
1.07062
0.944508
0.971039
1.05383
1.03142
0.93905
1.05665
0.945006
1.13265
0.966703
1.05232
0.989389
0.984535
0.985273
1.07007
1.05545
0.972617
0.876203
1.05728
1.02722
1.12027
0.904862
1.06202
0.961331
0.834089
0.995025
1.04417
0.755935
1.01737
1.15454
1.21022
1.17687
1.03655
0.959943
1.03451
0.973863
0.749323
0.880266
0.772015
1.07816
0.881687
0.918494
1.01054
0.998244
1.00798
0.835975
1.01419
0.881677
0.872577
1.05956
1.11168
1.04092
0.970565
1.22251
1.01524
0.883194
1.00257
0.868871
1.05512
0.929554
0.943941
0.890516
0.964737
0.909829
1.0536
0.966727
0.883447
1.09918
0.78808
1.04504
1.12789
0.891223
0.993476
1.0161
0.950397
0.924083
0.949996
0.948497
1.19985
1.02773
1.02779
0.951329
1.00204
1.0297
0.919686
0.947278
1.0846
0.91094
1.186
0.91194
0.924676
1.17524
1.01649
1.0121
0.938102
1.02025
1.10953
1.15873
1.04451
0.984341
1.07173
0.992602
1.08384
1.09938
0.947806
1.04465
0.782467
0.94958
0.8321
1.07974
0.912025
1.02876
0.952456
0.911116
0.82908
0.987034
1.01849
0.993589
0.921288
1.11119
1.04091
0.939046
1.00126
0.862649
1.08885
1.01949
0.839195
0.82862
0.988335
0.871081
1.05644
0.872781
1.02703
1.0667
1.01458
0.739343
0.957628
1.01503
1.07349
0.810784
1.15732
1.02134
1.04913
1.11041
1.08736
1.10325
1.12173
1.14696
0.987622
0.831896
0.910831
0.880284
1.10773
1.02229
1.01594
1.05489
0.924053
0.958619
1.127
1.01902
1.01948
1.14388
0.865951
1.00907
1.01027
0.996223
0.880068
0.887817
0.920448
0.998928
0.959542
0.934672
0.993543
1.04277
0.972269
1.04263
0.922911
0.916653
1.07335
1.02766
0.967803
0.90428
0.956204
1.25082
0.94917
0.848621
1.02992
1.09144
1.17186
0.947614
0.832463
1.02313
1.10398
0.981331
0.84655
0.824008
1.09962
1.05818
0.828176
0.990663
0.969153
1.01677
0.990587
0.867922
1.07692
1.07926
0.950823
1.18961
0.931914
1.11457
1.02848
0.991455
1.07743
1.11411
1.00986
1.07289
0.976082
0.941287
0.77465
1.08384
0.87005
0.904181
1.07792
1.00707
1.03065
0.885903
1.05667
1.04026
0.912254
0.85161
1.03987
0.826469
1.02501
1.08632
1.0007
1.05882
0.980699
1.10987
0.994385
0.917468
1.16764
0.935159
0.898344
1.12022
0.909128
0.83855
1.14734
1.01434
0.786227
0.9994
1.04571
1.0403
0.976596
0.965925
1.08159
1.09177
1.05466
0.961848
1.08939
1.06623
0.938795
0.85523
1.16904
1.10538
0.903111
0.996132
1.05993
0.905301
0.93687
1.03032
0.967414
0.948346
1.16195
0.951734
0.936589
0.985142
1.03257
0.895706
0.925766
0.817648
1.04701
0.968098
0.964579
0.97563
0.96964
0.981174
1.00931
1.07434
0.876717
1.06309
0.985541
1.06785
1.01339
1.0574
0.941547
1.12936
1.0252
0.979823
1.05792
1.0424
1.11676
1.06512
0.819766
0.92203
1.0059
1.01758
1.00018
0.889657
1.00684
0.846292
1.01516
1.00745
1.10657
1.04451
0.918435
1.01441
0.997124
0.892127
0.872045
1.05738
0.935672
1.07755
1.01154
1.23132
0.954827
0.89255
1.19754
0.970128
1.01478
0.928038
1.13564
0.966162
0.884613
0.916089
1.03817
0.897733
1.06655
0.865376
1.02805
0.976394
0.906391
1.04269
0.859209
1.0422
1.21472
1.15168
0.855643
1.07324
0.900945
0.860625
1.03153
1.07342
0.954841
0.959802
0.878977
0.953123
1.19384
0.870309
1.08031
0.906528
0.89109
1.09409
0.99849
1.12707
0.92061
0.963808
0.856868
1.04119
0.957551
0.987146
0.885523
0.96701
0.866768
1.123
0.929768
0.783397
1.0532
0.980733
1.11232
0.995163
1.20178
1.06034
0.87893
0.956912
1.16174
0.962449
0.903219
0.906321
1.06966
1.04236
1.12919
1.11717
1.01238
0.996876
0.955467
1.14657
0.920545
0.997038
1.00095
1.0383
0.967649
0.952817
1.10063
1.2604
1.09271
1.21304
1.10206
0.962491
0.962157
1.0411
1.16266
0.906325
1.00959
0.828807
1.02963
0.910054
1.10792
1.0623
0.954845
0.974662
0.998542
0.902147
1.07437
0.975692
1.03104
1.09579
1.1517
0.921308
1.0294
1.04611
1.06722
1.01657
1.04292
0.942234
0.937852
1.01105
0.903599
1.1016
0.99186
1.02542
1.0473
0.99562
0.836927
0.898075
1.01514
0.886653
1.00598
0.899416
0.922573
1.23812
1.18983
1.24054
1.20397
1.23276
1.02517
1.03966
0.865467
1.2277
0.893441
1.0303
0.924916
1.02293
0.923421
0.942088
0.958293
0.912924
1.06363
1.00425
1.0588
0.877181
0.882914
1.10492
1.03584
0.980162
0.895633
1.06124
0.98693
1.02444
0.89484
0.901243
0.949789
1.09503
1.01832
0.921965
1.13232
0.947395
0.972893
0.965764
0.97521
1.10993
1.11314
0.873828
1.06987
1.15364
1.13892
1.04161
1.30563
1.15942
1.22673
0.967192
1.04137
0.978957
0.997872
1.06589
0.993685
0.891388
0.805104
0.917537
0.93845
1.03722
0.968389
1.15068
1.11916
1.00458
1.11734
1.13603
0.865508
0.91376
0.976004
1.12607
1.00292
0.844696
0.981998
0.9158
0.79665
1.01005
0.843899
1.11888
0.920887
0.911954
0.960758
0.922035
0.926047
0.965605
1.07897
1.06003
0.905233
1.11299
1.1097
1.07477
1.076
1.11734
1.00176
1.18637
1.05608
0.959188
1.02509
0.8227
0.957753
0.987767
1.01033
0.948252
0.982993
1.03451
1.04966
1.03667
1.04683
0.955989
1.04316
1.06686
0.944786
0.903525
0.983828
1.04562
1.03811
1.21292
0.992379
1.15192
0.989944
0.853756
1.20114
1.08447
1.117
0.958471
1.07464
1.06099
0.990825
0.711164
1.09554
0.859552
1.05939
1.08088
1.00277
0.971176
0.950799
1.03032
0.996372
0.951085
1.04413
1.08007
0.951578
0.957617
1.09151
1.09618
0.822988
1.05794
1.01541
