0.522082
0.28659
0.272226
-0.0512688
-0.409462
-0.118133
0.192638
-0.171349
-0.31765
0.26066
0.480317
-0.370691
-0.126309
-0.24567
-0.0480391
0.219074
0.214487
-0.326339
0.016934
-0.0790258
0.154866
0.266897
0.155029
0.0350423
0.314036
-0.492948
0.00336742
-0.37204
-0.262773
-0.291306
0.116362
-0.21759
-0.446037
0.434936
-0.375029
-0.252816
-0.627836
-0.27342
0.404691
-0.214148
-0.286317
0.0233327
0.457093
-0.374676
0.0708915
-0.445928
-0.0868593
0.00117831
0.109748
-0.119561
-0.322669
-0.0545309
-0.197473
0.130754
-0.235743
0.248935
0.0550793
0.249858
0.0950206
0.117264
-0.0200671
0.137835
-0.0993452
0.256827
-0.132942
0.106685
0.1939
-0.0810981
0.0587491
-0.0364644
0.0971092
0.103116
-0.95734
0.187142
-0.247281
0.385117
0.0622019
0.116129
-0.429755
0.121056
-0.185402
-0.164948
0.125495
0.23893
-0.242416
0.0119294
0.350578
0.0709146
0.0135031
0.407933
0.56226
-0.407082
0.36286
-0.135794
-0.387703
0.256208
0.215955
0.304281
-0.057667
-0.731349
0.362285
-0.318175
0.437303
-0.210333
0.420081
0.378278
-0.530927
0.335688
0.155403
-0.193242
-0.135659
-0.293704
0.204504
0.253056
0.162951
-0.39622
-0.0809321
-0.0998034
0.0736041
0.0266995
-0.0220726
0.123775
-0.174972
-0.144823
-0.558614
0.36095
0.156339
0.17888
0.39752
-0.304704
-0.187148
-0.220735
-0.154475
0.214898
-0.386874
0.37185
-0.610579
-0.170362
0.699571
0.306287
-0.2024
0.284832
0.0336122
0.412817
-0.187054
0.38368
0.0457471
-0.096002
0.519025
0.12991
-0.526928
0.122239
0.42819
0.218035
0.391361
-0.096289
-0.157381
0.157992
0.416609
-0.106779
0.471894
-0.0565306
0.386789
-0.0922053
0.136299
-1.10085
-0.443368
0.0912929
-0.141294
-0.316331
-0.396195
-0.207143
-0.05518
-0.368977
-0.132844
0.222547
0.341767
0.574079
-0.0408294
0.589292
0.012929
-0.039119
0.035532
-0.334862
0.510948
0.132035
0.395466
0.0466448
0.116507
-0.176393
-0.254336
0.839447
-1.03235
0.00895609
0.463571
-0.132478
0.292263
0.256534
-0.284226
-0.130188
0.0682277
0.226828
0.390049
-0.390445
-0.00921962
-0.247666
0.0609568
0.44273
0.0562405
-0.333462
-0.00291123
0.560329
-0.653294
0.689511
-0.338777
0.236882
-0.289538
0.0175335
0.401108
0.201316
-0.455723
0.427322
0.391955
0.0648053
-0.373196
-0.433177
0.0487404
-0.105347
0.428343
0.239874
-0.315521
-0.033152
-0.145024
0.293131
-0.0181651
0.234112
-0.472513
-0.704639
-0.239693
0.391784
0.200919
-0.282694
-0.919884
0.0359447
0.338517
-0.279963
0.310555
0.445686
-0.189856
0.142669
-0.0415458
-0.499196
-0.176095
0.362222
0.0190126
0.399493
0.117292
-0.0427252
-0.311543
-0.107921
-0.0683861
0.466444
-0.232513
-0.169874
-0.0838461
-0.0642233
0.10559
0.254248
-0.240204
0.185576
-0.183594
-0.106971
-0.205205
-0.735344
0.0138267
-0.105723
0.00976201
0.440223
-0.0775484
-0.00867293
0.0586975
0.30454
0.0318153
0.210022
0.0670002
-0.20359
0.283742
-0.452772
-0.0368202
0.861135
-0.179908
-0.361585
0.0994488
-0.043387
0.434969
0.0404807
0.00523612
-0.811317
-0.146656
-0.7703
0.22911
0.0971938
0.172203
0.518064
-0.489276
-0.0653685
0.314971
-0.681549
-0.0089096
-0.42535
-0.12383
0.454974
0.207569
0.494327
-0.230045
0.678959
0.277543
0.074399
0.361366
-0.0203364
0.0942006
-0.0616368
-0.144175
-0.0494222
0.539368
-0.103217
-0.0827495
0.217616
-0.675819
0.0629009
-0.0151034
0.043706
0.0590375
-0.348965
0.163963
-0.301457
0.401323
-0.097275
-0.15533
-0.343858
-0.0918211
-0.210104
-0.0589584
-0.0780541
0.149678
-0.383652
0.254016
-0.371755
0.247297
0.758928
-0.0016292
-0.164587
-0.263854
0.0571848
0.0592715
-0.0667929
0.169756
-0.158062
-0.180022
-0.682379
-0.35731
-0.0503174
0.0908358
0.871509
-0.337395
0.229243
0.0707335
0.728662
0.408368
-0.219432
0.537761
-0.325017
-0.252141
-0.0887478
0.0325372
0.405147
0.325626
-0.0383112
0.0220433
0.0690117
-0.66082
-0.524377
0.0360702
-0.361864
0.43999
0.376581
0.207627
-0.45834
-0.508463
0.224377
0.768567
0.339328
0.0128091
-0.212936
0.254896
-0.678005
-0.241846
0.12846
0.586886
0.20934
0.281473
-0.459657
0.0308024
-0.173125
-0.0287629
0.202287
0.38806
-0.673373
0.289655
0.408038
-0.193012
-0.0829715
-0.228981
0.422409
0.222295
0.0178018
0.224479
0.288862
0.655862
-0.230558
0.306178
-0.0190105
0.257497
-0.557333
0.067273
-0.45736
0.359827
-0.292858
0.318453
-0.0414804
0.175261
0.0260612
0.300512
-0.227813
0.201648
-0.150127
-0.057168
-0.075029
-0.0348329
0.152794
0.0133729
-0.25258
-0.259371
0.19843
0.215425
0.344122
-0.305996
-0.172622
0.346388
-0.315195
0.184746
0.083555
-0.502011
-0.0650896
0.451129
0.578524
-0.453992
0.589836
-0.290296
-0.320209
0.0513152
0.314421
-0.391939
0.319399
-0.0111925
-0.0931205
-0.421704
0.725353
0.313692
-0.0778416
-0.416564
0.186981
-0.407357
-0.045409
0.188303
0.283671
-0.212523
-0.385823
0.426545
-0.125134
-0.32357
0.12574
0.134263
-0.104041
-0.4801
0.200117
0.184652
0.252085
-0.41391
-0.234369
0.291206
-0.122456
-0.197536
-0.025859
0.128312
0.208918
0.877941
-0.382406
-0.218522
-0.189519
0.100208
-0.266895
-0.397803
-0.0219236
-0.373208
0.168127
0.0567452
0.273093
-0.181067
-0.00530612
-0.158755
-0.168081
0.458206
0.0666363
-0.185382
-0.0154489
0.234089
-0.489365
-0.246316
-0.0268732
-0.00367722
0.263693
0.161197
0.0588049
-0.552876
-0.323534
-0.377838
-0.553062
0.331398
0.202531
0.0828008
-0.0758923
0.0183666
-0.422454
0.259932
-0.550399
-0.131395
0.0368737
-0.110192
-0.383561
0.344778
-0.163575
0.137413
-0.570086
-0.145311
-0.300081
0.0345642
0.301476
0.0770597
-0.00684537
-0.00794836
-0.290233
-0.0470555
-0.335888
0.332241
0.0469435
0.144968
-0.0131941
-0.162588
-0.374279
-0.189523
0.622097
0.108768
-0.409262
0.0483906
0.140052
-0.243518
-0.23114
0.234322
-0.545958
-0.449186
-0.00552394
0.00489798
-0.647103
0.145759
-0.0674326
-0.0776934
0.00485362
-0.321454
-0.327822
0.468734
-0.395678
-0.109859
-0.334487
0.232732
-0.384611
0.151453
0.245219
0.553674
-0.18489
0.153978
-0.0415762
0.0290802
-0.328392
-0.18167
-0.203754
0.181813
-0.210623
0.063233
0.396738
-0.0176629
-0.531487
-0.301042
0.473506
0.202225
0.609472
0.353496
-0.093332
-0.00959878
0.00376433
-0.0190091
-0.364234
-0.130817
0.584605
-0.383705
0.246871
-0.0238803
-0.0386967
0.618121
0.590539
0.0281592
-0.561688
-0.56306
-0.348436
-0.0760914
-0.433875
0.193541
-0.136214
0.265689
0.173086
0.254774
0.18333
0.259639
-0.206792
-0.0738717
-0.211992
-0.548239
-0.48581
0.0587159
-0.488915
0.467934
0.0875195
-0.0684786
-0.286074
0.198859
0.0473603
-0.631741
0.677254
-0.228736
-0.446487
0.213543
0.4818
-0.0389922
-0.192455
-0.309091
0.0596339
-0.0493961
-0.0197908
0.706349
-0.329422
0.172836
-0.252507
-0.403721
0.251536
0.313278
-0.473551
0.223466
-0.234373
0.326598
0.0450136
0.154116
0.24515
0.59705
-0.279373
-0.0298262
0.0793882
-0.395693
0.0132804
-0.0219787
-0.154833
0.268052
0.0764438
0.0660179
0.12172
-0.0359185
0.671978
0.0652682
0.313328
-0.161184
0.190393
-0.241839
-0.363438
0.509081
0.176505
-0.0817683
-0.0248502
-0.193085
-0.0969845
0.195378
0.245333
0.275714
-0.161862
0.35317
-0.0396457
-0.166052
-0.203709
-0.0705416
0.247917
-0.117465
0.416586
0.381417
0.0458452
-0.158161
0.0565802
0.401055
0.526334
0.00179694
0.0133396
-0.486759
0.232064
0.355137
0.121544
0.261269
-0.14238
-0.347261
-0.0653622
-0.261901
0.0388774
0.646355
-0.554192
0.586548
0.170138
-0.213537
-0.294223
-0.124149
-0.500142
0.00819196
-0.0958752
0.0132468
-0.465051
0.363807
0.23952
0.274031
-0.105487
-0.181739
-0.0122868
-0.430197
0.162101
-0.339835
0.120178
-0.327655
0.0621283
-0.503198
0.0185856
0.35794
0.241571
0.427845
0.738392
0.00482372
-0.467211
-0.370407
0.154549
0.0702859
0.120051
-0.0795907
-0.322129
0.437139
0.453097
0.165849
-0.189887
-0.0644474
0.0302419
0.547859
0.125964
0.0183199
-0.207027
0.452693
0.276138
0.104522
0.354673
-0.404486
-0.0611637
0.00114335
0.438518
0.031641
-0.086983
-0.0108591
0.657034
0.213393
0.0247546
-0.25402
-0.448911
-0.690477
0.248449
-0.0875104
0.306494
-0.232152
0.067205
-0.285879
-0.0142734
-0.137632
-0.281636
-0.072165
0.322711
0.292347
0.540089
0.33621
0.616642
0.438248
0.277077
-0.202208
0.108897
-0.293266
0.173492
-0.122253
0.0575224
-0.00527444
-0.517522
0.145899
-0.0083032
-0.186215
-0.153266
0.234543
0.444701
-0.562369
0.0391524
0.315154
0.301582
0.222979
0.264419
0.238183
0.345667
0.0683996
-0.325608
0.201056
-0.434719
0.355769
0.223074
-0.0924707
-0.546907
0.173783
-0.103505
0.139754
0.0165411
-0.326786
-0.542041
0.0961801
0.502002
-0.313316
-0.358715
-0.231677
0.247296
0.197527
0.317386
-0.280608
0.144892
0.110945
-0.335409
0.518019
0.0347117
0.163658
-0.401976
-0.0820708
0.0266354
-0.737317
0.0391462
-0.28947
-0.0340107
0.0815275
-0.441943
-0.0292171
-0.100797
-0.121729
0.409918
0.150685
0.664912
0.0694049
0.0766023
-0.13523
0.165669
-0.512127
-0.165263
0.509148
-0.159329
0.0604918
-0.0608078
0.11031
0.230931
0.171642
0.205422
-0.11629
0.132149
-0.0527039
0.258906
-0.0423839
-0.483544
0.31084
0.486812
-0.337932
-0.632929
-0.26519
-0.0740853
-0.459201
0.290136
-0.36866
0.0456815
0.414507
-0.410549
-0.16209
-0.285455
0.25327
0.239289
0.445769
-0.951013
0.00249571
0.153119
0.11533
-0.219221
0.0839574
0.47729
0.30455
0.581249
-0.499787
-0.230205
-0.268348
-0.0962316
0.282611
0.064108
-0.0979823
0.331436
-0.00540044
0.352483
0.291393
-0.388879
0.26605
-0.609833
-0.0580134
0.154205
-0.12642
0.2857
0.0327399
0.692614
-0.348759
-0.610773
-0.268036
0.0777965
-0.213553
0.664245
-0.389709
-0.352972
-0.0894519
0.532517
-0.0905914
-0.40805
0.0669064
-0.108047
0.433754
-0.329026
0.57469
-0.516674
0.452859
0.432596
0.0072329
-0.0151939
-0.336268
-0.0290686
0.248471
0.110244
0.476755
0.219987
-0.600042
-0.168031
-0.532355
-0.812654
-0.545802
0.476444
0.699226
-0.146852
-0.470957
0.144942
0.226779
-0.306819
-0.266364
-0.252742
-0.10222
-0.255957
0.630822
-0.128258
0.153589
0.00359472
0.340659
0.265118
-0.116169
0.403933
-0.182527
-0.48904
0.603503
-0.0399331
0.165354
0.116156
0.369918
-0.113076
-0.145256
-0.14185
-0.48868
-0.393824
0.0103744
0.428661
-0.0558335
0.107758
0.338243
0.312169
0.173205
0.383572
0.160871
-0.0630368
0.245707
-0.25327
-0.170065
-0.510234
0.200942
0.00423569
-0.388638
-0.0914695
0.313995
-0.330297
-0.364431
0.575603
-0.319844
0.122488
0.310704
-0.569414
0.203291
-0.0245346
-0.212686
-0.464869
0.801776
-0.557957
-0.204921
0.036383
0.121256
0.291735
-0.0454673
0.509472
-0.0929015
0.0961337
-0.302828
-0.1969
-0.828707
0.590507
0.0560998
0.12818
0.00182065
-0.132614
0.014928
-0.316016
-0.0964918
-0.330005
-0.0159743
-0.0156173
0.458903
0.0489275
0.204776
0.054823
0.0119502
-0.464562
0.156175
0.192057
0.149201
0.0232064
-0.0386917
-0.259802
-0.249634
0.110652
-0.39779
-0.244734
-0.304352
0.116957
-0.0729178
0.334286
-0.249979
0.0649404
0.304288
0.212227
0.27588
-0.180008
-0.127838
-0.553711
0.249104
0.228663
-0.0982976
0.210979
-0.15776
-0.0685625
-0.498502
0.0378403
0.0883553
-0.149568
-0.275958
-0.0348005
0.313311
-0.33505
0.207928
0.335466
0.192711
-0.152048
-0.173944
-0.063443
-0.110905
-0.178767
-0.130655
0.210005
-0.127815
0.189868
-0.615194
-0.104625
0.495978
-0.0836819
0.284271
0.351575
0.333356
0.195777
0.191422
0.181619
0.317763
0.374371
-0.434735
-0.335282
-0.412664
-0.0337339
-0.345745
-0.0474827
-0.277651
0.231635
-0.522021
-0.649133
0.145395
0.147718
0.0260823
-0.110172
0.0875512
0.388335
0.233098
-0.317954
0.0783936
-0.313537
0.299907
0.10745
-0.080263
-0.0931865
0.20164
0.269588
0.0566173
0.361362
0.0344447
0.343987
0.480733
-0.230411
0.734912
-0.190482
-0.0697591
0.470839
0.100017
0.427118
-0.460675
0.73591
-0.0929579
0.0956361
0.357504
0.269889
0.272638
-0.164884
-0.232223
-0.0458525
-0.103596
0.353462
0.713065
-0.110014
-0.386206
0.247038
0.271226
0.26582
-0.223323
0.00675011
-0.546545
0.122818
-0.394314
-0.162236
-0.249559
-0.0160838
0.094369
-0.3361
0.104985
0.0702146
-0.188171
0.0543552
-0.383411
0.1722
-0.210959
-0.356216
0.400335
0.487643
-0.292266
0.520428
-0.195956
0.0957788
0.122872
-0.645694
0.065876
0.00179444
0.0778999
0.522238
-0.0769144
-0.150294
-0.652859
0.220978
0.469814
0.34742
-0.298104
-0.0654867
0.802746
-0.0630517
0.504274
-0.0462654
-0.259475
-0.344659
0.472226
0.324277
-0.0694777
-0.687181
-0.163331
-0.184683
0.013624
-0.596772
-0.13335
0.141869
-0.0618373
-0.300957
0.467915
0.327976
-0.0788659
-0.139852
0.135607
-0.0771295
-0.166087
0.284453
0.0304734
-0.0118978
0.107328
0.213355
-0.0433785
0.307769
-0.362779
-0.669022
0.2761
-0.142137
0.337648
-0.0381447
-0.410135
-0.0977322
-0.314125
-0.1711
-0.261448
0.0476477
0.289952
-0.208446
0.186837
0.0809641
0.019306
-0.281237
0.319795
-0.139982
-0.0156489
0.205097
-0.0281375
0.618981
-0.530717
0.300861
0.389767
-0.518187
0.800986
0.600013
0.49601
0.449808
0.0115352
-0.364647
0.321422
0.0352889
0.139766
-0.367861
0.0928438
-0.167827
-0.0605218
0.0474525
0.385831
-0.0202446
0.125057
0.22286
-0.0280265
-0.367318
-0.0259133
0.200511
0.204014
-0.150188
0.10903
-0.244557
0.0486325
0.405828
0.571156
-0.146576
0.584557
0.122948
0.0603701
-0.265578
-0.107719
-0.180505
-0.278156
-0.00921815
-0.192983
-0.000515777
-0.617375
0.260093
0.209078
0.0283843
-0.031848
0.50233
-0.0357482
-0.429959
0.228189
-0.134147
0.541375
0.477559
-0.211688
-0.274136
0.0509199
0.00920198
0.329871
-0.396536
0.441189
0.0634744
-0.223066
0.526704
0.351725
-0.391358
0.0914584
0.344667
0.0715107
0.157719
-0.449521
-0.406075
-0.309619
0.432845
0.210145
-0.00368886
0.267495
0.153111
-0.361683
0.375651
0.0348363
0.847197
0.201582
0.242117
0.0177949
0.265866
0.0556245
0.284512
0.204759
0.288544
-0.318204
-0.173047
-0.508792
0.182973
0.0206142
-0.345316
0.226239
-0.229496
0.266205
-0.559367
-0.231283
0.259547
0.0794035
0.179347
-0.175818
0.51665
-0.0674532
-0.0128388
-0.249225
-0.340714
0.0450886
0.230425
0.225661
-0.194357
0.524519
0.291666
-0.166464
-0.546659
0.683496
-0.173629
-0.380148
0.459798
0.184092
-0.0430261
-0.12685
-0.225097
0.128799
-0.311044
0.0394848
-0.295784
0.164478
0.159784
0.370475
-0.493986
-0.228135
0.0140811
-0.0654652
-0.170847
0.469053
-0.322348
0.279659
-0.270903
0.221589
-0.333997
-0.0609064
-0.343645
-0.0396731
-0.0140167
-0.594999
0.319404
0.00157252
-0.0517211
-0.0860176
0.714794
0.307462
0.284888
0.140068
0.0371487
-0.344535
0.196475
0.330458
-0.263727
0.316897
-0.418031
-0.341848
-0.591136
0.22382
0.0989494
-0.429819
0.472767
0.512848
0.389547
0.0445072
0.348854
0.402944
-0.0983864
-0.19275
0.0952723
-0.65042
-0.351108
0.292221
-0.244221
-0.371056
-0.779508
-0.381631
0.0500053
-0.131354
-0.370163
0.31223
-0.390664
0.195458
0.202322
-1.0157
0.0966962
0.283998
-0.258381
0.007854
-0.234
-0.046831
0.0928499
-0.344942
-0.312447
0.337131
-0.424758
0.385982
-0.204474
-0.0347964
0.392184
0.0281485
-0.113168
-0.0200847
0.647892
-0.564858
0.0891748
-0.073437
0.150177
0.148714
-0.128641
-0.125888
-0.154455
-0.266954
-0.0165571
0.151651
-0.0527015
-0.282316
-0.0670252
-0.483391
0.16527
0.105919
0.311906
-0.30226
-0.317962
0.60243
0.58369
-0.291782
0.252767
-0.399816
0.505274
-0.0425813
-0.610947
-0.233201
0.174836
0.420446
-0.687316
-0.120648
-0.231001
-0.120144
0.0858074
-0.103542
0.635061
-0.0131685
0.168659
0.513592
-0.340318
-0.361226
-0.467929
-0.0893089
0.157042
0.145868
0.184909
-0.0427523
-0.480193
0.0912097
0.0418765
-0.334559
0.0816746
-0.45482
-0.00662856
-0.219273
0.255338
-0.335431
-0.298994
-0.245896
0.807564
-0.0132747
-0.327225
-0.319312
0.174923
-0.138846
0.292947
0.0717458
0.122914
-0.386518
0.00456326
-0.0942936
-0.597213
0.0982586
-0.519283
0.0362874
-0.152145
-0.0473964
-0.118823
-0.262793
-0.486103
0.184578
0.0783181
0.480275
-0.422456
-0.185372
-0.123342
-0.0314423
-0.338443
0.00531755
-0.31896
0.204911
-0.224809
0.0283876
-0.332644
0.115913
0.234476
-0.131835
-0.107089
-0.0855341
-0.195141
-0.015167
-0.469633
-0.0378576
-0.29605
-0.0349328
0.204608
-0.269693
0.0312085
0.0120137
-0.261477
0.672933
0.257101
-0.142714
0.0893453
-0.72476
0.210923
0.204015
-0.352265
0.130611
0.0680081
0.122775
-0.810904
0.481646
-0.695551
-0.18846
-0.449922
-0.117421
-0.219789
-0.259294
-0.0525851
-0.040385
0.0542065
0.212456
0.324698
0.316374
-0.0353083
0.0621666
0.200616
0.0787817
-0.439855
0.546606
-0.556759
-0.0961236
-0.0160775
0.338441
0.739216
-0.528482
0.125934
-0.0743759
0.584283
-0.0288118
-0.100234
-0.0860575
-0.541284
-0.0905872
-0.00768841
0.143805
-0.117154
0.251657
-0.0610953
0.0708615
0.132123
-0.291347
0.345201
-0.0274312
-0.234547
0.165826
-0.330093
-0.439522
-0.299671
-0.0137504
-0.586833
0.184428
-0.179483
-0.105181
0.165321
-0.152704
-0.0226823
0.302904
-0.360008
0.545618
-0.38302
0.150666
0.127462
-0.214603
-0.394699
-0.0197011
-0.263966
-0.365852
0.0718844
0.223762
0.327916
0.348993
-0.269473
-0.0736208
0.0181946
-0.514973
0.143934
0.0392194
-0.15283
0.439892
0.167753
-0.273622
0.282941
0.242709
-0.239165
-0.398092
0.596957
0.238411
-0.186275
-0.161494
0.0134142
0.267383
0.0439099
0.161357
0.419278
-0.26464
-0.312581
0.144913
0.0569213
0.339879
0.0620254
0.368194
0.0892366
0.254895
0.496216
-0.276049
-0.410555
-0.419445
-0.504299
0.0547781
0.0526276
0.0591934
0.0514127
0.238776
-0.143572
0.371775
-0.371495
0.709629
0.314291
0.066695
0.0110353
-0.284254
0.207469
-0.402953
-0.784624
0.212415
-0.427933
0.16146
-0.274245
-0.106007
0.121942
0.224804
0.159924
0.398724
-0.311715
-0.31105
-0.0964381
-0.145535
-0.114283
-0.119713
-0.0215651
-0.596329
-0.120072
-0.379507
-0.226883
-0.00814253
0.0532208
0.209532
-0.134428
0.520235
-0.224974
-0.31384
-0.0742495
-0.312719
-0.0341436
0.195514
0.0569623
0.412988
-0.101213
-0.592823
-0.257149
-0.0460337
0.0934139
0.0583388
-0.0113238
0.225601
-0.202733
0.184874
0.14487
0.402481
-0.0769911
-0.198074
-0.0833133
0.143407
0.0240613
-0.202488
-0.216133
-0.0451954
0.241578
0.0824404
0.365407
0.145185
0.184367
0.268858
0.105015
0.201419
-0.153437
-0.214978
-0.255929
-0.146278
0.298308
-0.233408
-0.109183
0.0322805
0.39096
-0.3116
0.0386872
-0.148957
-0.461174
-0.137605
0.103672
0.338932
-0.0266025
-0.0602209
0.0682121
0.503273
-0.000328632
0.0225872
-0.486447
0.13549
-0.908077
0.404299
0.116439
-0.346395
0.112873
0.534428
-0.257198
0.0440094
-0.118593
0.212431
-0.400114
0.560698
0.445614
0.0460555
0.210783
-0.483888
-0.0558366
-0.302799
-0.0915947
0.591341
-0.391685
-0.104152
0.158458
-0.0707729
-0.252092
0.153507
-0.191229
0.362158
-0.300753
0.216797
0.00254261
0.272335
-0.221092
0.030265
-0.119671
-0.116603
0.0259493
-0.0441802
0.0679049
0.288059
0.007458
0.012997
-0.620944
-0.0258178
0.161299
-0.502706
-0.146623
0.211898
0.302353
0.229315
-0.436832
-0.269825
-0.120944
-0.343798
-0.37436
-0.492412
0.230653
0.0611298
-0.21018
0.203225
0.269833
0.045102
0.126401
0.148912
0.0363355
-0.297282
0.103343
-0.363366
0.176144
-0.148753
0.178062
-0.198051
-0.25491
-0.115756
0.207437
-0.301775
0.328514
0.121501
0.246094
-0.372724
-0.23145
0.100774
-0.612401
0.0618834
0.504878
0.0616181
0.496849
0.134167
-0.02632
0.635417
-0.283463
-0.103796
-0.469511
-0.421088
0.738277
0.0880971
0.0271396
0.0513507
0.211093
-0.028971
-0.541875
-0.689582
0.108225
-0.0618931
0.188533
-0.182075
0.461183
-0.0108261
-0.0896406
-0.490715
0.0474682
0.0509472
0.187238
-0.0577042
-0.138859
0.217954
-0.129224
-0.750312
-0.327344
-0.0590968
0.308087
0.107479
0.14368
0.346081
-0.293496
-0.0870035
-0.226866
0.0351898
-0.115813
-0.00522588
-0.12741
0.124061
-0.117731
-0.160533
-0.026018
0.599618
0.356651
0.447271
0.625542
0.0562832
0.837273
-0.70722
0.342189
-0.0479649
0.108014
-0.193212
-0.233046
-0.177576
-0.225947
-0.11275
0.0685643
0.261987
-0.0692777
0.415636
0.0351278
0.626878
-0.10405
-0.546159
0.21363
-0.132745
0.143783
-0.441739
-0.0462747
0.262119
-0.267907
0.159414
-0.00758458
-0.180036
-0.144898
-0.231205
-0.276268
0.505335
-0.256753
-0.246397
0.505195
-0.449578
0.323086
0.273858
0.229754
0.378422
0.110758
-0.109857
-0.0791685
-0.34363
0.000898202
0.0507087
0.108363
-0.404314
-0.0116488
-0.151025
-0.520072
0.342814
-0.460097
0.0689711
-0.184547
0.0139883
-0.176312
-0.107956
0.262071
0.449825
0.379044
0.155556
0.0564816
0.627499
0.627164
0.229515
-0.0851753
-0.10606
0.0390243
0.130285
0.0740597
-0.0768786
-0.194052
0.49401
-0.153308
0.232248
-0.107014
-0.0943245
0.640147
0.393776
0.772046
-0.28498
0.369328
-0.694208
0.220155
-0.281756
0.398459
0.397321
0.0151597
-0.313536
-0.0103738
-0.145105
-0.47397
0.158421
0.0733294
-0.200398
0.107634
0.298681
0.00571631
0.240026
-0.244201
0.272418
0.426881
-0.12068
-0.0434319
-0.150441
-0.195577
0.580291
-0.886876
0.242812
0.168292
-0.540072
0.37172
-0.155811
0.108312
-0.230363
0.168488
-0.231285
0.115074
0.173539
-0.354076
-0.334521
0.259246
0.104587
-0.337534
0.111634
0.285748
0.164804
-0.137657
-0.0629753
-0.303814
-0.169895
0.188758
-0.212898
-0.465483
0.106613
0.566408
-0.0635319
0.0277379
-1.01165
0.0419537
0.0595773
-0.181341
-0.20653
0.403913
0.201881
0.17621
0.254521
0.0688391
0.348294
0.0532263
0.375876
-0.220079
0.0346993
-0.0244656
0.306396
0.190769
0.385557
-0.28502
0.158436
-0.0525968
-0.012551
-0.0315102
0.43312
-0.404399
0.0286699
0.207118
-0.392853
0.201116
0.375383
0.365835
-0.322001
-0.410652
-0.176708
0.000965338
0.193519
0.312436
0.359308
0.133715
-0.100109
0.117251
0.0715893
-0.00400284
0.154355
0.00835831
0.375299
-0.328138
-0.0496661
0.491997
-0.122011
0.422439
-0.0581446
0.370303
0.112352
-0.104684
-0.257771
-0.331179
0.134015
0.0796566
0.0642745
-0.066596
0.363759
0.379051
-0.000698089
0.162427
-0.451042
-0.00616651
0.534385
-0.378894
-0.328093
-0.411001
-0.178952
0.499857
-0.362058
0.535306
-0.530508
0.144139
-0.55785
-0.305349
-0.00713069
-0.960264
-0.43619
-0.0765117
-0.491177
0.101129
-0.146782
-0.377068
0.215509
0.483731
-0.278699
-0.289184
0.581516
-0.138985
0.362613
-0.88333
0.301175
-0.0638399
0.546263
-0.0792481
0.492635
-0.471379
-0.279961
-0.356425
-0.320085
-0.132432
0.251738
0.187444
-0.289748
-0.471545
-0.0261005
0.504674
0.00554736
-0.00187933
-0.0738108
-0.642369
0.0272704
0.122032
-0.231515
-0.098922
-0.276174
-0.881508
-0.32009
-0.219346
-0.0587274
-0.432513
-0.20591
-0.0395442
0.501131
0.652955
-0.0998298
0.0226382
-0.16033
-0.0530972
0.0238611
0.751446
0.0489461
-0.342135
0.0757438
-0.279914
-0.214376
0.180148
0.213839
-0.217227
-0.389766
0.63144
-0.0450558
0.662007
-0.0731149
0.0615135
-0.108134
0.47628
0.0545229
0.246716
-0.138298
0.12588
0.0674382
0.137877
-0.158314
-0.217379
0.0340846
0.246388
-0.179418
-0.196354
-0.0561826
0.0636293
0.366881
-0.459446
0.288333
0.109638
0.116789
0.162506
0.361798
0.391399
0.314723
0.223644
0.137821
-0.468188
-0.158734
0.033841
0.116019
0.598655
0.113703
-0.279579
0.0769182
0.350948
-0.167078
-0.200561
-0.262082
0.0813781
-0.230866
-0.486973
-0.248094
0.0359603
0.0578589
-0.0391648
-0.115767
0.390554
-0.205561
-0.358926
-0.152947
-0.112726
0.103042
0.580769
-0.422562
-0.174923
-0.144246
0.0745327
-0.22128
0.220211
-0.55484
-0.568447
-0.283551
0.47084
-0.548407
0.174709
-0.443464
-0.202276
-0.38914
-0.237402
0.0176641
0.130572
-0.0948006
0.010851
-0.00146724
0.0672923
0.155823
-0.231412
-0.312897
0.628596
0.107058
0.0350434
-0.00821072
-0.413246
0.0355791
-0.350654
0.595903
-0.0697589
-0.291074
0.308642
0.139296
-0.0854234
-0.237499
-0.342564
-0.122814
-0.335517
0.914516
-0.587044
0.0223754
0.0953198
0.460054
-0.433664
0.00676564
0.789084
0.193808
-0.383723
0.469156
0.023353
-0.048831
-0.0986094
0.0756361
0.51409
-0.253231
-0.0112501
-0.538308
-0.197931
0.368993
0.463111
0.27785
0.119572
-0.0702995
0.478831
-0.0629563
0.19144
-0.652907
0.2239
-0.633977
-0.0146634
0.133901
0.164548
0.0731714
0.053086
0.15831
-0.0795444
-0.0493784
-0.352693
-0.0226095
-0.164921
-0.232496
0.0397832
-0.295494
-0.0587512
0.184958
0.0919508
-0.398332
-0.325877
0.0996515
0.527848
-0.180064
0.205072
0.688701
0.288076
0.057902
0.166805
0.0922986
0.229677
0.596048
-0.221114
0.423778
0.625356
-0.469715
-0.103256
0.215417
-0.185584
-0.405225
-0.110394
0.202708
-0.348117
0.0414045
0.362066
0.169004
0.416877
0.637224
0.345471
-0.369498
0.0361903
-0.223337
0.0614932
0.345043
0.162318
-0.0529336
0.176238
-0.344855
0.34088
0.0805644
0.0620255
0.00048837
-0.352854
0.126727
-0.262199
-0.377266
0.000449715
-0.363602
-0.1285
-0.106599
-0.339649
0.190357
0.0674284
-0.356431
0.155793
-0.147446
0.327387
0.540472
-0.426545
-0.16854
0.172871
-0.163603
0.03861
-0.232867
-0.0759824
-0.375591
-0.740604
0.0885682
0.294783
0.432374
-0.368558
0.0306037
-0.0437958
0.19189
-0.18371
0.139362
0.238094
-0.305793
0.572583
0.487931
0.0557357
-0.278678
-0.226803
0.0505078
0.485187
-0.219639
0.279343
0.542789
-0.0736753
0.615084
-0.0656601
0.167463
-0.420458
-0.245014
0.0280672
-0.499376
-0.662517
-0.138146
0.000708725
0.391146
-0.480781
-0.0138561
0.139662
-0.0440982
-0.282375
-0.138755
-0.186538
0.359008
0.591421
0.00491516
-0.0779925
-0.417175
0.0316326
-0.130978
-0.0141577
-0.456491
0.273241
-0.0969094
-0.084724
0.224088
0.275304
0.248884
0.2807
-0.422213
0.292725
0.0176265
-0.315151
-0.359093
-0.051662
0.454045
-0.2736
-0.23123
0.199804
0.0165208
0.163333
-0.401623
-0.226032
-0.133563
-0.468946
0.601569
0.0224476
0.0431071
0.019886
-0.159971
-0.120393
-0.361822
0.215328
-0.651836
-0.0512383
-0.426257
0.102966
-0.192888
-0.169452
0.131114
0.0348287
0.228131
0.431706
-0.144947
0.161338
-0.767639
-0.161414
0.442441
-0.522752
-0.138438
0.152827
-0.262611
-0.0699151
0.63143
0.043506
0.155906
-0.126118
0.386001
-0.111098
-0.498656
-0.419131
-0.526119
-0.528809
0.214279
-0.561779
0.14558
0.0321323
-0.422629
0.365922
-0.474003
0.129598
0.431293
-0.17753
0.236476
-0.10921
-0.398291
-0.194614
-0.172968
0.0336704
-0.139521
-0.195835
0.323093
0.233678
-0.0301178
-0.23131
0.284336
-0.29749
-0.278932
-0.291786
-0.51193
0.185576
-0.54357
-0.134684
0.22496
0.431631
0.099075
0.0267423
-0.0944421
-0.142575
0.807665
-0.235435
0.421996
0.0985164
0.838403
-0.04563
0.0693571
0.0531082
-0.0452715
-0.253207
-0.314878
-0.430481
0.0970584
-0.0879774
-0.20743
0.430276
-0.416374
-0.232261
0.0230218
0.146327
-0.232078
0.061742
0.186167
-0.710377
0.128302
-0.225302
-0.0707952
-0.416946
-0.16408
0.173752
0.12838
-0.495422
-0.121608
-0.0901847
-0.621151
-0.0777319
0.144035
0.418887
0.0586606
-0.0552119
0.373588
0.16056
0.132609
-0.32191
-0.229782
-0.216182
0.286136
0.347514
-0.260004
0.191844
0.271967
0.391943
0.529279
0.121408
0.0885346
0.204165
0.0638913
0.0867873
-0.058349
0.0695704
-0.00216882
0.825464
0.245187
0.157198
-0.111874
0.200819
0.116715
0.221058
-0.123228
-0.0848383
0.307375
-0.0724008
-0.119209
-0.0205631
-0.665661
-0.48117
0.084541
-0.601408
-0.51862
-0.326803
-0.303033
0.300735
-0.171772
-0.552516
0.183074
0.203041
0.262164
0.15748
0.137282
0.0631639
0.243745
0.236631
0.569583
0.447962
-0.0510862
0.499944
0.103671
-0.254967
-0.0571268
-0.239518
-0.0863115
-0.384562
-0.0159593
-0.00592698
0.0144153
0.15139
-0.0840068
0.00753347
0.329712
-0.264199
0.36613
0.408315
-0.188504
0.0940941
0.195737
0.416046
0.213042
-0.205563
0.026011
0.242122
-0.262682
0.182033
0.341225
-0.303111
0.150176
0.33476
0.271443
0.186587
-0.696524
-0.33857
-0.552437
-0.701567
0.0576964
0.25569
0.118609
0.174444
0.465621
-0.155023
0.00290928
-0.196272
0.190257
-0.0255838
-0.0681998
-0.297072
0.34889
-0.391228
-0.373947
0.307431
-0.575221
-0.29753
0.16393
-0.00696436
-0.297007
0.0571422
0.0452586
-0.416387
0.58059
0.170588
-0.363801
0.205482
-0.152705
0.598755
0.000525307
0.0660519
0.186649
-0.149888
0.317636
-0.226836
-0.224507
0.0477926
0.261545
-0.00924595
-0.270803
-0.38572
0.122763
0.0906808
0.753909
-0.262553
0.314952
-0.502236
-0.186504
0.0381209
-0.178129
-0.206697
0.00725992
0.444305
0.124482
-0.521275
-0.0020978
-0.33487
-0.308465
0.336393
0.107357
-0.060218
0.0134084
0.0910441
-0.338467
0.00265085
0.218231
-0.241641
0.0642475
0.0590517
0.19453
0.464668
-0.373083
-0.037333
-0.0587698
0.287761
0.34453
0.130398
-0.306415
0.247241
0.0901636
-0.158855
0.382991
0.168476
0.429356
0.166306
-0.073151
-0.908537
0.694845
0.184168
-0.378772
-0.426382
0.084724
0.609384
-0.244665
0.140401
-0.0331077
-0.145745
0.477563
0.414576
0.0389463
0.306944
0.0293354
-0.20042
-0.468641
0.564791
-0.219237
-0.0262487
0.240717
0.201973
0.677348
0.214476
0.438255
-0.0375488
0.149969
-0.123509
0.308909
0.683627
-0.170533
0.105063
-0.27369
0.128521
-0.364065
0.601557
-0.0599809
-0.296501
-0.0513206
0.119896
0.0309231
0.342404
0.447163
-0.16602
0.279903
-0.308184
-0.0926661
0.366151
-0.49549
-0.592706
0.261548
0.248212
0.373005
-0.0244693
0.0691318
0.217868
-0.395971
-0.14845
-0.693714
0.0616216
0.716714
0.0659223
-0.250508
-0.0523405
-0.158563
-0.028268
0.0341122
-0.0693202
0.554541
-0.50941
0.0417466
-0.14993
0.526701
-0.510069
0.165632
-0.295265
0.159534
-0.655344
0.0108513
0.0206373
-0.0819799
-0.247103
-0.746174
0.446516
-0.267189
-0.00828971
-0.278269
-0.223852
-0.465485
0.168304
-0.113076
0.13847
0.126452
-0.161413
0.332059
0.0686055
-0.379315
0.136575
-0.3424
-0.203017
-0.200198
0.0914372
-0.21095
-0.416487
-0.412014
-0.391063
0.0272506
0.24532
-0.483935
-0.807563
-0.560845
-0.510233
-0.183437
0.273198
-0.191904
-0.284335
-0.213793
-0.175478
0.184457
0.33934
0.148914
0.0426438
0.185716
-0.428227
0.259598
0.278811
0.377053
-0.0836033
-0.257282
0.0836901
0.220471
0.174181
-0.0192645
0.0890938
-0.424684
0.142708
0.108056
0.292123
-0.545747
0.317738
0.315883
0.091195
-0.190282
0.248564
0.888539
0.051906
0.567141
-0.233106
-0.0527033
-0.273347
0.0377756
-0.238389
0.297636
-0.228881
0.417465
-0.164018
0.177407
0.14444
0.266105
-0.0137964
-0.441888
0.0254189
0.0448544
0.044619
-0.0735686
0.150969
-0.0909724
-0.145935
0.248171
0.175762
-0.0988547
-0.473457
0.0583127
-0.339192
-0.324484
-0.426446
0.0704326
-0.0537822
-0.419305
0.0706488
0.284833
0.11027
-0.471138
-0.139044
-0.196558
0.000921645
0.313014
0.361861
-0.302141
0.243869
0.0967519
0.376498
-0.538517
0.041105
-0.0410675
0.387322
-0.48225
-0.336401
-0.202548
-0.0718578
0.681609
-0.101306
-0.492276
-0.0309861
0.230296
-0.0608348
0.0833003
-0.305204
0.339045
0.133582
0.0638095
-0.188093
-0.2661
-0.197994
-0.130162
-0.346188
0.0712957
-0.00288938
0.180277
-0.466123
0.0493016
0.0955921
-0.0529746
-0.588677
-0.279128
-0.685818
-0.200887
0.527481
-0.10305
0.192712
-0.0866508
0.137712
-0.14617
-0.177083
0.0943381
0.321441
0.0127808
0.273284
-0.322658
-0.332771
0.210089
0.387192
0.418361
0.00288381
0.223381
0.115307
-0.367553
-0.302773
0.105003
-0.197307
-0.281895
-0.623039
-0.59025
0.270085
0.238977
0.686154
-0.125561
0.49367
0.00496273
0.222248
-0.0284456
0.343718
0.0435712
-0.480239
0.262875
-0.389373
-0.149228
-0.16126
-0.334472
0.274458
-0.082314
0.242966
0.26478
0.111445
-0.257352
0.206304
-0.0589296
0.47577
0.0177813
0.289928
-0.0445529
0.0509048
0.257928
-0.209374
0.367394
0.259785
0.0575225
-0.759787
-0.170829
0.180845
-0.176847
0.0310217
-0.205494
-0.119282
-0.0630703
0.346436
-0.157923
0.214403
0.252448
-0.208897
-0.290167
0.116311
0.381215
0.215433
0.38172
0.058379
-0.162604
-0.00958491
0.930457
0.034764
0.045046
-0.397606
-0.105181
0.0243116
0.00909246
0.320775
-0.0490428
-0.966607
0.00081181
-0.0292331
-0.12323
-0.259349
-0.171074
-0.338154
-0.404474
0.122713
-0.0410423
-0.286935
-0.139161
-0.131824
0.132744
0.193479
-0.0956451
0.145106
0.0246209
0.135396
-0.119105
-0.395952
-0.468614
0.633524
0.0266222
0.474582
0.00906219
0.332198
-0.432705
-0.123828
0.521816
0.0510762
-0.249525
0.597349
0.154843
0.151267
0.0270411
-0.0904919
0.402552
0.0488202
0.00180393
0.511469
-0.0889935
-0.26568
-0.0657775
-0.0523334
0.0579337
-0.0596585
0.200517
-0.250647
-0.0845564
-0.132356
0.198427
0.124961
0.380471
-0.444613
0.374787
-0.249066
0.330403
-0.051133
-0.196583
-0.00321574
0.0025936
0.109326
0.216022
-0.256178
0.0159117
0.077514
-0.207953
-0.0732422
0.0576159
-0.248025
-0.0628957
-0.529453
0.0812258
-0.0337556
-0.150917
-0.19597
-0.251973
0.053064
0.0174338
-0.147896
-0.0687999
-0.0550052
-0.067894
-0.153908
0.150839
-0.0194271
0.164686
-0.811541
-0.414061
0.0707578
0.202017
-0.34645
0.322008
0.290557
-0.0288921
-0.101334
0.172863
0.108771
-0.526198
-0.0670814
0.36031
0.0413898
0.256793
0.0775183
-0.0166754
-0.27811
0.109669
0.136759
-0.517535
-0.165673
-0.224115
-0.111773
-0.0521686
0.0475743
0.192606
0.212227
-0.312771
-0.136096
0.0553713
0.30654
0.524828
-0.355817
0.0864576
0.0165074
0.175569
-0.113422
0.298244
0.742271
0.162816
0.937977
0.292517
-0.34519
-0.254051
0.0208526
0.197535
-0.138497
0.482237
-0.300071
0.00617864
0.4402
-0.337501
0.275126
-0.111812
-0.0239659
0.349525
0.110678
-0.117756
0.156602
-0.419304
-0.00668948
0.00770038
0.374785
-0.000812551
-0.256641
0.70271
0.366601
0.0183081
-0.144764
-0.644452
-0.148383
-0.513557
0.506952
0.528045
0.834379
-0.649255
-0.141863
-0.0768799
0.128588
0.155206
-0.46762
-0.13704
0.094201
0.789662
-0.00674818
-0.453729
0.275102
0.143762
0.340147
0.489035
-0.0993745
-0.107591
-0.503234
-0.555602
0.368273
-0.18058
-0.155659
-0.190046
0.173138
-0.326085
0.173157
-0.00561185
0.338103
0.180382
0.190643
-0.0433157
0.291812
-0.22206
-0.182165
0.332472
0.613294
0.246516
-0.163968
0.31002
-0.476457
-0.277793
0.36333
0.0717705
-0.0545457
0.138809
-0.175457
-0.0800161
-0.339812
0.635367
0.312156
-0.163058
0.0242845
-0.00114587
0.0426124
0.144049
0.145278
0.337265
0.603252
0.801628
-0.0489295
-0.257242
-0.0865119
-0.00101758
-0.515429
0.144584
-0.325412
0.044442
-0.349309
0.205543
-0.0804728
0.234158
0.00245517
0.240752
0.0907648
0.332388
-0.0512164
0.196845
0.412484
-0.479811
-0.345149
-0.0552939
-0.182629
0.0686102
0.148856
0.316209
0.377181
-0.0511761
-0.0548465
-0.022022
-0.570194
0.461215
0.169765
-0.0587489
-0.463828
0.217519
0.00928373
-0.0514653
0.0672755
0.0208006
-0.120501
-0.215058
0.199761
0.0454566
0.146202
-0.0359028
-0.225653
0.234607
0.0746851
0.0759995
-0.224939
0.100497
0.280327
-0.508281
-0.0797647
0.531381
0.163194
0.181815
0.0499314
0.0125813
-0.130449
0.17263
-0.325593
0.040521
0.498396
0.023094
0.123223
-0.279839
0.00189399
0.488012
0.435772
0.284408
0.417899
0.410046
0.146909
-0.592689
0.0715144
0.250272
-0.213103
0.352955
0.0183084
-0.081776
0.317301
-0.453886
0.29206
0.120025
0.169096
-0.227838
0.27542
-0.227542
0.40619
0.313554
-0.394437
-0.166749
0.496369
-0.0185786
0.326614
0.223819
0.0811841
-0.0147554
-0.435612
0.221092
-0.357619
0.344233
-0.507652
-0.269108
0.158377
0.0972499
-0.241383
-0.426011
-0.0355143
-0.497476
-0.0463214
0.0734973
-0.226465
0.0155631
-0.204722
-0.225977
0.361776
0.242319
-0.0593304
0.110226
0.778178
-0.224583
0.903165
0.544778
-0.521392
-0.0973714
0.714432
-0.102897
0.453147
0.306158
-0.11207
-0.000628105
0.889072
-0.634623
0.237168
-0.746486
0.102016
-0.263398
-0.174991
-0.1456
-0.835145
-0.304729
0.0243926
0.574267
0.742382
-0.61652
-0.070373
-0.109501
0.156322
-0.505268
0.148126
0.178456
-0.0321891
-0.221093
0.0370156
0.200572
-0.161702
-0.0650324
-0.175413
-0.0444084
-0.597126
-0.413611
0.152125
0.308315
-0.404312
-0.401993
-0.79519
-0.0395193
-0.0210261
-0.0601948
0.147238
-0.113453
-0.366141
0.383695
-0.294054
-0.335439
-0.100895
-0.185194
0.375556
-0.136604
0.0994178
-0.179202
-0.0163039
0.0326001
0.0291844
-0.862584
0.0933776
0.554813
-0.295607
0.433878
0.252232
0.0852886
0.366187
0.461112
-0.218299
0.296724
0.430106
-0.158924
0.0820184
0.218753
0.13707
-0.097049
-0.466433
-0.429869
-0.180184
0.829292
-0.228193
0.124155
-0.173695
-0.14627
0.176512
-0.108822
-0.0707902
-0.176651
-0.272513
0.217371
0.0279194
-0.561891
-0.0157762
0.504773
0.0302924
-0.132318
0.0925308
0.848236
-0.213665
0.329514
-0.334644
0.128456
-0.167593
-0.00835787
0.113591
0.114666
-0.509706
0.0453749
-0.267133
0.711733
-0.218308
0.234609
-0.402345
-0.207004
-0.0168202
0.505963
-0.102065
-0.240396
0.401873
-0.0102638
0.0561427
0.123765
-0.214361
0.816545
-0.195001
0.314464
-0.0512413
0.278384
0.211132
0.233745
0.515653
0.361655
0.0139198
-0.199046
0.547021
-0.3761
-0.143114
0.21458
-0.0580491
-0.323026
0.0687779
0.21707
0.344147
-0.0387911
-0.366832
0.0634565
0.412932
-0.287989
0.225151
-0.20738
0.625356
0.130299
0.0644415
-0.062614
0.254846
-0.356718
-0.155379
0.157002
-0.025721
0.105291
-0.0051102
-0.296922
0.469347
0.285414
0.632756
0.273636
-0.0355168
0.255044
0.328228
-0.175902
-0.398219
-0.582412
-0.20894
0.505788
-0.0195252
0.523637
0.184243
-0.236985
0.0769684
-0.103178
0.0488661
-0.559653
-0.203486
-0.139188
0.200461
-0.0149875
-0.269392
0.0765683
-0.302075
0.159573
0.131458
-0.150489
-0.758853
0.103406
0.356902
-0.139663
-0.114059
-0.537478
-0.156949
-0.312216
-0.276042
-0.294144
-0.0926283
-0.148588
-0.28413
0.0967291
0.128046
0.893535
0.635903
-0.576844
0.335794
-0.260586
-0.06442
-0.485788
0.320479
0.139873
-0.380754
0.063344
-0.0920107
-0.326307
-0.337925
0.0282877
-0.141121
0.0663784
-0.395156
0.0533964
0.0813921
0.302874
0.301422
0.0179328
-0.201023
0.206341
0.183438
0.130503
-0.42773
0.106289
0.57033
-0.404883
0.641543
0.428153
-0.0381833
0.17761
0.0334227
0.339652
0.0397662
-0.671258
-0.527968
0.494921
-0.472009
0.152467
-0.14133
-0.180085
-0.147192
-0.0815621
0.201145
-0.0515747
0.174828
0.0421288
0.0218027
0.620703
-0.640705
-0.0734293
-0.00801788
-0.230866
-0.245555
-0.0217071
0.0980067
-0.603689
-0.880898
0.0046329
-0.168754
-0.144612
0.158669
-0.139128
-0.349185
-0.589806
0.263967
0.0312385
-0.268457
0.282663
0.337875
-0.00344121
-0.0877094
0.305172
0.237993
0.269971
0.0819454
-0.438546
0.292781
0.0135202
0.21449
0.446479
0.292419
-0.442563
-0.383902
0.377885
0.194166
-0.137093
0.0238837
0.0950982
0.253394
0.0974438
0.213164
0.468675
-0.0474275
0.409342
-0.695552
0.114699
0.0199506
-0.222691
-0.0250305
0.0745771
-0.291156
0.0926082
0.18942
-0.307157
-0.273997
0.238011
-0.151063
-0.140454
0.0634492
-0.209993
-0.282909
-0.217045
-0.263626
0.365277
-0.059465
0.0138537
-0.105642
-0.347596
-0.609121
0.530111
-0.140457
0.711952
0.0520356
0.110794
-0.0922527
-0.112141
0.199617
-0.29218
-0.123651
0.436798
0.52066
-0.151793
-0.287035
0.937329
0.013523
-0.470381
0.0898817
-0.264369
0.421963
0.451004
0.0398727
0.118393
-0.156616
-0.24354
-0.0720566
-0.139093
0.081768
0.248243
0.379786
0.46107
0.0690559
0.047197
-0.296962
-0.233506
0.353831
0.404212
-0.181321
-0.0222687
-0.432459
0.253257
0.408257
-0.15661
0.223821
0.336507
0.423229
-0.279085
-0.550323
0.233644
-0.195485
0.0658001
-0.131514
0.20263
-0.492735
-0.200799
0.347295
0.121468
-0.274434
0.280823
-0.491615
0.229176
0.127949
0.0647496
-0.659256
-0.633201
0.488916
0.651603
-0.0906813
0.0433375
0.680012
0.204997
-0.111744
0.281914
0.313569
0.0282003
0.0237748
-0.224155
-0.36806
0.353931
0.0115158
0.383015
0.0322843
0.130523
-0.22969
-0.0991498
-0.615889
0.191047
0.156714
0.0315161
0.817009
-0.242272
0.605418
0.730303
0.0369056
-0.0231832
0.496897
-0.43619
-0.245578
-0.109065
-0.0566099
-0.340028
0.512134
-0.707367
-0.28695
0.0694436
0.0632454
-0.032487
0.685799
-0.132174
0.502076
-0.56819
0.11486
0.305501
-0.437862
-0.400874
0.163365
-0.22365
-0.0751962
0.149123
-0.0609715
-0.322402
-0.245772
-0.0695455
0.0284242
-0.228954
0.00304838
-0.29627
-0.425003
0.173311
0.518042
0.427418
0.198888
-0.331661
0.294135
-0.372607
-0.0402546
0.1913
-0.170197
0.0049395
0.120975
-0.114335
0.250361
-0.136181
-0.610851
0.238969
-0.0394622
-0.106921
0.0173159
0.336277
-0.0688939
-0.431831
-0.366673
-0.0484851
-0.475946
-0.544498
-0.345426
0.00155029
0.47882
-0.499031
0.512813
0.108324
0.342631
-0.466199
-0.288751
0.0418006
0.257112
0.298518
0.0701984
0.201058
0.317738
0.239411
0.0443322
0.073767
-0.0853819
0.145547
0.734514
-0.315739
-0.580513
-0.0853462
-0.238898
0.61592
-0.246254
0.143803
-0.0907403
-0.011349
-0.107911
-0.291071
1.0392
-0.289688
-0.349785
-0.381009
0.262901
-0.288082
0.206147
0.69543
0.20891
0.504827
0.348044
0.33996
0.190786
0.15537
-0.267934
0.289738
-0.509156
0.102191
0.110382
0.0136419
0.367986
-0.294648
-0.34388
0.37577
-0.0913074
-0.243575
0.605818
-0.0146849
-0.50856
0.11363
0.422421
0.0279567
-0.027267
0.0458554
0.0435888
1.02093
0.462659
0.421246
-0.271567
0.0626726
-0.11556
0.306695
1.00251
-0.682085
0.0632987
-0.653691
-0.211358
0.215935
-0.504911
-0.458097
0.330433
-0.282452
-0.306392
0.211479
-0.695623
0.416264
0.241149
-0.205086
-0.11463
0.493536
0.350762
-0.341902
0.387349
0.266617
0.0516275
0.0866863
-0.122708
-0.200608
-0.428788
0.39787
0.201132
-0.0290166
-0.462746
0.16565
0.359219
-0.223501
-0.917127
0.169066
0.0857532
-0.195514
-0.2902
-0.226538
-0.195337
-0.321077
0.0240156
0.354313
0.115962
-0.389188
-0.222662
0.0445033
0.197478
0.610758
0.236119
-0.123765
0.588626
0.280971
-0.146457
0.464944
0.337341
-0.147008
0.4384
0.180675
0.223619
0.408821
0.10191
-0.0111881
-0.125932
0.342113
0.152628
-0.27221
0.328507
-0.316712
0.605159
0.504424
-0.356945
0.0228427
0.657573
-0.114866
-0.565104
0.258614
-0.449164
0.183122
0.144955
0.116304
-0.0676809
-0.346252
0.573635
-0.181603
0.663602
0.216123
-0.0885043
-0.311871
0.190897
0.256029
-0.354973
-0.194459
0.12824
0.332091
-0.034048
0.253831
-0.0303551
-0.127123
0.207244
0.183269
-0.164074
-0.0734687
-0.315135
-0.0583289
0.88527
0.00612601
-0.135262
0.161546
-0.463416
-0.0283484
0.364856
-0.151313
0.518363
0.00845585
-0.17378
0.157737
-0.276395
0.127751
-0.477446
-0.330643
0.116753
0.468853
-0.248628
-0.403332
0.283321
0.6898
0.257153
0.376193
-0.0578627
-0.111868
-0.000694855
0.8514
0.328577
-0.141183
-0.507124
-0.0895309
0.0153659
0.176933
-0.191597
0.179352
-0.455353
-0.110242
0.0937963
0.236911
-0.157379
0.196644
0.71126
-0.216797
-0.611924
0.274481
0.383513
-0.229629
0.133745
-0.472762
-0.201201
0.143083
0.0397258
-0.00127443
-0.269985
-0.324489
0.174551
0.172069
0.770613
0.0502027
-0.127483
0.42138
-0.231463
-0.155833
0.242511
0.626289
-0.533794
0.597043
-0.0432396
0.27266
-0.286969
-0.0907563
-0.101861
0.50079
-0.198866
0.0897526
0.248339
0.216797
0.083552
0.392723
0.0708132
0.62439
0.179988
-0.106101
0.0679728
0.197638
0.45733
-0.513194
-0.459778
-0.539509
0.0870713
-0.581798
-0.045152
0.299481
0.483395
0.0642361
0.0347215
-0.200839
-0.259899
0.147299
0.0335737
0.471818
0.121531
0.100765
-0.248456
0.126461
0.369891
0.79305
-0.0826998
0.196905
0.474081
0.242711
0.108869
0.10417
-0.354754
-0.0897757
-0.0772709
0.198931
-0.805451
-0.150031
0.0885751
0.399323
0.201641
-0.0948334
0.161445
-0.132258
-0.787004
0.396936
-0.134047
-0.406444
-0.205473
-0.225297
-0.0480631
0.162139
0.106726
0.193075
-0.149029
0.116466
0.526374
0.516
-0.0874254
0.128855
-0.530596
-0.237109
0.175532
-0.04522
-0.112595
-0.342622
-0.0825677
-0.474102
0.507458
-0.331706
0.00474453
0.221962
0.0133403
0.0289721
0.433299
-0.0980835
-0.148602
0.0796772
0.23758
-0.155481
-0.348547
0.172302
0.146537
-0.515927
0.0631781
-0.304683
-0.305954
0.0179564
-0.113985
0.0717102
-0.0962417
-0.321293
0.576488
0.131193
-0.0897441
-0.156344
-0.195332
0.201014
-0.101368
0.192471
0.406593
0.354326
0.122129
-0.526687
-0.232916
0.332943
0.0567622
-0.262181
0.108444
-0.133111
-0.133134
0.127956
0.586937
-0.215695
0.235088
0.0222751
0.100883
-0.0700905
0.217617
-0.0984483
0.436117
0.150442
-0.110224
-0.220151
0.361833
-0.080131
-0.322235
0.141857
0.806725
0.194464
-0.0197258
-0.335359
0.120139
-0.347495
0.0181531
0.213377
-0.359556
0.050375
-0.223821
0.637575
-0.301602
0.176315
0.473132
-0.0799401
-0.223396
0.560945
-0.309778
-0.338209
-0.024854
0.755392
-0.00359988
-0.225915
0.104215
0.131512
-0.0188346
-0.0451721
0.469505
-0.105254
0.55007
-0.614055
0.184495
0.087485
-0.0880882
0.458997
0.0625662
-0.300769
0.339511
-0.3007
-0.0379336
-0.714945
0.79036
-0.106609
0.292513
0.329623
-0.264251
-0.409154
-0.202976
0.305732
0.0953
-0.344618
-0.224835
0.311378
0.0668623
-0.242489
0.655916
0.429257
0.0105254
-0.680203
-0.107956
0.395237
-0.352933
-0.713595
0.059704
0.525489
0.274867
0.228547
-0.315367
0.0458369
-0.0311697
0.316392
-0.255966
-0.366148
-0.492205
0.25709
0.296838
0.234363
-0.306922
-0.219612
0.315154
0.217471
0.615173
-0.0533416
0.258531
-0.258362
-0.126997
-0.526227
-0.442408
0.0752431
-0.209307
-0.425073
0.482404
0.207422
0.00959478
0.0775025
0.121851
0.0453819
0.153023
0.320923
0.52159
0.474726
-0.275464
-0.347912
0.165726
-0.0689851
-0.236927
-0.19381
-0.640942
-0.319243
-0.0901076
-0.186975
0.0174849
0.406438
-0.0517751
0.289189
0.318815
-0.0859888
0.106491
-0.386429
0.403108
0.201463
0.538753
-0.346244
0.15361
0.282957
0.229064
0.0768046
-0.766932
-0.226901
0.248271
-0.352985
0.618775
-0.189236
0.192778
0.209412
0.418015
0.546629
-0.103221
-0.0126367
-0.986576
-0.463753
0.344598
0.630368
-0.126878
-0.605785
-0.35388
-0.845109
-0.143515
-0.240553
0.762636
0.217825
0.512554
0.0148422
-0.125885
0.176522
0.265419
-0.330083
0.0499918
0.0159734
0.119011
-0.201644
0.530659
-0.0644319
0.275103
0.188503
0.193363
0.422475
-0.145165
-0.170681
-0.162271
0.184174
0.428352
0.455402
-0.155352
-0.544852
0.241656
0.386481
-0.155591
-0.288854
0.292966
-0.248371
-0.598627
-0.461867
0.362441
0.272888
0.0586205
-0.465618
0.121036
0.199627
0.657367
0.695482
-0.340893
0.172834
0.33896
0.138973
-0.00492803
0.574257
-0.231121
-0.180159
0.242965
0.011392
-0.156677
-0.0802377
-0.137861
-0.0590196
-0.383919
0.23656
0.252639
-0.00632363
-0.136596
-0.188119
0.273176
-0.229786
0.429714
0.118851
-0.0518775
0.201375
-0.492067
0.0310982
0.248153
-0.165573
-0.0585213
0.126054
-0.172381
-0.601018
-0.259948
-0.943375
0.076421
-0.171042
0.439054
0.175219
-0.136372
-0.196655
0.0601124
-0.429459
-0.400357
0.064992
-0.196646
0.316538
0.441176
-0.18901
-0.0922076
0.355384
0.146283
0.0100687
0.339319
-0.0202415
-0.377612
0.496789
-0.217253
0.428883
0.378618
0.582969
0.575772
0.231843
0.293929
0.139853
0.0442084
-0.111408
-0.613068
0.308897
0.177678
0.0620651
-0.0166023
-0.212938
0.0145722
-0.00045908
-0.595672
-0.626882
-0.154747
-0.263555
0.107975
-0.200883
0.179994
0.261679
-0.596772
0.295314
0.180631
-0.197319
-0.233987
0.474801
0.307983
-0.488644
0.238525
-0.114618
0.112038
-0.100197
0.436651
0.536927
-0.118776
-0.239586
-0.0422383
-0.147503
-0.174939
0.0284719
0.253716
0.0263788
0.214649
0.0473075
0.000670757
-0.563548
0.282124
0.314067
0.660728
-0.450233
0.57
-0.318239
-0.584572
0.123835
0.11717
0.0354707
-0.468227
0.127908
0.183426
-0.18285
0.158975
-0.0835937
-0.64842
-0.0481243
0.232295
-0.321822
0.418421
-0.0106877
-0.067972
0.302399
-0.020918
-0.281232
-0.394635
-0.281705
0.0136799
-0.00445164
0.60359
0.525922
-0.205598
0.646682
-0.330019
0.0543224
0.413058
0.296283
0.396257
0.505828
0.132368
0.512613
0.106376
-0.0313797
0.0627967
0.551766
0.36372
0.207832
0.427734
-0.594414
-0.140621
-0.545998
0.411348
0.369154
0.0393877
-0.0109284
0.238731
-0.643705
0.122118
-0.144505
0.308071
-0.484898
0.374477
0.15602
0.212634
0.169875
-0.640948
-0.387793
-0.338713
0.100699
0.207174
-0.131355
0.209792
-0.012235
-0.350334
0.0919782
0.147062
0.545876
0.337045
-0.135806
0.272676
0.402821
-0.618249
-0.270819
-0.397652
-0.107426
0.325782
0.112307
0.0751827
-0.0767503
0.110655
-0.153294
0.0323397
-0.0152123
0.219751
0.974892
-0.083766
-0.0349691
0.426969
0.00293377
0.218823
0.38717
-0.168954
-0.145174
-0.21334
-0.0682747
-0.199023
-0.458423
-0.2795
-0.089706
0.14721
0.241725
-0.00848206
-0.0272496
0.181764
-0.0806288
0.0204368
-0.290602
0.261429
0.14152
-0.00868366
-0.438725
0.173759
0.41797
-0.370313
-0.181005
0.303272
0.232647
-0.137435
0.348587
0.29418
-0.0209889
-0.332085
-0.0325073
-0.0228285
-0.979096
-0.0551864
0.169984
0.230134
-0.0846773
-0.165312
-0.651282
0.0164562
-0.413675
0.36578
0.00443375
-0.0838236
-0.0475485
-0.05859
0.260189
0.773207
-0.558963
-0.300653
0.00558276
-0.199118
0.326122
0.0329024
0.112794
0.129122
0.435375
0.733491
-0.417228
0.1206
-0.100541
0.190631
0.355819
0.397475
0.174662
-0.0614802
-0.0667152
-0.432513
-0.0759888
0.114431
-0.533328
0.0666272
-0.208297
-0.271895
0.757464
0.323696
-0.291584
0.133982
0.392784
-0.591332
-0.330502
0.196829
0.298238
-0.269051
-0.00630603
-0.0352214
0.304134
-0.165178
-0.1377
0.123588
0.118422
-0.36135
0.386619
0.337461
-0.295846
-0.19403
0.0157418
0.141887
-0.316864
0.269388
0.0116487
-0.0393752
0.0631736
0.137141
-0.147182
-0.157586
-0.295211
0.148654
-0.132433
0.0752557
-0.0940957
-0.0769853
-0.324157
-0.0667995
-0.110453
-0.416867
0.304128
0.272155
-0.359007
-0.287545
0.794937
0.623275
-0.42941
-0.125709
0.29203
-0.0349563
0.126195
-0.13729
0.0939384
0.17306
0.144839
0.332413
-0.000287898
-0.0141419
0.0326799
-0.0110316
-0.116349
-0.266536
0.0331875
-0.104516
0.0971597
-0.408448
-0.0934747
0.124463
0.459105
0.196149
0.339684
-0.467095
0.047376
-0.246391
0.235432
-0.278755
-0.114663
-0.191614
-0.247412
0.0986725
-0.498851
0.578911
0.407111
-0.0795078
-0.5449
-0.616876
-0.360977
-0.292017
0.234288
-0.0401714
0.0548366
0.0795017
-0.49746
-0.328836
0.0228385
-0.392955
-0.40425
0.531361
-0.367326
0.0199471
-0.493392
-0.240201
0.432136
0.0926091
-0.010345
0.0433262
0.0936963
0.420327
-0.00338155
-0.584659
-0.909983
-0.626777
0.146684
0.0902537
0.0190158
0.0187464
-0.0208457
-0.628935
0.212048
0.404839
0.311706
0.872888
-0.0940018
-0.327466
0.17175
-0.464632
0.383225
0.207214
0.161327
0.299182
0.089416
0.0799565
-0.378524
-0.383402
-0.10402
0.197772
-0.0276816
0.623214
0.759633
-0.012482
0.502091
0.0162842
0.210399
-0.361081
-0.190846
0.0168595
-0.204973
0.550649
-0.165414
-0.337435
0.449437
0.0928138
0.4459
-0.112803
-0.0236003
0.0359554
-0.0202606
-0.0602886
-0.101292
0.0382255
0.61808
0.245876
-0.396515
0.275836
0.197564
0.00668927
0.136301
-0.105465
-0.0332103
0.348634
-0.32247
0.462413
-0.461287
-0.166691
-0.1707
0.0664188
0.311236
0.0710014
0.453561
0.188433
-0.221663
0.183631
0.181276
0.128553
-0.0885376
-0.105626
-0.92151
0.401961
-0.0339835
-0.59341
0.242128
-0.541251
0.116648
-0.0106769
-0.287809
0.0661121
0.0221608
0.17317
-0.413782
-0.211048
0.420485
0.462137
0.101697
-0.338272
0.140097
-0.202717
-0.0449389
0.00828122
0.375279
0.382035
-0.563817
0.034661
-0.223869
0.543289
-0.577797
-0.102521
-0.406829
-0.383376
-0.0761948
-0.00730377
0.108809
-0.240808
-0.145617
-0.399203
-0.0461268
0.340185
0.0231362
-0.23449
-0.383531
0.00389158
0.79729
0.335023
-0.139093
0.169873
-0.188603
-0.0582995
0.146665
0.573861
0.212858
-0.801632
0.273182
-0.0307462
-0.149632
0.0220933
-0.549596
0.177654
0.105043
-0.119917
0.37007
-0.503883
-0.410303
-0.544228
-0.0758115
-0.077397
-0.109206
-0.153805
0.269327
-0.210675
0.605583
0.247507
-0.18141
-0.0385883
0.221215
-0.159227
-0.161138
-0.156856
-0.270536
0.400111
0.54173
0.067581
-0.127548
0.231482
0.673319
-0.389873
-0.470237
0.167774
0.164831
0.204036
-0.258883
0.598245
0.106375
0.189092
0.0941609
0.0987504
0.390223
0.238596
0.0845331
0.118227
-0.0086246
0.506866
-0.15835
0.252496
-0.140451
-0.352335
0.276387
-0.167144
-0.242487
0.303435
-0.229253
-0.120571
-0.153449
-0.210948
0.156569
0.0803831
-0.636003
0.229133
-0.079018
-0.168877
0.0373084
-0.108801
-0.382485
-0.259278
0.339641
0.340012
-0.275435
-0.142232
0.400463
-0.164138
-0.359795
-0.190473
-0.0621129
-0.42622
0.0139564
-0.17306
-0.524832
0.0228869
-0.205951
-0.107915
-0.0268285
-0.455232
-0.404471
0.217644
-0.0330783
0.321035
-0.126916
0.102842
0.5353
-0.0857008
-0.490794
-0.356675
0.380118
-0.583598
-0.221553
0.011349
0.258649
-0.146755
0.22909
-0.0546721
0.0163943
-0.457552
-0.00709042
-0.0970527
-0.180427
-0.216406
0.359649
-0.139309
-0.0769154
0.137804
-0.363034
0.120651
-0.174478
-0.241076
0.55576
-0.535825
0.00902802
-0.989764
0.275937
-0.314799
0.0382463
0.351821
0.26888
-0.0992522
0.0749291
0.451311
0.266319
-0.256486
0.490114
0.639618
0.1353
-0.333544
0.0616194
0.18309
-0.450713
0.225451
0.390219
-0.314581
-0.2624
-0.116321
-0.114144
-0.435148
0.237569
-0.20246
0.102519
-0.527638
0.29539
-0.0365465
-0.197203
0.0538776
-0.150294
-0.0833868
0.266293
-0.151505
0.139645
-0.0697302
-0.293929
0.559847
-0.396465
-0.426906
0.16649
0.276886
-0.271853
-0.095214
-0.0768
0.227339
0.202844
0.178041
-0.0581964
0.0325429
-0.017999
0.0885186
-0.251826
0.0635855
0.191476
-0.222569
0.279105
-0.402477
-0.233648
-0.10087
-0.0317685
-0.0463216
0.035328
-0.243019
0.50609
-0.0437311
0.635285
-0.120029
-0.760206
0.0800673
0.366903
-0.440544
0.215003
0.63549
0.557044
0.0596441
-0.178573
-0.292719
0.347501
-0.354427
-0.145144
0.656678
-0.0753014
-0.540323
0.429043
-0.268194
0.0555252
0.359937
-0.120893
-0.108851
0.235003
-0.228721
-0.180198
0.402124
0.0967292
-0.616642
-0.139645
0.0954297
-0.741203
-0.191681
0.277885
-0.0570973
0.423565
-0.464995
-0.558498
-0.115656
-0.199848
0.0394147
0.225633
-0.24
0.485478
-0.306238
0.111496
0.18107
0.125149
0.136871
0.0463598
-0.143634
0.0289373
-0.0826126
0.451052
0.303447
-0.53322
0.119575
0.0884716
-0.578059
0.152931
0.420273
-0.245515
-0.126986
0.482497
0.365771
-0.113713
-0.000765699
-0.23217
0.411322
-0.329283
-0.135574
-0.0491735
0.304441
0.317625
0.658414
0.67122
-0.433905
-0.337888
0.296016
0.182742
-0.0447293
0.249611
0.524996
-0.596971
-0.532119
-0.31663
-0.172257
0.357074
-0.564557
0.153018
0.0468328
0.193997
-0.383915
-0.368781
-0.253014
0.269571
-0.62059
0.0462459
0.224736
0.230378
0.0109148
-1.08
-0.211112
0.597428
-0.184077
-0.170878
0.0775335
-0.355666
-0.35963
0.105805
0.12602
-0.236536
0.360081
-0.162486
0.536997
-0.0680222
0.0312358
-0.524118
-0.40494
0.0525587
-0.132788
-0.154329
0.21073
0.00967396
0.00729793
-0.563203
0.0147226
1.02051
-0.529953
0.231105
-0.0702037
-0.304356
0.116704
-0.0933748
0.283414
-0.193894
-0.0566895
-0.091618
-0.391041
-0.414273
-0.175369
-0.248206
0.217909
0.0800914
-0.462824
0.638727
-0.065301
-0.00168243
-0.323343
0.683174
0.449005
0.00919075
0.0652056
-0.0758107
-0.35388
0.0135603
0.203794
0.0835022
-0.588823
0.26322
-0.313431
-0.362348
0.147048
0.109235
-0.116541
0.0248007
-0.128241
0.0994117
-0.558146
-0.205954
0.205296
0.247718
-0.043284
0.00620479
-0.194247
-0.302408
-0.0180197
0.242384
0.0646259
-0.244395
0.514784
0.0512069
0.473814
0.14307
0.598094
-0.565676
-0.491225
0.23624
-0.205821
-0.10403
-0.271345
0.323716
-0.0796217
-0.56365
0.0231728
0.38481
0.258715
-0.336391
-0.249488
-0.400971
-0.137693
0.450175
-0.214147
0.096345
0.0315914
-0.0273178
-0.286568
-0.18153
0.191876
0.245351
0.129269
-0.339733
0.00192984
-0.253963
0.124366
-0.0212699
-0.232105
0.247259
0.423181
-0.122436
0.0718136
-0.177735
-0.144139
-0.0130667
0.572925
-0.225712
0.0603139
0.250021
-0.226821
0.220729
-0.483812
0.0730161
0.22206
-0.191698
0.017156
-0.292148
-0.484482
-0.511938
0.142486
-0.00385219
0.265348
-0.240883
0.0350143
-0.254179
-0.600458
0.225069
-0.32258
0.402028
0.303265
-0.218522
0.363063
0.10781
-0.20992
-0.241806
0.631029
0.365148
-0.23414
-0.255155
-0.0845408
0.510458
-0.325204
0.0884982
0.483445
-0.250604
-0.402421
0.207293
0.0205899
0.154922
0.310449
0.362213
-0.0414719
-0.426873
0.337419
-0.46501
0.614406
-0.0209552
-0.0208862
0.0459699
0.012616
0.18189
0.282878
-0.0761556
-0.646291
-0.0157316
0.237515
-0.298965
-0.563487
0.0385098
-0.0252439
-0.0206009
-0.123471
0.14291
0.281401
0.330899
-0.229261
-0.174446
0.268896
-0.150871
0.0257602
0.142835
-0.112719
-0.0583987
-0.468561
-0.380389
-0.19185
-0.0255523
-0.255544
0.186615
0.0459306
-0.0916812
0.564435
-0.107602
0.137413
-0.0513317
-0.0802713
-0.719131
-0.0416768
0.22662
0.130831
-0.19922
0.0576919
-0.0162201
0.325154
-0.209444
-0.151168
0.0135997
0.458164
-0.272816
0.0216839
-0.0276591
-0.0653426
-0.185444
0.0206525
-0.00480677
0.164113
0.23247
-0.123251
0.342364
0.0968462
-0.390731
0.0901778
0.574706
-0.22041
0.372439
-0.233354
0.0510786
-0.325781
-0.354126
-0.535079
0.261635
-0.0534473
-0.449215
-0.263213
-0.546539
0.431509
-0.270328
-0.00303894
-0.102833
0.0557673
0.238242
-0.442181
-0.511996
0.230958
0.461356
0.284902
0.115773
-0.207671
-0.0725683
0.66473
-0.0763999
-0.23656
0.497917
-0.353326
-0.312122
-0.659999
-0.00546116
-0.210106
0.0554637
0.130953
0.0140245
-0.195254
-0.144533
-0.408453
-0.0802102
-0.316312
-0.0901556
-0.0986856
-0.707457
0.0295526
0.218359
-0.121842
0.430173
-0.798158
0.613385
-0.101109
-0.023579
-0.138731
0.238553
-0.125815
-0.294564
0.274833
-0.440681
0.116715
0.368994
-0.119898
0.150767
0.229933
-0.379592
-0.229017
-0.164331
0.12443
0.62122
-0.485442
-0.236666
-0.127759
-0.13923
-0.180728
0.426573
0.110697
0.480468
-0.562775
0.13749
-0.136496
0.200146
0.165282
0.256088
0.125865
0.318877
0.259631
-0.0365876
0.308746
0.206308
0.0606945
-0.281722
0.179719
0.628205
0.0870318
0.340047
-0.239034
0.387151
0.00623148
-0.0890802
-0.0891858
0.238671
0.230847
0.0730243
0.313887
-0.486115
-0.136554
0.0245012
0.403839
0.0764366
-0.245126
-0.0766887
0.165026
-0.110769
-0.167086
-0.058402
-0.170667
0.00908352
-0.0542576
0.0480256
-0.0496001
0.0613209
0.0383781
0.0511647
0.365167
-0.997644
-0.174803
0.618294
-0.295414
0.0583015
0.00048286
0.25337
-0.0185125
0.0308581
-0.110301
-0.34123
0.175642
-0.037194
-0.218902
0.178596
0.240425
0.0796619
-0.212201
0.0236476
-0.00461029
0.0227111
-0.184261
-0.0411504
0.0776073
-0.164255
-0.181923
0.0656912
-0.337054
0.209419
-0.0364027
0.275087
0.190946
-0.225789
-0.304101
-0.0459961
0.0452012
-0.046181
0.0162751
0.521655
0.168134
-0.187496
-0.235753
-0.331492
-0.432381
-0.0499778
0.0897515
0.167116
-0.0606378
-0.231865
-0.454869
-0.0224496
-0.0335027
0.204746
0.0781163
0.142281
-0.0162867
-0.0809105
0.449931
0.179748
-0.560919
0.522347
-0.146225
0.275046
-0.0144306
-0.298079
-0.0715279
-0.281564
-0.324168
0.722181
0.264663
0.192899
0.167873
0.289196
0.0487366
0.111484
-0.510286
0.203316
-0.00656851
-0.568938
-0.265117
-0.11122
0.386935
-0.367138
-0.243605
-0.262414
0.0392075
0.171511
-0.505786
-0.264803
-0.223405
0.40629
-0.356053
0.12189
0.142085
-0.095749
0.205449
0.837634
-0.22607
0.011471
0.822473
-0.606391
0.39264
-0.215575
0.238016
-0.488237
0.0991386
0.21198
0.128821
-0.189433
0.185276
0.455901
0.312373
-0.552769
0.295484
0.210329
0.011617
-0.343671
-0.253727
0.654011
0.305033
0.0749441
-0.295219
0.20069
-0.13241
0.513709
0.203223
-0.0311152
-0.125321
0.264989
0.804229
-0.0617419
0.159071
-0.212282
-0.151828
-0.216283
-0.15324
-0.614113
0.27527
0.29387
-0.235911
-0.332848
-0.344662
0.241195
-0.141401
-0.0940238
0.628107
0.114648
-0.309183
-0.765077
0.21508
0.341406
0.187567
0.119447
-0.307993
0.0394798
0.288982
-0.101406
0.24678
0.141978
0.0500612
-0.448447
-0.605958
-0.166668
0.449739
0.00261821
-0.236124
0.223056
0.291563
0.141119
-0.331748
-0.139537
0.159944
-0.57556
0.142243
-0.461367
-0.0345645
-0.533426
0.113926
-0.00322944
-0.0702709
0.187031
-0.135564
0.277971
0.0968968
0.414729
-0.122988
0.0284459
0.523515
-0.443864
-0.174562
0.315827
-0.1484
-0.0336691
0.24857
-0.135458
0.145315
-0.481371
0.154379
0.144852
-0.171489
0.0046361
-0.0102124
0.222647
-0.219654
-0.456407
-0.340208
-0.257698
0.635052
0.592493
-0.474854
-0.0649243
-0.358639
0.27425
0.430648
-0.174653
-0.312568
0.22176
-0.0601088
0.21686
0.0687028
0.000779025
-0.421824
-0.120027
-0.143138
-0.0740641
-0.333353
-0.129672
0.591657
-0.485508
-0.284876
0.177534
-0.288147
-0.183593
0.466318
0.0649893
0.183461
-0.436515
0.092448
0.0740939
0.525687
-0.0453895
0.0989369
0.111825
-0.383311
0.307524
0.79436
-0.341205
-0.345836
-0.585487
0.0328717
-0.0947833
0.0722011
0.488388
-0.147527
-0.297429
-0.101932
0.0956731
0.143279
-0.481913
0.0776108
-0.205367
-0.305352
0.0556752
0.139442
0.211826
-0.143841
0.201827
0.0734241
0.246412
0.013731
0.534539
0.257534
0.0116268
0.00444482
-0.0569565
0.0122595
0.144448
-0.242194
0.223468
-0.865034
0.028603
0.10906
-0.225186
-0.18166
0.540202
-0.0494436
0.0452764
-0.465114
-0.396157
-0.0900277
0.295909
-0.868297
-0.240279
-0.166596
-0.221286
-0.151251
0.132594
0.0255248
0.0767891
0.449597
-0.268737
0.298695
0.0956927
0.24467
-0.0810719
-0.603425
-0.514682
0.0256173
-0.0602311
-0.134564
-0.399409
-0.416365
-0.543714
0.0197217
0.235504
-0.0194748
-0.431183
0.115441
-0.32562
-0.00563922
-0.153518
0.419477
-0.0482831
0.205588
0.0997987
0.0672002
-0.132465
-0.653863
0.401178
0.359031
-0.0606527
-0.317124
0.550483
0.16539
0.00610239
-0.235323
-0.109188
0.211188
-0.298142
-0.376859
-0.491882
-0.166314
-0.0334481
-0.0466158
-0.0185941
0.35687
0.491688
-0.408118
-0.0871979
0.239269
0.377385
-0.0325193
-0.214128
-0.526531
-0.0658201
-0.45253
0.0314836
0.176688
0.511705
-0.0955952
-0.0787611
-0.353568
0.486373
-0.318165
-0.027485
-0.0367486
0.146188
-0.0965019
-0.465901
0.256755
0.31098
0.680827
-0.210901
-0.354947
0.14963
-0.371713
-0.161308
0.465183
0.149481
-0.0775029
-0.0644511
0.0335041
0.420069
0.355192
-0.180063
-0.258717
-0.0814235
0.0356746
-0.336839
-0.358583
0.124903
0.263835
0.725509
0.465456
-0.150496
-0.11567
-0.325371
-0.135693
-0.592499
-0.128405
0.298925
0.18643
-0.119505
0.742562
-0.424363
-0.725198
0.221644
0.679197
-0.298488
-0.0177636
0.166959
-0.257769
0.0926282
0.0748577
-0.157614
-0.179368
-0.103528
-0.27234
-0.325407
0.0133346
0.245606
0.190407
-0.16224
0.221035
0.290349
-0.131494
-0.153139
-0.482114
-0.500598
-0.486603
-0.0603057
0.109356
-0.0353771
-0.234473
0.148941
0.0766387
0.202888
-0.00805548
0.0940659
0.14894
0.17883
-0.0875991
0.208186
0.116359
-0.32545
0.323281
-0.0492289
-0.0570502
-0.45747
0.30636
0.436428
-0.00169287
0.0559091
0.280648
0.621052
0.409716
-0.510993
0.210515
-0.216355
-0.0271391
-0.200337
0.285922
-0.0504751
-0.701974
-0.233577
0.0731796
-0.0391567
0.626772
-0.144881
0.0531883
0.157734
0.526885
-0.0766781
0.0914715
-0.526783
-0.219539
0.519333
-0.243855
-0.269718
-0.185586
-0.269042
-0.426048
-0.0320194
0.158772
-0.0432796
-0.00640664
0.69401
0.283023
-0.103691
-0.0775933
0.35461
0.682326
-0.00594196
0.401719
-0.15132
0.219726
0.0314411
0.073732
-0.731233
-0.176758
0.00059763
-0.484091
-0.290111
0.191137
0.0327226
-0.211862
-0.33792
0.210622
0.0623065
0.341556
0.250965
0.171927
0.108997
0.173857
-0.555186
-0.0590424
-0.220953
-0.103343
-0.14638
0.341968
0.0482251
-0.362938
0.151655
0.289868
0.679452
-0.138864
0.519127
-0.0275079
0.042362
0.0457672
0.249052
-0.268433
-0.100235
-0.419726
-0.24635
0.320619
-0.373654
-0.645194
-0.142176
0.107714
-0.381075
-0.174832
0.0699048
0.199231
-0.117419
-0.408526
-0.565191
-0.346537
-0.123478
0.370132
-0.223618
-0.367966
0.19884
0.382302
0.719468
0.293021
-0.0423557
-0.3492
-0.40127
-0.0780808
0.147162
-0.0197157
0.470301
0.253472
0.0152303
-0.144923
0.413021
0.0676075
0.207172
0.0776398
-0.2417
0.365996
0.348411
-0.321545
-0.173496
-0.986901
-0.0923705
-0.166627
0.0861004
-0.556711
-0.0740971
0.358743
0.247705
0.200278
0.0630519
0.069333
-0.0600063
0.263907
0.198771
-0.438286
-0.139518
-0.115613
0.523319
0.432042
0.409328
-0.0544802
0.586352
-0.0168826
-0.0900259
0.149238
-0.145239
-0.0106697
-0.0976757
-0.273325
-0.280444
-0.282694
-0.140408
0.485109
-0.152132
0.565776
-0.287906
0.564101
-0.10326
-0.32968
0.347308
0.16765
-0.525072
-0.307724
0.368229
-0.269255
0.146429
0.174187
-0.0588237
-1.19237
0.381297
0.237751
0.269199
0.0637855
-0.00372523
0.431257
0.296752
0.123721
0.233506
-0.217315
-0.241738
-0.136214
0.0141425
0.322372
0.318152
0.323771
-0.237669
-0.717403
-0.265418
-0.176071
-0.290424
0.266856
-0.22506
-0.357431
0.193644
-0.0568472
0.0560766
0.0871732
-0.398328
-0.0723542
-0.120987
-0.286154
0.418281
0.036253
0.312876
0.221608
0.247627
0.227266
-0.0683296
-0.101177
-0.364075
0.509789
-0.0128088
-0.119769
-0.00793625
-0.0648366
0.52957
-0.33357
-0.0266645
0.0611267
0.300667
0.21814
-0.281752
-0.253952
0.489592
0.504272
0.199698
-0.0457065
0.256836
-0.1391
0.15992
0.617525
-0.0204027
0.147122
-0.0838974
0.170081
-0.0517411
0.744503
-0.265193
0.0284126
-0.170432
0.00277644
-0.0383158
0.00826142
0.132426
-0.12217
-0.251775
0.359013
0.0756968
0.605793
0.0159214
0.11391
-0.0616064
-0.298149
0.252128
-0.525438
0.0458597
-0.567093
0.341064
0.25088
0.0890446
-0.00818581
0.352232
0.0778748
0.225833
0.322616
0.0781731
-0.330339
-0.313771
0.0180401
-0.00623054
0.141682
0.658328
0.362738
-0.114262
0.385806
-0.408112
0.245722
0.584212
0.0882136
0.216551
-0.370429
0.127226
-0.013327
-0.270374
-0.0713651
0.301866
-0.135015
0.109649
0.215996
0.115273
-0.159397
0.109506
0.458813
-0.666832
0.385717
-0.0867581
0.163582
0.66839
0.0460412
-0.272665
0.211069
0.303532
0.338507
-0.286723
0.304469
-0.140288
-0.327548
-0.327808
0.283536
0.277635
0.445322
-0.0365347
-0.0900103
-0.19441
-0.360364
-0.148012
-0.858926
0.351254
0.21968
-0.52426
0.00347339
-0.169641
0.161235
0.0911963
0.574602
-0.226545
-0.397581
-0.0787036
0.356519
0.527351
0.517908
-0.212224
0.222778
0.258919
0.135221
0.483716
-1.27419
0.176821
0.0479908
-0.0420807
-0.484961
-0.0847629
0.062855
-0.369682
0.304774
-0.547938
0.0581624
0.0888471
0.407201
0.398879
0.258755
-0.137678
-0.079544
-0.254388
0.0191975
0.623998
0.0901617
-0.267591
0.269763
-0.131903
-0.23002
0.288558
0.217299
-0.265025
0.686665
0.161429
0.384537
-0.118579
0.264648
0.180244
0.0326622
0.413862
-0.0115711
-0.358904
-0.0667485
-0.23915
0.00481762
-0.406949
0.310205
0.123151
-0.250184
0.143481
0.532592
0.0515051
-0.00776442
-0.0699733
-0.106691
0.146044
0.0339866
-0.112504
-0.104866
0.348957
0.470644
-0.0183987
0.0253942
0.0125557
0.49918
-0.200562
0.305181
-0.876378
-0.141041
-0.0225688
-0.337711
0.0878426
-0.147531
-0.484605
-0.153985
-0.179513
0.00294253
-0.176847
0.40146
0.374954
0.061233
-0.0257889
-0.0508598
-0.0533416
-0.19719
0.236142
-0.00426938
-0.072031
-0.291396
0.82532
0.69079
0.318832
-0.0238352
0.0239908
0.0690007
-0.0655399
0.706058
0.00912874
0.259347
0.363497
0.189721
0.559546
-0.0719259
-0.406195
0.361325
-0.682089
0.320759
-0.0260116
-0.101275
0.650785
0.526774
0.439906
-0.14594
-0.275208
-0.0385207
0.376658
0.507473
-0.441079
-0.147078
0.0103447
0.270925
0.285331
-0.363021
-0.387712
-0.333935
-0.127617
-0.0361143
-0.0399578
-0.29258
0.114075
0.0643564
0.386923
-0.313709
0.208135
-0.0209738
0.0241335
-0.426484
-0.204293
0.198031
0.370873
0.153094
-0.16191
-0.368849
-0.130504
0.505769
0.240127
0.0359071
0.0270975
0.498822
0.32285
-0.158683
0.412186
-0.442193
0.00300364
0.291133
0.43743
0.26282
0.0389278
-0.491141
0.348037
0.526136
0.121751
0.13235
0.0698212
-0.430407
-0.429601
0.118654
-0.146927
0.267037
0.439071
-0.364503
0.468409
0.187029
-0.459498
-0.0291704
0.127557
0.111704
0.262867
0.0827778
-0.161545
-0.647398
-0.0448001
0.262434
0.0718563
-0.401289
0.942224
-0.154368
0.0653085
0.406714
0.00264296
0.0633271
0.046994
0.117585
-0.243429
-0.16864
-0.0376141
0.56895
-0.386405
-0.150575
-0.0338852
-0.600542
-0.220147
0.56095
-0.315674
-0.360729
0.0941885
0.249169
-0.472925
0.0302082
0.551511
-0.389392
0.0204093
-0.411823
-0.155574
-0.377006
-0.273324
-0.612873
-0.466567
0.16255
-0.138347
-0.0340737
0.395626
0.213686
-0.251046
0.0294586
-0.0318693
0.351888
-0.420341
-0.200899
0.0239595
0.446493
0.178987
-0.380612
0.0111625
-0.0928769
-0.150934
0.103448
0.531123
-0.319667
-0.224467
0.224305
0.42427
0.013148
0.698056
0.190417
0.123964
-0.555564
-0.0690093
-0.770577
0.704743
0.380338
-0.16165
0.0720064
0.43082
-0.186436
-0.208621
0.016521
0.234254
-0.0502195
-0.232959
0.406129
0.466959
-0.270765
-0.382798
0.130212
0.158464
-0.337071
-0.348813
0.0983502
0.8295
0.0137209
0.170493
0.0047445
-0.282378
-0.726488
-0.0790856
-0.252394
0.0197752
-0.116464
0.0668584
0.590032
-0.0890888
-0.307728
0.0743745
0.302666
-0.0283297
-0.156137
-0.173592
0.227029
-0.0110267
-0.327447
-0.147376
0.308288
0.00464807
0.179371
-0.449683
-0.0910913
0.0145334
0.851252
0.350358
-0.266859
-0.322116
0.439353
0.546888
0.0916291
-0.341252
0.482996
0.188792
0.132828
-0.12322
0.198295
-0.154154
-0.446058
0.100841
-0.055462
-0.0965409
-0.0550418
0.531734
-0.454028
0.0457423
-0.0736421
-0.0540293
0.165952
0.00116307
-0.182834
-0.405762
0.102075
-0.298179
-0.143964
-0.0349934
-0.122706
-0.266574
0.140036
-0.163124
0.608707
0.231471
-0.142116
-0.22253
-0.0629625
-0.251448
0.295563
0.112399
-0.467642
-0.023112
-0.0906543
-0.14858
-0.122143
-0.339582
-0.385727
-0.497396
0.151301
-0.0656103
0.385793
-0.263553
0.22003
-0.128516
-0.185626
-0.041967
-0.103032
-0.0877571
0.277828
-0.350229
0.348576
0.00426393
-0.0857715
0.0129042
-0.375209
-0.085999
-0.416709
-0.30834
0.0516461
-0.0862448
-0.155497
-0.240286
-0.323204
-0.302481
-0.284129
0.194078
0.688834
-0.126741
1.15923
-0.232723
0.261336
-0.422603
-0.74313
0.0317298
0.63975
0.110742
-0.173712
-0.0438916
-0.0709705
0.0368352
-0.203237
0.216685
0.00394351
0.185945
-0.553663
-0.402474
-0.0732138
0.00847093
0.193108
0.268706
0.388882
0.0489304
0.0245034
0.251848
-0.534356
-0.214691
-0.160751
-0.663784
0.184542
0.292874
-0.679252
-0.291239
-0.58486
-0.273903
0.207535
-0.784193
0.462062
0.0905962
-0.46482
-0.396675
-0.846403
-0.66209
-0.169665
-0.320875
-0.160358
0.116657
0.452365
0.489629
-0.191816
-0.180658
0.27307
-0.0863049
0.391362
0.583537
0.116727
0.733355
0.395098
0.132603
0.102411
-0.125584
-0.160909
-0.181632
0.250773
-0.676164
-0.65829
-0.765822
-0.705295
-0.294912
-0.114833
0.376613
-0.0626744
0.0278851
-0.122212
0.112945
-0.00272741
-0.226874
0.141271
0.0460404
-0.53154
0.0188065
-0.0140829
0.286004
-0.306472
-0.0284757
0.578081
-0.203335
-0.211878
0.162817
-0.00686009
-0.385445
0.125031
-0.321845
-0.0789939
0.060983
-0.193877
0.18878
0.0194006
0.00338683
0.473922
-0.107542
-0.217372
-0.266023
0.0222251
-0.248339
-0.136329
0.239351
-0.0049768
-0.543059
-0.0564316
-0.0674991
-0.23901
-0.264174
-0.312898
-0.21902
-0.144673
0.0480496
0.274296
0.513605
0.407425
0.239585
0.0329288
0.603535
-0.0652651
-0.119279
0.133436
-0.544382
0.041703
-0.537693
0.0284074
-0.143429
0.371086
-0.268948
-0.336168
-0.0399179
-0.277813
-0.0693049
0.31289
0.0741689
0.336415
0.107415
0.193989
0.205262
-0.0417453
0.0666378
0.217139
0.268543
0.351347
0.532486
0.523634
-0.202218
-0.325349
-0.0643235
0.0375467
-0.10404
0.286318
0.185065
-0.254107
-0.513611
-0.0100219
0.0436391
0.543076
0.29158
-0.346762
0.295073
-0.468936
-0.274072
0.414488
0.220044
-0.118335
-0.0719231
-0.04495
-0.0200532
-0.190054
0.309425
0.367444
0.101057
0.149334
-0.299634
0.113111
0.246669
-0.0847672
0.689907
0.302371
-0.209947
0.111313
0.201178
0.32696
0.394298
0.176669
0.141318
-0.529625
0.164875
-0.404336
-0.19366
-0.227837
-0.253
-0.189458
-0.123493
-1.02609
0.182966
0.0983012
-0.293256
0.635772
-0.609194
0.406803
-0.232022
-0.088312
0.121578
-0.262466
0.169819
0.056017
0.238812
0.567491
-0.616314
0.0315785
-0.619696
-0.0950592
-0.120385
-0.413763
-0.106958
0.571163
-0.218494
0.365022
0.0425575
-0.169032
0.339619
-0.528423
-0.260406
-0.296822
0.0434054
0.164301
0.427756
0.141001
0.330694
0.395528
-0.330858
0.40716
-0.0990122
-0.0672114
-0.381743
-0.211546
-0.232815
-0.180816
0.138769
0.208404
-0.137767
0.411103
0.409523
0.815168
0.254421
0.12175
-0.155668
-0.415008
0.228713
0.226112
-0.0498881
-0.405795
0.0145734
0.174277
0.0509723
-0.0498235
0.207696
-0.406107
-0.221388
0.31856
0.324171
0.0405087
0.605187
0.00466429
0.184974
-0.374075
0.130475
-0.211461
0.351871
-0.0517817
-0.0589616
-0.40137
-0.0626303
-0.649951
-0.131357
-0.546769
0.297728
0.170868
-0.249621
0.153668
0.0889077
0.137556
-0.307113
0.00284544
0.638634
0.122188
0.0162844
0.0361702
0.150767
0.0987684
-0.581005
0.0868035
-0.15879
-0.621838
0.0143107
-0.0148133
-0.111026
-0.35993
0.133937
-0.350507
-0.375294
0.393954
-0.0566138
0.012656
-0.124675
-0.26272
0.0919733
-0.533261
0.479038
0.465173
0.283707
0.2753
0.425964
-0.422815
-0.173186
0.283683
0.894152
0.445712
0.113167
-0.0556394
-0.292525
-0.471365
0.246464
0.115727
-0.170327
0.210767
0.125131
0.213129
0.384638
-0.263251
0.594496
0.340355
0.0756623
0.222382
-0.0813459
-0.131105
-0.454226
0.222324
0.331113
0.290933
-0.795719
0.198933
-0.202642
-0.183736
0.352437
-0.242106
0.437044
-0.450855
0.330316
0.187157
0.31345
-0.141805
-0.405488
0.189428
0.168991
-0.0707719
-0.535651
-0.0695073
-0.0332118
0.357051
-0.186905
0.136053
0.615554
0.327226
-0.106574
-0.507142
-0.0632408
0.0246311
0.0786417
0.0208047
-0.0520352
-0.197161
0.143275
0.508985
-0.400109
0.383252
-0.300713
-0.0471828
0.240571
0.131801
0.0157607
-0.785864
-0.208006
-0.141767
0.130374
-0.0302421
-0.295218
-0.178497
-0.209505
-0.0135212
0.365263
0.536457
-0.68882
0.0244251
0.150786
-0.0663223
0.0706696
0.471566
0.313372
0.0272715
-0.206355
0.148028
0.0450412
-0.0984006
-0.0675028
-0.236765
0.12045
0.462929
0.048274
-0.0752984
-0.107713
0.551706
0.0860859
0.306118
0.0596038
-0.471374
-0.457502
-0.0992376
0.253905
0.51115
-0.217573
-0.582807
-0.385664
0.278663
0.977132
0.139104
0.0128686
0.193342
-0.123924
0.234836
-0.1107
-0.262033
0.422984
-0.330503
-0.0939364
-0.0726062
0.3789
0.171225
0.500877
-0.402063
0.00415304
0.189516
0.201476
-0.00125765
-0.253417
-0.441868
0.0602978
-0.16918
-0.0991183
0.115067
0.316107
-0.258644
-0.782242
-0.397207
0.385427
-0.0891039
0.0420472
0.592239
0.0179918
0.624495
0.51188
-0.0788448
-0.328199
0.121911
0.355555
-0.219444
0.20603
-0.495051
-0.274769
0.130313
-0.264553
0.185836
-0.0282483
0.560204
-0.560208
0.0706444
-0.872464
-0.488087
0.181614
0.364807
-0.50961
0.516706
0.0626838
0.0490163
0.316714
-0.132029
0.285705
-0.683045
0.113462
0.214294
0.16774
-0.127177
0.11015
0.280283
0.0759368
-0.041381
-0.0125799
0.143036
0.00533489
-0.450694
0.149981
-0.2284
-0.420065
0.351052
0.407853
0.184206
0.10503
-0.198464
-0.0426994
0.202257
-0.518459
0.150293
-0.374711
0.0616108
0.339006
-0.106306
-0.148246
0.188131
-0.0395829
0.196978
0.342353
0.151659
-0.71367
0.372124
0.0780957
0.297571
0.457136
-0.00523216
0.663526
0.483507
0.0734853
0.268579
0.130306
-0.14951
0.127411
0.275445
0.13672
0.0137758
0.262237
0.328438
-0.493715
0.196287
0.197702
0.193754
-0.306761
-0.625096
0.0914869
0.351924
0.792186
0.1577
0.198875
-0.14197
0.508229
-0.00930578
0.457473
-0.316328
0.19948
-0.161342
-0.156662
0.576283
-0.44043
-0.175442
0.296293
-0.0695664
0.284882
-0.567147
0.045934
-0.396147
-0.241919
-0.380878
-0.438419
-0.0498342
-0.114664
0.512046
0.319172
-0.123576
0.148291
0.296498
0.851603
0.0935444
0.51645
0.0474982
0.25042
-0.495767
0.667678
-0.416032
0.617153
0.175605
-0.18165
0.433819
-0.258171
0.226235
-0.0960177
-0.145241
0.572855
0.199095
0.039037
-0.0665249
0.464067
0.0743626
-0.399981
-0.38446
-0.483647
0.0611703
0.204988
-0.268145
-0.114806
-0.326423
-0.14327
-0.0943923
-0.277424
-0.660661
-0.552241
0.421753
-0.128539
-0.193282
0.317248
-0.0254252
-0.73141
0.278843
0.00137942
-0.099984
-0.15389
-0.436742
0.030417
0.202984
0.00805792
-0.0671911
0.424637
0.20523
0.565613
0.169953
0.311578
0.378841
0.0994752
-0.133276
0.997314
0.126667
-0.0145017
-0.0579689
0.077053
0.272104
0.971403
-0.0243305
-0.449356
-0.248604
-0.116153
0.120586
0.0675654
0.121843
-0.0198184
0.282654
0.340043
0.333897
-0.0237952
0.0687668
0.243929
-0.34746
-0.346852
0.245212
-0.438725
-0.295425
0.397295
-0.243297
-0.113229
0.145655
-0.242041
0.163698
-0.494437
0.310992
-0.100811
-0.620709
-0.432456
-0.489374
0.0861667
0.613999
-0.120759
-0.171754
-0.158603
0.355465
-0.416824
-0.308446
-0.182238
-0.112681
0.711363
-0.124698
-0.189633
-0.111404
-0.104717
0.28638
-0.234142
-0.130767
-0.0339459
0.571541
-0.148174
0.141517
0.154124
-0.0112428
-0.259152
-0.123237
0.265396
0.272469
-0.147346
-0.267483
0.141245
0.220682
-0.209406
-0.108545
0.00191362
-0.166468
0.0115215
-0.0539135
-0.457304
0.366709
0.0174818
-0.176929
-0.281114
-0.298938
-0.0585106
-0.0780456
-0.158487
-0.0379962
0.36096
-0.231649
0.28174
0.171268
-0.538796
0.194051
-0.210525
-0.0545777
0.339719
0.237402
0.392445
-0.0224828
-0.033437
-0.324303
-0.419639
-0.286819
0.196411
-0.581802
-0.39274
-0.3773
-0.243126
0.46036
0.337457
-0.40889
-0.0533362
-0.0845627
-0.300922
-0.177564
-0.456336
0.280867
-0.0534913
-0.451362
0.325626
-0.486181
-0.279951
-0.145213
0.493015
-0.283123
-0.0148598
-0.379076
-0.219544
-0.158188
-0.379732
-0.586941
-0.192917
-0.296804
-0.0778509
-0.400602
0.482244
-0.809359
0.262585
0.0513313
0.11807
0.027616
0.225905
-0.274154
-0.409369
0.129678
-0.0854855
0.123573
-0.203322
0.0209499
0.0960515
0.515172
-0.692035
0.287795
0.393571
0.15811
-0.0555608
-0.422347
-0.56645
-0.224542
-0.00915305
-0.436955
0.302333
0.0645956
-0.387194
0.341492
-0.0115148
0.0968232
0.411852
0.241812
-0.385634
-0.697021
0.138922
0.573468
-0.639952
-0.316193
0.140976
-0.184314
-0.155081
-0.105037
-0.147948
0.180966
-0.19325
0.190173
0.0862041
-0.418585
0.0746785
0.0330904
-0.0323387
-0.421946
-0.0420469
-0.0134009
-0.42585
0.126664
0.0389603
0.443707
-0.252545
0.481522
-0.00304148
-0.0890793
-0.0330929
-0.569675
0.0765646
0.240986
0.231464
-0.349635
0.10285
0.0724832
-0.434614
0.40135
-0.285564
-0.545203
-0.00149506
-0.0696024
-0.728787
0.0657024
0.694501
-0.581338
-0.364553
0.304517
-0.0537947
-0.41032
0.219728
0.22638
0.0883324
-0.0371862
0.150274
0.313252
-0.242475
-0.105014
-0.618953
0.346596
-0.207917
0.0591486
-0.267279
-0.373658
-0.0614906
-0.129317
0.428613
0.535524
-0.681949
-0.0274362
-0.152971
-0.060343
-0.21738
0.644082
0.206381
0.105282
0.00223156
0.415091
-0.0950356
-0.0492609
0.766734
0.262902
0.117695
-0.409735
-0.594322
0.245317
-0.197502
-0.0606911
-0.301577
0.369221
0.0238163
0.2461
-0.0564228
-0.510186
-0.316043
-0.156143
0.635379
0.212176
0.338173
0.273825
-0.217292
0.22997
0.203249
0.0448202
-0.0188788
0.346311
-0.256241
0.0281391
0.225452
-0.303354
-0.0999892
-0.458074
0.00653996
0.298169
-0.365225
-0.274053
-0.0760657
0.242742
0.383373
0.216893
0.414814
0.152397
0.183784
0.133555
0.310974
-0.121986
0.158763
-0.0410388
-0.162853
-0.0596163
-0.155824
-0.361576
-0.159398
0.563384
0.372503
0.357915
-0.302235
0.0723363
0.062947
-0.00250736
0.310632
0.806638
0.661889
-0.104094
-0.0858461
0.514809
0.501164
-0.190552
-0.171794
0.346293
-0.189866
0.156295
-0.0759209
-0.0569919
-0.617548
0.1407
0.07084
0.0680739
-0.43563
0.31453
-0.473224
0.44168
-0.14109
0.409978
0.121135
-0.600605
0.523357
-0.0896029
0.379377
0.00457759
0.130721
0.0682612
-0.136141
0.0533907
0.686154
-0.14906
0.455787
-0.732926
-0.199505
0.36465
-0.385102
0.333554
0.17286
0.127466
-0.230663
-0.389687
0.0905582
0.455177
-0.646715
0.00749454
0.292904
-0.103146
-0.20347
0.187316
0.235039
0.172578
0.0198634
-0.105258
-0.02151
-0.00666901
0.295825
0.253017
0.150103
0.497147
0.126604
0.136408
0.0940279
0.609404
0.0912818
-0.0935503
0.0221374
0.25156
0.0564506
0.228452
-0.218456
0.142102
-0.440593
0.252885
0.00110342
0.343442
-0.0806928
0.660212
0.0538699
-0.342433
-0.445647
-0.0375074
0.183241
-0.112482
0.241899
0.297284
0.0417846
-0.356862
-0.0624576
-0.461747
0.292377
0.339271
0.249017
0.0167546
-0.243574
0.300092
0.345506
0.280496
-0.0167603
-0.281033
0.283651
-0.145642
-0.0868529
-0.105565
-0.47427
-0.192788
-0.00440135
0.396949
-0.252191
-0.832496
-0.638867
0.249664
0.106211
-0.100889
0.203688
0.119004
0.611434
0.291888
0.0471161
0.0759553
-0.124746
0.708034
-0.300445
-0.0239948
-0.106908
0.0176566
0.505472
0.351187
-0.527045
0.285515
0.413288
-0.0401597
0.0978951
-0.26541
-0.0043746
-0.0223813
0.120297
0.115928
0.435598
-0.0753117
0.338215
0.258234
0.00478342
-0.322525
-0.584902
0.344657
-0.224902
0.28782
-0.133652
-0.382465
-0.0696533
0.0662602
-0.386931
0.120341
0.0769503
-0.204331
0.0267614
0.139199
0.244508
0.279818
0.361147
-0.364441
-0.396068
-0.357313
0.382402
0.117165
0.304127
-0.50273
0.251428
0.0303465
0.196121
-0.456247
0.516433
0.408381
-0.351464
0.0889919
-0.131375
-0.385711
0.203412
0.189816
-0.0570465
-0.141898
-0.299235
-0.290048
-0.138345
-0.493824
0.480878
0.157479
-0.0946208
0.270798
-0.215118
0.0837578
0.259738
0.13079
0.181406
-0.0575507
0.404351
0.382601
0.613571
-0.0178146
-0.161342
-0.375181
-0.39038
0.512449
-0.588574
-0.126497
-0.112263
0.16258
-0.297481
0.376396
0.128273
-0.33019
0.254398
0.135735
0.133411
0.0611667
-0.413159
-0.348311
0.138547
0.231127
-0.348879
-0.42843
-0.261826
-0.532283
-0.432628
0.52718
-0.345133
0.519308
0.0324352
0.830362
0.216065
0.315414
0.128853
0.222047
0.321128
0.308878
-0.0569213
-0.139044
0.0483198
-0.183565
0.066196
0.0497596
-0.442918
-0.0331703
-0.0750089
-0.157275
-0.326897
0.0221285
0.695091
-0.234616
-0.290909
-0.512247
-0.499517
-0.146558
-0.0360175
-0.594583
-0.0448074
-0.231634
0.452968
0.368106
0.120153
-0.389176
0.193262
-0.0367117
0.438512
0.411919
-0.0847085
0.549946
-0.268655
0.17237
-0.170428
0.18053
0.273918
-0.323331
0.318454
-0.1471
-0.468506
-0.0649365
-0.193031
-0.0737662
0.256515
-0.387823
-0.312428
0.398121
-0.118115
0.401169
-0.490262
0.32041
-0.0984693
0.753723
0.0988517
-0.390201
0.29173
-0.315342
0.092509
-0.0676256
0.653796
0.221479
-0.268374
0.19436
-0.337037
0.0502501
-0.103586
-0.0757046
-0.603467
0.141677
0.3222
0.0533289
-0.453159
0.0344964
0.809337
0.0121233
0.210272
-0.191748
-0.229228
-0.457489
0.438074
-0.273907
0.643985
-0.347662
0.367959
0.310992
-0.197317
0.119078
-0.0928801
0.174658
-0.215867
0.154536
-0.916315
0.376347
0.465533
-0.142378
0.290374
0.377617
-0.0965934
0.0940866
-0.0944579
0.0314696
-0.139938
0.132051
-0.421789
-0.0114741
-0.27083
-0.0202552
0.528865
0.0568919
-0.0426167
0.535475
0.480457
-0.470945
0.0230494
-0.214845
0.0489619
0.0762902
0.153214
0.0741962
0.0432444
0.108029
0.535496
-0.0856298
0.180457
-0.456218
0.0811793
-0.108437
-0.275286
0.0297409
-0.489484
0.0253819
-0.0470179
-0.36125
-0.480064
0.344311
0.465674
-0.641075
-0.0131348
-0.251024
-0.498348
0.0936327
0.0990065
0.0593308
0.130531
-0.367025
-0.0721253
0.17946
-0.0677189
-0.0915342
-0.147484
-0.432435
-0.189707
0.0545396
0.277903
0.0331446
0.04748
-0.226782
-0.240943
-0.15412
0.451982
0.290186
0.281415
0.0636639
0.310463
0.216549
0.352498
-0.0322624
0.0465683
-0.126545
-0.445252
0.0475859
0.37281
0.0153661
-0.251349
-0.114147
0.528642
-0.351565
-0.0653086
-0.371334
-0.120148
-0.0695623
-0.189919
-0.29095
0.273896
0.183003
0.143515
-0.263243
-0.257545
0.341621
0.698165
0.568652
0.564363
-0.375485
-0.106024
0.359459
0.556713
0.280581
-0.458921
0.252609
0.0933795
-0.176388
0.570451
-0.375291
-0.2597
-0.236926
-0.385895
0.307247
-0.0523273
0.117558
0.493726
0.37126
0.207464
0.212166
0.107949
-0.0655153
0.454996
-0.00799681
0.197647
0.0778471
-0.596601
-0.253539
-0.17678
-0.369368
0.319069
-0.403771
-0.320669
-0.120523
-0.160817
0.180162
0.132188
0.170351
0.527716
0.523797
0.606648
-0.0604975
0.626317
0.0591193
0.205952
-0.288201
-0.0592861
0.491929
0.333197
0.0498523
0.922576
0.233213
-0.652942
-0.325062
-0.204557
0.119832
0.057672
-0.373119
-0.21333
0.245429
-0.019506
0.383257
-0.0415306
-0.199988
0.68222
0.0470299
0.0672322
-0.426751
0.0621661
0.364766
0.482581
0.277684
0.741122
0.259234
0.193857
0.218184
-0.585684
-0.0265293
-0.0142368
0.110978
-0.202062
0.0538719
-0.314235
-0.2482
0.125523
-0.35866
-0.0821071
-0.123967
0.240017
-0.0654344
0.665822
0.301598
-0.52125
-0.138666
-0.376416
-0.304874
0.0766596
0.337354
-0.202985
-0.181891
-0.182516
-0.124706
0.266918
-0.387024
-0.134882
0.426718
0.140732
-0.214941
-0.371074
-0.106369
-0.264149
-0.234584
0.312195
-0.836758
-0.644494
0.147362
0.239932
0.445406
-0.338986
-0.0640998
-0.181245
0.535332
-0.462268
-0.314183
-0.224839
0.0144032
-0.577535
0.157257
0.116185
-0.533215
-0.27141
0.239816
-0.181806
-0.374732
0.790124
0.0678474
0.364947
-0.317329
-0.915451
-0.0663512
0.240118
0.161174
-0.102403
-0.0735421
-0.143254
-0.271053
-0.0212012
0.676344
-0.360605
0.208585
0.0940632
0.164853
0.298959
-0.192035
-0.0405663
0.264151
0.0362431
-0.176541
-0.0336418
0.119598
0.238426
-0.0924254
-0.407668
-0.142017
0.169244
0.118493
-0.117676
-0.0269766
-0.29429
-0.11812
-0.241933
-0.361027
-0.114843
0.150717
0.267943
-0.18259
-0.386369
0.0747552
0.150207
0.162281
0.139993
0.348884
-0.0372023
0.616142
0.122489
0.37276
-0.15625
0.371973
-0.00573616
0.122048
-0.0954947
0.0307936
-0.0472709
-0.41166
-0.356441
-0.193171
-0.100233
0.324227
0.199949
0.0820429
0.000480971
0.261483
-0.0364722
-0.171093
0.171991
0.106928
0.27764
0.128304
-0.605703
-0.683068
-0.429673
-0.217772
-0.135352
0.48557
-0.189756
-0.332822
-0.738796
0.358493
0.216326
0.153479
0.413002
-0.899315
-0.343924
0.379276
0.271483
0.310733
-0.170108
-0.283495
0.600494
0.096414
0.328738
0.0520343
-0.234957
-0.394908
0.0518969
0.388668
0.0269903
-0.171237
0.147207
-0.0607117
0.178989
0.27708
0.418721
0.106368
-0.215374
0.0393243
-0.0419975
0.154776
0.043688
-0.118929
-0.169785
-0.0894698
-0.326659
-0.60445
0.00989827
-0.267663
-0.434571
0.0212578
-0.446407
0.00856555
-0.0591792
0.400978
-0.266186
0.835832
0.267932
-0.157977
-0.0566588
-0.0247511
0.317204
0.546907
0.290544
0.81458
-0.409807
0.0135704
-0.487704
0.579781
0.0330311
0.832093
-0.0588044
0.24062
0.0201785
-0.0258057
0.712932
-0.386341
-0.0700145
0.590151
0.422482
0.270255
-0.320769
-0.0659089
0.264668
-0.258595
0.144093
-0.388718
0.165388
0.251733
0.0183016
-0.0744573
0.419562
0.531319
-0.0997747
0.473729
0.100189
0.0330619
-0.181672
0.0191182
0.294479
0.110715
-0.466578
-0.0459855
-0.360327
-0.364715
0.628339
-0.362751
-0.209912
0.183986
-0.208717
0.00760678
0.0907405
0.00426312
-0.177949
-0.197139
-0.0477737
0.300258
-0.0399461
0.506984
-0.156152
-0.112349
0.0723865
-0.512286
0.18877
0.116219
-0.0714349
0.119241
-0.287585
0.246773
0.11719
-0.260385
0.1796
-0.313748
0.47619
-0.0847398
-0.274415
0.0886474
0.0866447
-0.0178467
-0.541394
-0.677125
-0.108678
0.547568
-0.501015
-0.100697
-0.308333
-0.115654
0.0850215
-0.237514
-0.553071
-0.083455
0.131556
-0.332358
-0.437853
0.157368
0.280088
-0.0141424
-0.834256
0.12047
0.099856
0.337302
0.0337726
0.251842
0.414889
-0.131559
0.158191
0.353933
-0.293393
-0.0255251
0.078322
-0.110302
0.153126
-0.00829815
0.0364512
0.347316
0.0170922
0.221446
0.0384605
0.334406
-0.503636
-0.0772458
0.0102282
0.691489
-0.674074
-0.0882259
-0.0796829
0.234062
0.080958
0.480833
0.0279262
-0.0906815
0.117882
-0.157372
-0.312493
0.0924542
0.305905
-0.065191
0.347195
-0.173032
0.0436303
0.107375
-0.0979885
-0.187342
0.141711
-0.354359
0.0866039
-0.0565015
0.0556237
0.164543
-0.0839228
-0.116635
0.765176
0.706516
0.114899
0.338185
-0.337489
-0.000560908
0.197669
-0.384237
0.116252
-0.126298
-0.12633
-0.355538
-0.23798
0.198928
-0.235
0.11835
-0.19066
-0.0336996
-0.276332
0.210532
0.235547
-0.296597
-0.0873003
-0.0462574
-0.519259
-0.136464
0.117066
0.250557
-0.278439
-0.616667
0.260136
-0.337409
0.166844
0.0776138
0.284462
-0.117737
0.120569
0.0679405
-0.322657
0.455176
-0.0142283
-0.0957822
-0.0471078
0.410037
-0.578347
-0.104686
0.151602
0.0744548
0.278679
-0.409477
-0.5721
0.189725
0.297627
-0.193697
-0.00664482
0.277507
0.770418
0.157542
-0.277061
0.307625
-0.243816
0.236203
0.354869
-0.0558523
-0.437902
-0.277724
1.14941
0.0433858
-0.513947
-0.0818307
-0.530682
0.201333
-0.188297
0.657418
0.301234
-0.324652
0.0687859
-0.159772
-0.155685
-0.50767
0.0108229
0.576283
-0.00180599
0.0897597
-0.192914
-0.257966
-0.40376
0.109373
0.0479138
0.600063
0.0200312
0.266063
-0.16653
-0.442182
-0.0953862
0.0707585
-0.138054
-0.456757
0.444677
0.504336
-0.0641605
-0.112424
0.651584
-0.368495
0.150482
0.295044
-0.282019
0.804709
-0.222122
0.325257
0.0305925
-0.372442
-0.00843376
-0.441818
-0.243135
0.483256
-0.133925
0.0171453
-0.519333
0.352159
-0.216043
-0.0723876
0.136387
0.27452
-0.161008
0.447485
-0.156979
0.352033
0.0760453
-0.155972
-0.0587928
-0.101906
-0.533326
-0.413482
0.429207
0.139002
0.211297
-0.584641
0.738726
-0.307001
0.136198
0.370041
-0.122346
-0.16091
0.181023
0.265335
-0.42339
-0.201301
0.183703
-0.0908852
-0.741047
0.458826
-0.218784
-0.156995
-0.517315
-0.0609287
-0.134235
-0.4841
0.0176781
-0.307349
-0.845702
-0.0846073
0.117386
-0.112047
0.0552644
0.259878
-0.0556408
-0.00116024
-0.380242
0.367282
0.00186675
0.0143983
0.522256
-0.108189
-0.11267
0.344015
-0.0501388
0.323619
-0.113458
-0.0888392
0.155714
0.351047
-0.0240117
0.0458177
0.0347194
-0.896745
0.322795
0.0936479
-0.164108
-0.0944724
-0.159764
-0.0484951
0.0883951
0.594591
0.677976
0.097435
-0.0584102
0.0290449
-0.193177
-0.00382457
-0.696471
-0.167754
0.717254
-0.105674
-0.0691732
-0.319026
-0.269876
-0.00110424
0.303741
-0.378232
-0.00421879
-0.00457362
-0.546058
-0.258617
0.0561234
-0.0845925
-0.185189
-0.135686
0.277504
0.00563752
-0.00196709
-0.0611611
0.375953
0.421329
0.0871816
-0.382148
0.233949
-0.0149731
0.565111
0.0585248
0.452496
-0.226215
-0.226109
-0.588486
-0.0899615
-0.264133
-0.215878
-0.120856
0.126902
-0.0976579
0.512793
0.381967
-0.133556
0.626146
0.234029
0.298892
-0.238469
0.277961
-0.395206
0.0997549
-0.159063
-0.0454657
-0.372376
-0.289188
0.81555
-0.214679
0.0807051
-0.295355
0.357433
-0.194503
0.0658184
0.403008
0.0911361
0.473895
-0.514457
-0.0927879
-0.320364
-0.418388
-0.318505
-0.314441
-0.10691
0.132937
-0.784297
-0.208475
-0.357016
-0.227014
-0.164228
-0.319384
0.269345
0.407651
-0.0219959
-0.284565
0.3091
0.31705
0.640637
-0.464994
0.426862
0.569215
0.267427
-0.2537
-0.170846
-0.628968
0.207701
-0.377152
0.0153229
-0.322432
-0.122617
0.767512
0.0582914
0.229909
0.0353988
0.178107
-0.300374
0.0439962
-0.0121799
0.134979
0.019925
0.531533
-0.00891563
-0.299306
-0.693348
0.0662173
0.0637078
0.0976905
0.261962
0.161652
-0.0338361
0.407412
-0.704294
0.0426468
-0.0445788
0.381257
-0.0264101
-0.135268
1.19067
-0.0721285
-0.34545
-0.00889948
-0.0409868
0.271143
0.285597
-0.0915214
-0.380477
0.185428
-0.150256
0.597277
0.426669
-0.15638
-0.366861
0.243666
-0.357302
-0.355677
-0.349976
0.98826
0.291687
-0.280188
-0.0858989
0.0519045
-0.612587
0.0345793
-0.539167
-0.481658
0.0122872
-0.326973
-0.236546
-0.0504764
0.104648
0.0944748
0.258337
0.254546
0.263229
-0.427345
0.783762
0.276264
-0.511387
-0.0703763
0.30606
-0.315168
0.137279
0.464944
0.0919446
-0.363037
-0.00117838
-0.0275355
-0.262046
-0.897746
-0.122935
0.215372
0.1019
-0.720908
-0.191619
-0.13453
0.000110873
-0.434359
0.0231754
0.573305
-0.194113
-0.0860687
-0.462417
0.0786601
-0.22241
-0.34635
-0.116296
0.163666
0.0797065
-0.224702
-0.358469
0.375607
-0.255543
0.0638127
0.000247155
-0.298315
-0.272856
-0.197306
-0.261648
0.0769382
0.199095
0.177428
-0.57516
-0.360964
0.188273
0.692006
0.422888
0.0231766
0.51699
-0.85388
0.299893
0.58867
0.162938
-0.0427974
-0.122719
-0.1228
0.174642
0.512967
-0.52414
-0.163688
-0.369985
-0.253315
0.0206242
0.18248
-0.312445
-0.185618
0.673807
0.0470387
0.170619
-0.303453
-0.478864
-0.0734338
0.0551514
-0.0159899
-0.165002
-0.0336743
-0.0351467
0.407816
0.274862
0.128579
-0.361631
0.175692
-0.282507
-0.165674
-0.361658
-0.291522
0.495477
0.223091
-0.152806
-0.25566
0.0261298
-0.0408773
0.0433175
0.156359
-0.0673053
-0.102581
0.0393081
-0.216622
0.5358
-0.177021
0.169107
0.34193
0.660055
-0.054818
0.265327
-0.20223
0.0237734
-0.536554
0.202387
0.00642118
-0.0660775
-0.0456564
-0.231699
-0.117294
-0.107337
-0.255343
-0.394879
0.865629
0.361658
-0.365641
0.456087
-0.216884
-0.266085
0.612378
-0.0224049
-0.0745317
-0.682497
0.129247
0.0457919
-0.228524
-0.133567
0.366369
0.132355
0.0103024
0.277853
0.202606
-0.0982728
-0.162476
-0.346677
0.298805
-0.355555
0.247694
-0.171356
-0.251452
0.37955
0.242224
0.289556
0.400406
-0.483499
-0.112931
0.335834
-0.303453
-0.170688
0.140554
0.510962
-0.33034
0.326917
-0.420886
0.734988
-0.12341
-0.104957
0.135195
-0.277627
0.197519
0.445552
-0.049662
0.139911
-0.147912
-0.0182674
0.26465
0.0816731
0.371045
0.549901
0.158613
0.486056
0.475934
-0.0791878
-0.350933
0.384537
-0.383905
-0.214601
0.531
-0.0527781
-0.0634442
-0.359424
-0.132998
0.589238
0.385342
0.619146
0.38807
0.214981
0.374476
-0.0843186
0.00946246
-0.286596
-0.424562
-0.471174
-0.504412
-0.253678
0.239991
0.334
0.298219
0.401514
0.296187
-0.485994
0.198445
-0.0156129
0.271846
0.296926
0.300881
-0.114393
0.468194
0.279477
-0.0627265
0.224745
0.558079
0.564841
-0.325167
0.0707205
0.0753227
0.370589
0.523581
-0.242765
-0.852677
-0.265162
0.00377574
-0.234989
0.647356
0.27839
-0.0148063
0.123257
0.0453817
-0.391336
-0.23745
-0.0357802
-0.247583
-0.251517
-0.096817
-0.505337
-0.0578948
-0.429454
-0.242999
-0.0587743
-0.179291
-0.345182
0.441826
-0.494534
-0.150891
-0.304326
0.251386
0.124278
-0.468589
-0.292388
-0.186695
0.120625
0.678342
-0.240416
-0.0214725
0.345971
0.00503906
-0.150573
0.203082
0.316922
0.492438
-0.524647
-0.174909
0.484448
0.0661489
0.016677
0.148182
0.194912
0.275924
-0.255686
0.660688
-0.0014374
-0.419223
0.0091
0.157504
0.359818
-0.290944
0.522635
-0.165421
-0.238999
-0.175276
0.355256
0.464553
-0.228374
0.079826
0.0590848
0.539224
-0.437975
-0.106496
0.129396
0.00878817
0.366085
-0.198218
-0.255832
-0.122483
0.787416
0.508341
0.914474
0.345167
-0.227897
-0.678304
0.0338313
0.325151
-0.042849
-0.0968018
-0.100508
0.258507
-0.497883
0.139653
0.418603
-0.316388
0.376226
-0.211122
0.307564
-0.16061
0.369697
0.0869233
0.265217
-0.213165
0.446036
-0.198832
-0.206879
0.606158
0.024027
0.028854
0.054038
-0.399939
0.184288
-0.361053
-0.917186
-0.296516
0.55888
-0.331889
-0.240789
0.464433
-0.0071847
0.120671
-0.0233164
-0.161817
-0.0598578
-0.422037
0.0169227
-0.504338
-0.465623
0.50807
0.0696386
-0.661476
-0.669505
0.291753
-0.205372
0.385349
-0.0374805
0.28115
0.34894
-0.0531452
0.0699603
0.0146362
-0.0295183
0.841701
-0.574329
0.0434315
-0.407178
0.322524
-0.169188
0.0413214
-0.372111
-0.661569
-0.150283
0.103366
-0.355649
-0.03631
1.10466
0.00509464
-0.484156
-0.137478
0.592911
0.184244
0.0542345
0.148854
-0.218769
-0.478041
0.720354
0.403845
-0.252958
0.151408
-0.501545
0.178387
0.0571416
-0.404432
-0.399438
0.0382512
-0.0511707
-0.407672
0.000927735
-0.424804
0.178982
0.184919
0.124046
0.087335
-0.0673031
0.133571
-0.264895
0.20892
0.540924
0.216033
-0.375552
-0.190416
0.00617044
-0.00856311
0.152199
-0.0906485
0.213131
-0.343202
-0.355118
0.449902
-0.679798
-0.556065
-0.39977
0.0465293
-0.0956325
-0.159452
0.509778
0.602612
-0.459753
-0.14359
-0.880866
-0.0490463
-0.779742
0.454319
0.158635
-1.04291
0.240732
-0.338111
-0.0553877
-0.143823
-0.405913
-0.403055
0.0868004
0.130919
-0.430175
-0.163793
0.274837
-0.671084
0.19722
0.256987
0.155888
-0.316605
-0.350254
-0.405883
0.201822
-0.0468084
0.122111
-0.199962
-0.219176
-0.0390255
0.155711
0.0420052
-0.0874013
0.28735
-0.108369
-0.240042
-0.361321
-0.403344
0.141065
-0.330839
0.136335
0.0416475
0.382974
0.09261
0.0485807
-0.0358707
-0.0322165
0.208755
-0.318093
-0.142501
0.231664
0.690295
-0.199764
0.333607
-0.248014
-0.0112375
0.31196
0.261021
-0.0404746
0.198421
0.0768771
0.157626
0.139726
-0.264581
-0.304875
-0.201691
0.0315248
0.000915295
0.112116
-0.222074
0.260535
0.393958
-0.0667685
0.191287
0.583152
0.13753
-0.318671
0.111544
-0.0175269
0.599467
0.247188
-0.354815
0.239704
-0.0228027
0.519713
-0.556618
-0.284106
-0.0684087
-0.079726
-0.588961
0.0356656
-0.57698
-0.292372
0.154459
0.437049
0.123743
0.0241912
0.0369938
-0.2726
0.496535
-0.0818479
0.461133
0.703858
0.298026
-0.522803
0.422472
0.272365
-0.172714
-0.323764
0.628748
-0.224574
-0.194726
0.180039
0.628447
0.318062
-0.400263
-0.0197772
-0.701775
-0.0375548
-0.224993
-0.454458
-0.189339
0.40147
-0.650154
-0.180296
-1.13122
0.208869
0.0342748
0.0154683
-0.696041
-0.00196682
0.492526
-0.147864
0.175316
0.0858658
-0.258203
-0.382744
-0.226348
-0.435604
0.0830906
-0.00938538
-1.05833
0.272922
0.250282
-0.32506
0.392868
0.109366
0.343857
0.00581694
-0.0232383
-0.150273
0.219612
-0.223062
0.516013
-0.555886
0.550532
-0.150102
-0.031374
0.263055
-0.0791385
-0.466181
0.0586298
-0.174612
-0.0538177
-0.270674
0.663341
-0.754843
-0.377979
0.647287
-0.102337
0.360625
0.630698
0.15839
0.0800495
0.358461
0.0670527
0.351198
0.708668
-0.561255
-0.425522
-0.335688
-0.0978653
0.542006
-0.164551
0.0487442
-0.485395
-0.234517
-0.812822
0.502285
0.131047
0.0681673
-0.176409
0.0729506
-0.320596
-0.451975
0.293522
-0.0233552
0.455308
0.123538
0.19683
-0.62989
0.246565
-0.141608
-0.0894135
-0.251155
-0.0964788
-0.271389
0.233649
-0.31232
0.051661
-0.145255
-0.264759
-0.0228048
0.346815
0.0335389
0.409969
-0.218658
-0.0714173
-0.195649
0.387653
0.137492
-0.253228
0.631775
-0.0166901
0.130595
0.627656
-0.321919
0.236561
-0.49782
0.132061
0.0308543
0.17808
-0.297921
0.219848
-0.223735
-0.102966
0.0389999
0.0193467
0.232421
-0.0263838
0.418767
0.15768
0.575587
-0.362689
0.499842
0.172449
-0.437254
-0.540611
-0.249922
-0.528585
0.476812
0.420532
0.0923721
0.861032
-0.595723
-0.0170962
0.290645
-0.239327
-0.286309
0.342232
0.00352648
0.087276
-0.0725328
-0.104379
-0.244226
-0.351841
0.137674
0.326081
0.0528587
-0.116448
-0.435363
0.0609448
-0.375939
0.163202
-0.0969291
0.0987084
0.207586
0.13105
-0.0798919
0.0748559
-0.138343
-0.0647639
-0.248083
-0.439492
-0.0598728
0.567832
-0.181751
0.123803
-0.666297
0.592648
0.171113
-0.204467
0.665802
-0.00332166
0.495422
-0.180791
0.0789317
0.0449863
-0.533919
0.196053
-0.247449
-0.101559
0.272195
-0.404226
0.000990156
0.325471
0.207528
-0.302434
0.246924
-0.118348
-0.0230217
-0.419875
-0.0637926
-0.154239
0.0617324
-0.714654
-0.0449054
-0.0243731
0.164901
-0.202427
0.252167
-0.131398
-0.202486
-0.0790546
0.0380257
-0.262224
-0.238215
-0.512106
-0.20502
-0.155886
0.23724
-0.497373
-0.027526
-0.216258
-0.194219
-0.37276
0.10779
0.045706
-0.522759
0.0381475
-0.184976
0.306137
-0.110169
-0.178879
-0.422137
0.0485072
0.204417
0.0705545
0.332188
-0.335537
0.534307
0.090263
-0.502806
-0.439345
-0.159639
-0.0707238
-0.0736295
-0.310408
0.0279136
0.494852
0.382667
-0.0815723
0.145821
-0.114092
0.0694674
0.236491
0.0807816
-0.0701268
0.0927534
-0.249677
0.354298
0.438555
0.303824
-0.277076
-0.470209
-0.201911
-0.888678
-0.058524
0.174351
-0.247453
0.248516
0.745494
0.199332
-0.668295
-0.067964
-0.10955
0.202311
0.563551
-0.0344956
0.497473
0.32427
-0.051545
-0.236826
0.0205884
0.275265
0.520584
-0.463456
-0.401929
0.215079
0.194943
-0.635275
0.230428
0.369881
-0.309133
0.635204
-0.257622
0.44332
-0.259993
-0.0226436
0.500225
0.626114
-0.107123
0.324459
0.397508
-0.112766
0.240437
0.129595
-0.405543
-0.242885
-0.309495
0.0604842
0.390187
0.237086
-0.0290067
-0.452747
-0.26925
-0.612923
0.360956
0.442415
-0.0433065
-0.0450778
0.19137
0.465302
0.0396584
-0.10211
0.00563091
-0.000361974
0.265316
0.234797
0.252489
0.298937
0.0226173
0.433274
-0.0971501
0.110549
0.223097
0.478147
0.105562
0.633539
-0.376485
0.0400638
0.506838
-0.46219
-0.45191
-0.222816
0.240931
-0.148136
0.333919
-0.462346
-0.146994
-0.160202
-0.116765
-0.117713
0.238459
0.0630424
-0.219138
-0.145739
-0.0087624
0.415438
-0.349444
-0.624921
-0.193799
0.141497
-0.297679
-0.144979
0.411486
