0.246679
-0.789562
-1.02473
1.33995
1.2108
0.498734
1.71469
-0.545337
-0.775885
-0.161892
0.0106883
0.254164
0.0442916
-1.14142
0.0520402
-0.972804
-1.21179
0.226037
0.0589996
1.16685
-1.03741
0.327158
1.22843
-0.215811
0.70318
-0.315304
1.67413
0.715586
2.08318
1.8204
0.506016
1.20684
-2.34309
-0.00684595
-0.249711
1.1454
0.690915
-0.469883
0.491787
1.41709
0.363485
-1.06663
0.36238
1.37876
-0.469295
-1.62165
1.05433
-1.90687
0.794469
0.898787
0.746882
2.1956
-0.519342
1.74095
1.21088
1.00586
0.482629
1.07167
-0.949625
1.46985
0.0576649
-0.21529
-0.692191
1.90736
0.301282
0.380461
1.37551
0.382385
0.994989
2.12116
-0.0493428
-0.956604
-1.13248
-0.0354473
0.238009
-0.116503
0.567568
0.164231
2.50617
-0.193076
0.0131672
-1.60075
0.889846
0.56324
-0.35319
-1.66988
-1.24293
-0.997653
-0.00632271
-0.453967
-0.951315
0.181397
0.963007
1.06348
0.772617
-0.0377304
0.563247
1.70297
0.817716
-0.301875
-0.884463
0.752389
0.634481
1.02622
0.669981
0.242852
-1.17684
-0.965751
-0.299426
2.11329
-0.690457
0.344602
0.292768
-0.16032
-0.274628
0.277725
0.358104
-1.25931
1.66833
0.974785
0.325025
-1.54282
1.64649
2.11683
0.389489
0.661976
-0.871903
-0.27047
-0.910733
-1.68464
0.465354
-0.501112
-0.171666
-1.12338
-0.561572
-0.253732
0.769058
-0.109597
-0.676494
-0.578556
0.853225
-1.254
-0.925163
0.152658
-1.03769
0.927256
-1.24145
-1.71026
-0.0748553
-0.127322
-0.715702
-1.22507
3.19413
-1.59583
-0.776872
0.315916
-0.746524
-0.126614
-0.304839
-1.44118
1.70398
0.636739
0.973709
-1.02764
0.535066
0.28882
-1.22037
0.180803
-0.00801809
-1.81309
-0.0813371
-0.213219
1.57964
0.177891
1.07595
0.708535
0.737196
0.365565
1.60095
-1.04484
-0.714176
2.44628
-0.928451
-0.323579
0.638775
-1.52858
-2.08119
0.933137
-0.647226
2.28837
1.16704
0.576395
0.0660244
0.89317
-1.3789
-0.885224
0.613383
0.218541
-0.650207
2.86722
0.156279
0.885041
0.536777
-1.63477
-1.75831
-0.100481
-1.43257
-0.865526
0.97676
-1.88386
1.32767
-2.62275
-3.44495
0.593964
1.72367
-0.536461
0.830694
-0.299396
0.300168
0.0401577
-0.078553
1.16871
0.0390818
0.0557471
-1.16649
0.321318
0.769196
-0.799765
-1.10358
-0.416591
-0.799554
-0.980963
0.454094
-0.223274
-0.469776
1.85243
0.904755
1.02246
-0.124812
-1.12147
-1.41005
0.181102
-1.61666
-0.146581
-0.97341
-0.463481
-0.368881
-0.837892
1.38434
0.121116
-0.610569
-1.33155
0.429376
-1.49664
-1.02808
0.429205
1.3458
-1.47893
-0.927279
0.160993
-0.91198
-1.32302
0.376552
0.0917423
-0.808259
-0.201543
0.518491
-0.48356
1.53983
0.746753
0.462437
0.312364
-0.032188
-0.203864
0.623903
1.26219
0.346095
1.81152
-0.36424
-0.454407
-0.792357
-0.549564
1.25507
-1.27293
1.06249
-0.21646
-1.08751
0.148641
1.70432
2.40218
0.322931
0.851824
0.828964
-0.518812
-1.29103
-0.200503
-1.1917
0.489197
-0.180256
-0.562303
0.717653
-0.340963
-0.590013
-0.21336
-0.462589
-0.111023
-0.126108
-0.168848
0.43446
-1.31678
-0.0400642
-0.401922
0.851579
0.784771
0.128476
-0.906979
1.57112
-0.887448
-1.19931
1.54559
-0.238214
-1.05912
-1.25879
0.7418
0.670993
-0.276992
-1.16107
0.836361
-0.139854
1.89747
0.609286
-0.379998
-0.559199
-0.507903
1.39503
0.156533
1.82611
1.34165
-1.06216
-0.102998
0.570451
-1.35388
-0.00449103
0.350724
-0.793213
-0.0489806
1.15584
-0.357507
1.04925
-1.03599
1.3732
1.41511
0.513955
-1.40925
0.686271
-0.587794
1.29808
0.0643239
1.61269
-0.0829756
0.630111
0.126868
1.12649
-0.747466
-0.0916412
1.28667
1.29391
1.17978
-0.454891
0.869697
-0.61351
0.0334071
-0.288947
-1.40268
-0.480342
1.31268
0.0180555
1.21822
-0.948665
-1.01313
1.07389
0.340339
0.544941
-0.0989207
-0.269227
-0.2308
1.02421
-1.53804
1.11895
0.28457
0.299818
0.638592
0.27516
-0.551691
-0.439932
0.800538
0.515691
0.676371
-1.2959
0.391738
-1.47472
0.743387
-0.29161
1.13088
1.56595
-0.644199
1.52922
-1.0954
0.991063
-0.0171958
-0.858313
0.133647
0.0661259
2.86214
-0.334812
-0.486181
0.490084
-1.40044
1.10111
-1.76145
-0.890205
1.99386
0.123327
1.10817
-0.673926
-0.768081
0.767937
-0.886377
-2.25868
-0.249083
-1.05669
0.866979
-1.29237
-0.0581776
1.46429
-0.621934
-1.20542
-0.881495
1.45702
-0.68818
-1.62687
-1.63622
-0.399619
-0.765082
-0.33716
-0.484973
0.785141
-0.355148
0.387495
-1.7884
0.895534
0.242241
-0.130962
-0.341586
0.0919739
-0.458116
-0.930532
0.214922
0.625833
0.167183
1.22595
1.01876
1.07776
-0.419652
-2.50383
0.326083
0.402022
0.924243
0.845808
0.192369
-1.17002
-0.89715
-1.01471
-0.580504
-1.14778
-0.197706
0.0142624
-1.58054
1.57296
-0.749765
1.87502
1.08437
0.925071
0.43711
-0.783816
0.166928
-1.04103
-0.585815
1.30686
0.928678
-0.106425
-0.73732
-0.801365
-0.275893
-0.145959
1.63569
0.114409
0.613844
-0.000656165
1.09235
-0.5079
-0.61804
1.37498
-0.0451213
0.667828
0.824675
0.366137
0.110095
-0.644075
0.0713016
-0.715107
0.958699
0.180755
0.211264
1.06971
0.396311
1.78252
-0.538153
-0.420455
1.80004
0.276015
0.564656
1.51029
0.63765
1.29431
-0.48957
-1.77816
0.936957
0.322351
2.95665
0.682942
0.217186
0.391036
0.316879
-0.00844998
-0.482593
0.496887
-0.717932
1.01247
-1.05736
-1.0847
0.365942
-0.197398
-0.453969
0.780645
-0.245406
0.289547
1.66819
0.390138
0.717143
1.30623
-0.317941
-1.66071
-0.54331
0.351573
-1.6275
-0.83984
0.387985
-0.0896249
-1.27716
0.101782
-0.605365
-0.605208
-2.16483
1.90153
-1.14893
-1.25284
0.329362
-1.3476
1.48992
1.68682
-0.467677
-0.816905
-0.462465
-1.20121
1.62494
-2.17043
0.371046
1.08919
-0.288574
-0.944747
-1.05449
1.47771
-0.273253
-0.260405
1.53045
0.797582
-2.40526
1.59332
-0.126054
1.71196
0.1098
-0.898231
-0.690125
0.0582321
1.02266
-1.72227
-1.56524
-1.38139
1.47108
-0.552771
0.514794
-2.13243
-1.42425
-0.242713
-0.268032
1.37087
-1.32417
1.29257
-0.100409
-0.785541
-0.247074
0.440464
0.76983
0.202161
1.30868
0.00309286
1.91947
-1.53424
-0.64528
-0.105085
1.26382
-0.34444
2.07118
0.639979
-1.2159
-0.947931
0.0583579
-1.48092
1.31787
0.9831
-1.00954
1.74086
-0.270661
0.0524286
-0.453179
-0.160071
-1.41111
-1.85559
-0.761881
-1.60256
1.58224
-0.65856
-0.369195
0.243639
-0.210535
0.67289
0.454306
2.38676
-0.149198
-0.483251
0.634089
-0.161501
1.1235
0.38615
-0.51564
-1.01415
-1.73487
-1.15346
-0.0848149
0.795248
2.20474
0.869167
0.0888318
-1.61417
1.04321
0.160695
-0.785481
0.848001
-0.188663
-0.397018
-0.877602
-1.46172
0.791584
0.360843
0.0540092
-0.935988
-1.30176
1.36723
-0.485404
-0.581395
2.18332
-0.617992
0.819479
0.319605
-0.404666
0.240601
-1.54672
1.19057
-0.155169
0.167247
-0.819083
1.42652
-0.989731
1.17996
-0.531959
-0.413108
-0.157067
0.726142
-0.445671
-1.57502
-0.788737
0.976996
0.0343847
-0.136994
-1.0324
0.659811
-1.7083
0.468936
-0.161825
0.16727
0.275382
-0.133717
-0.0741295
0.636382
0.11495
-1.54544
1.73447
0.787106
-1.27753
1.25186
-0.776141
-1.23019
-0.236371
-0.540564
1.67306
-0.461825
0.22619
0.109043
-1.30298
-0.00843971
0.710774
-1.02124
0.270751
0.277576
-0.813514
0.0124674
-0.944044
1.00338
1.68676
-1.9774
-0.847858
0.249023
0.745559
1.6116
-0.317628
-0.363309
-0.172894
0.873662
-0.804478
-0.228887
-0.58631
-0.721571
-1.88705
1.43952
-0.330071
0.148475
-0.787448
1.80492
0.45783
0.203192
0.466728
-1.21063
-0.753338
0.44073
0.522701
2.07126
-1.01576
0.0621869
1.76684
0.665471
0.948959
-1.22897
0.287018
-1.35932
0.232864
0.249564
1.58564
3.15392
1.53367
-2.76935
0.563602
-0.0993235
-0.837362
-0.029529
0.336944
1.60988
-1.26805
-0.254713
-1.31329
-0.57852
1.89717
-0.030788
0.440676
1.19707
0.584834
-2.00798
-0.445502
-0.166101
1.4081
0.33899
-0.747036
0.493052
-1.19924
0.90469
-1.41549
-0.206834
-0.625506
0.07741
1.72842
1.30275
2.59901
-0.244507
-0.638685
-0.123525
0.540645
0.714255
-1.32143
-0.148583
-1.52563
1.40096
-1.19679
-0.367685
-1.09414
-0.984414
-1.632
-0.0797108
0.303175
-0.103407
0.815298
0.780219
0.00363647
-1.71975
-0.336873
1.96021
-2.19144
0.101854
0.272612
0.668855
0.962046
0.964008
-0.329159
-1.61081
0.769782
-1.31423
-0.66457
-1.12065
1.28321
0.253836
0.399495
-2.18052
-0.716307
1.17152
-0.0744059
-0.0887681
-0.353059
0.564764
0.764186
-0.572755
0.114992
0.0725727
-0.543588
-0.293459
0.0627604
-0.764433
-0.719596
0.518459
-0.382434
-2.15732
-0.884172
-0.857556
-0.980112
-0.454823
1.21315
0.507388
0.774109
-1.13033
1.78687
-0.834559
1.91893
1.08532
0.951831
-0.0678239
-2.27224
0.0723045
0.295128
1.56586
-0.823355
0.0421738
-0.414061
0.956613
-1.12376
0.109594
-0.164301
-1.06772
-0.146351
0.525596
0.354211
0.0721056
-0.228164
-1.72824
-0.638295
-0.340622
0.513486
-0.627782
1.72464
0.26071
0.332616
0.944635
-0.0115981
-0.237149
0.0131854
-2.33877
-1.392
0.279294
0.27106
0.425149
0.0805474
-0.244847
-1.11961
0.986551
-0.139397
0.732333
0.685732
0.814858
-0.55788
0.147365
1.71847
-1.1496
0.254833
-0.144792
0.814969
1.33743
0.932708
0.0768606
-0.359186
0.83654
-3.11575
-2.01694
-1.20318
-0.890447
-0.756229
0.484665
0.745709
-0.612765
-0.804069
-0.440392
-1.02952
0.539249
-1.07334
0.251964
0.0539314
0.196355
1.5334
0.537978
3.56752
0.329246
-0.435678
0.983341
0.0775965
-0.527446
1.37574
-1.37864
-1.03504
-0.152772
-0.0282603
1.0015
0.0186675
-0.724227
-0.579383
0.118137
0.254161
-0.712267
0.408709
-1.07665
-3.18192
0.221377
1.05535
-0.615288
-0.242045
-1.03963
-0.839298
0.923198
1.99055
-0.187195
2.07696
-1.71269
0.788751
-1.90797
0.873008
1.39719
1.40919
-0.304076
-1.44038
-0.385286
0.405967
-1.06558
1.76651
1.88102
0.199306
0.331142
1.01033
-0.772136
-0.981744
-1.04037
-0.758023
0.61437
-0.0892129
0.400831
0.767942
-1.26794
-0.727306
-0.608003
-0.728136
1.36525
-0.828364
0.151235
0.471095
0.01727
0.523312
1.08131
1.44463
-1.97164
0.0403466
0.505072
-0.814094
-0.542275
0.845043
0.584885
0.975229
-0.00653061
1.52383
1.37541
0.340617
-0.341285
0.147962
0.207079
0.528716
-1.27253
1.01155
-0.547801
0.242235
0.433878
-0.654332
0.581604
-0.236552
-0.0280182
-1.30729
0.385334
1.8544
-1.52537
1.03677
-0.298108
0.11385
-0.464375
-0.841429
0.0438447
1.01678
-1.1002
0.268435
-1.13893
-1.67034
-0.343237
-0.165525
-1.44962
-0.353389
0.244976
-2.00472
2.07893
0.266939
0.115469
0.688918
0.755002
0.896569
-0.248974
-0.883788
0.100854
0.872618
-0.493117
1.23666
0.411983
-0.542892
-1.25564
1.71155
0.288207
-0.856831
-0.248911
-0.206336
-1.34356
1.26877
-0.733442
0.249443
-0.327181
1.1187
1.00442
-0.240936
0.939044
-2.20871
1.27082
-1.19472
0.38207
0.116524
-0.477286
-1.53786
0.876433
-0.41039
-0.082145
-0.630021
1.2122
-0.408211
-0.638887
-0.750754
0.93613
-0.787991
1.67093
-2.95373
-2.20267
2.4446
-0.781941
-0.187473
-0.0129245
-0.0404449
-1.89848
0.947668
1.297
-0.201667
-0.51072
-1.54647
0.190785
-1.33878
0.659772
-0.356849
0.297615
1.13154
0.45005
-0.582529
0.603935
-1.02276
-1.50203
0.0101805
-0.253832
0.587955
-0.767942
0.214737
-1.38281
0.198417
-1.30237
1.25737
0.0424392
-1.53202
-1.05965
1.15707
-1.09055
0.598957
0.0595679
1.19066
-0.0392096
-0.0778507
-0.749871
-0.862686
0.40882
-1.72132
-0.817977
-0.405313
0.83293
0.293585
0.639587
-1.02326
-0.0616465
-0.488607
0.787662
0.358894
-0.0291436
-0.894242
-0.0163692
1.277
-0.0872152
0.677819
0.93379
-0.179366
-0.235154
-1.31746
0.203417
-1.20556
-1.24066
-0.579187
-0.10925
-1.18082
-0.939018
-2.35645
-1.29824
0.430935
-2.15446
-1.23478
1.42733
0.490303
-0.788574
2.18594
-0.146512
-1.10064
0.276187
-0.534654
0.409843
2.14503
1.55098
-1.1583
-0.441198
-0.647506
-0.722519
0.516848
-0.957093
-0.242794
0.690849
-1.14733
-0.529392
-0.992614
0.855996
0.846765
-0.353227
0.746271
1.07243
0.216125
1.15121
1.04261
0.807857
0.347663
-0.724441
-0.117753
2.30909
-0.28372
0.518557
1.65921
-1.28399
-0.182093
1.71681
-0.964087
0.0975713
1.12153
-0.955107
-0.698666
-0.527581
-2.581
-0.864309
1.35224
-0.480258
1.40964
-0.269431
0.715097
-0.749234
1.6543
1.31039
-0.0049284
-0.470487
-1.48829
-0.750714
-0.635525
0.437825
1.47675
-1.29491
-0.146492
-0.541171
-0.261479
0.594254
1.21217
-0.494588
0.187577
-0.67531
1.08026
0.0319924
0.519316
-1.2328
-0.524405
0.612738
-0.0341101
0.227754
-0.787821
0.69615
2.17678
1.77154
-1.26091
0.267985
-0.520598
-0.863497
1.0937
-0.436034
-1.59789
0.102167
-0.197269
-1.34828
-0.137328
-2.33387
-0.467041
1.43935
-0.423396
-0.142392
0.372485
0.557113
-1.29016
0.582562
1.2385
0.365545
0.678804
-0.333069
0.204899
0.436808
0.0971799
1.12491
0.576827
-0.825774
0.74685
1.75242
0.472393
-1.44579
1.42769
-0.00972642
-1.47782
0.532169
-0.237477
-0.105063
1.25167
2.27821
-1.58327
1.32493
-1.30159
-0.775898
-0.070439
0.037222
-0.347285
-0.451152
-0.0996005
0.564387
-1.55467
1.1933
-2.19902
0.260564
0.980793
-1.74693
-0.346441
1.75118
-0.981627
-0.400823
-2.45768
-0.0945629
0.314007
-0.297044
-0.235171
1.14416
0.524009
1.8761
0.174846
-1.21386
-1.14729
1.10928
2.43336
-1.42302
-0.818202
-1.42218
-0.870255
-0.604974
0.341811
-0.334334
0.513439
0.167449
0.625986
-0.426938
-2.03956
0.933494
-1.32194
-0.701117
1.5929
0.953008
-0.984254
0.0362311
0.301603
0.775497
0.63017
-0.500925
-0.199689
-0.080045
0.720149
-0.197718
1.27876
0.757816
-1.56456
0.191188
0.26033
-1.23794
1.50725
0.671456
-1.30425
0.774693
-0.165689
-0.202558
-1.27815
-0.741454
0.320523
0.256033
-0.110898
-1.05811
0.768306
1.2718
-1.58947
-1.23067
-0.207081
1.47348
0.0703563
-0.152981
1.58669
1.13176
-0.0425732
-0.785352
0.182803
0.981134
-0.344591
2.06387
0.804654
1.67249
-0.380182
-1.34394
0.31438
0.54253
1.66648
-0.848152
0.603926
-1.52051
0.150534
-0.706014
-0.425111
-0.666675
0.992279
-0.472456
-1.40014
0.136241
0.134559
-0.597898
0.455843
-1.28842
1.47981
1.02012
-1.76763
-0.962781
-1.41895
-1.06418
-0.278407
-0.475449
-1.2139
-0.142553
-0.290524
0.554938
-1.16229
0.661582
0.0551141
0.445643
0.930177
-0.574044
0.568386
-0.0641069
-0.0413554
0.205911
0.0579145
-0.022737
1.01113
-0.164807
1.50757
-1.66863
-0.707651
0.903234
0.71748
-1.98873
0.0692223
-0.352315
-0.470717
-0.511644
0.224007
0.600157
0.582667
-0.64708
0.401081
1.47333
-1.08444
1.13676
-1.32708
-0.0444977
1.20503
-0.811762
-1.00611
0.961001
0.677875
-0.685828
-1.1948
-1.30931
0.639735
2.3495
-2.46345
0.781677
-0.934876
-0.192646
1.69103
1.84986
-0.175337
1.57478
-1.64931
-0.225968
0.507198
1.23877
0.846443
0.2403
0.517173
0.771519
0.746481
-1.82308
-0.0926846
0.764866
-0.00944144
0.761693
1.71794
-0.488977
-0.732739
1.06737
0.633235
0.184714
0.104821
-1.11883
-0.379289
0.371878
-0.318433
-0.611616
0.254428
0.314692
1.3079
0.311385
-1.12629
-1.56782
0.926211
1.00301
0.831234
-0.20684
-0.516572
0.597777
1.11176
0.305766
0.963406
0.624465
-0.965969
1.03295
-0.612455
0.134588
0.577334
0.374271
1.24441
-1.91242
0.740575
-1.16658
-0.371955
1.42048
-1.11471
0.413678
-0.361613
0.587353
0.0187271
-1.32525
-0.818286
0.555172
-1.5727
-0.496093
-0.269372
0.88282
0.625995
-0.591756
-0.0288011
-2.10746
-2.66973
0.108016
1.50581
1.32286
0.14546
0.169427
-1.10417
1.39229
0.0258628
1.23802
1.40222
0.592891
1.81305
-0.844772
-0.0254311
1.11298
-1.10957
-1.14441
0.379243
1.69615
-0.420572
1.44205
0.552807
-0.946076
1.18592
0.127955
-1.2831
1.88654
-0.0339395
-0.39548
-0.807185
-0.301277
-0.175893
-0.581705
-0.30338
0.156224
2.50469
-0.109986
0.870373
1.42316
-0.117797
0.304762
0.508061
1.07008
-0.312556
-1.11823
0.958038
0.681419
1.06182
1.49427
1.32994
1.03314
-0.618794
-1.76101
2.00544
-0.741921
0.623464
1.58873
-0.262963
0.442156
-0.136923
0.0748193
-0.879815
0.302977
0.989429
1.9598
1.30071
0.126397
-0.282514
-0.672536
-0.199574
1.68937
-0.120043
1.00757
1.02385
-0.928113
-1.24224
-1.83459
-2.20066
-0.208435
1.05822
-1.51184
0.104332
-0.61942
-1.3571
-0.190748
1.20726
0.620783
1.20657
1.45422
0.710055
-0.0464109
0.315548
-3.32525
1.12241
0.955221
0.622766
0.373572
0.051403
-0.566666
0.889691
-1.68857
0.298164
0.405997
-0.0899936
0.780567
0.668055
-0.523971
-1.78562
-1.48862
1.36089
-1.96464
-1.46462
-0.593414
-1.56458
0.316866
-0.574751
0.730662
1.08888
0.222856
-1.48778
-0.72329
0.372936
-0.453602
0.725104
0.414261
1.99756
0.758222
-2.21366
0.69312
-0.442689
0.81783
0.254626
1.71386
0.525697
-0.0367051
0.590105
-0.0810061
0.0343065
-0.00223313
0.834651
1.53363
-0.118813
0.813102
-0.0214161
-1.14032
-0.906998
-0.0200988
1.40795
-0.280154
0.465506
-1.56875
0.911653
1.13319
0.621089
-0.851025
-0.530622
-1.35456
-1.03727
1.79736
-0.370997
-0.256844
0.694998
0.264216
-0.0453174
-0.649073
-0.787428
2.00883
-0.124375
-1.6784
-0.530668
-1.2513
-0.185894
-1.0654
0.0330925
-0.782215
-0.500672
1.57879
-1.14543
-0.791833
-1.08596
-0.0289075
-0.545355
-0.263078
-0.314913
-0.989059
0.209137
1.06768
-0.405891
-0.678583
-0.491
0.590322
-0.7341
0.562787
1.39566
-0.234777
-0.246825
0.371764
1.07422
0.204513
0.253334
0.785514
0.703203
0.155608
0.638359
-0.919399
1.43755
0.886701
0.382616
-2.41968
-1.62779
1.02515
-0.126275
0.949264
-0.718071
-1.53443
-1.03229
-0.525921
0.1902
-0.162149
1.71524
-0.459274
0.218605
1.362
-1.44193
0.284323
0.237404
2.03344
0.393442
1.69122
-0.205073
-0.217502
-0.00109789
2.03845
-0.641115
0.0921397
-0.742201
-0.311358
0.64117
0.824956
0.979016
-0.579007
0.920396
-1.92016
-1.23294
0.202303
1.46737
1.573
-1.023
0.93954
-0.16342
-0.55178
-0.792379
-0.833179
-1.20956
0.83301
0.567817
-0.992711
0.943706
1.07259
-1.39054
-0.999254
1.79027
0.25327
0.177669
0.509685
-0.54444
-0.924965
-2.26423
1.05552
-0.596559
-3.02318
-0.956187
-0.747591
1.54819
-0.38265
-0.267021
1.30003
0.358483
0.52282
0.384433
0.26421
-1.2807
0.602115
-1.78514
-0.08839
0.717118
-0.374195
1.5281
-1.46744
0.71475
-0.117721
0.448631
-1.02419
0.78598
1.68865
-0.677854
0.310636
0.0503389
-0.553438
-2.27929
1.15649
1.63815
1.89658
0.0425245
-0.684126
-1.39809
0.936045
0.418052
0.842281
0.819725
-0.216944
1.31679
-0.96685
1.04358
-1.1171
-1.25861
0.357178
-0.154564
0.0369326
0.804003
-2.22696
1.40294
0.304693
-0.569003
0.267855
0.0741029
-0.578317
-0.420969
0.28121
0.081201
0.0604901
-0.911705
-1.10567
-2.17834
-0.187392
0.867885
-0.101075
1.66673
0.172721
1.93345
-0.217106
-0.0502199
-0.322131
-1.01493
-0.366837
0.543048
-0.978975
-0.142457
1.6003
-2.01184
-0.5081
1.35679
-3.08681
-0.747832
0.0117628
1.13756
1.84261
-1.54229
-0.683317
-0.0471437
0.0663907
0.175036
1.10879
-0.620477
0.802896
-0.532915
-0.0323327
-0.376496
-0.252711
-0.00284602
-0.294104
-1.27754
-1.7489
2.05506
-0.651665
-0.777827
0.301045
1.38787
-0.215323
0.854959
-0.314233
-0.522156
0.142336
-0.556944
-0.41226
1.95651
0.447659
0.280038
0.794425
0.0092852
-0.687126
-0.859987
-1.05184
2.71488
-1.57472
-0.310154
0.092475
0.331823
0.868522
0.738223
-0.932235
-0.407032
1.7799
-0.196623
0.264328
-0.208919
0.0567188
0.182308
0.56001
-0.688928
0.383387
0.0778636
1.87688
-0.491256
-0.0999849
-0.701185
0.180587
0.767287
-0.296578
0.365244
1.46555
0.803623
0.449926
1.00061
-0.478229
-0.178051
-0.583763
1.23376
-0.360243
1.55674
-0.14373
-0.546014
1.09995
-0.610521
0.0950891
0.111253
-0.674579
-0.466428
0.131918
-0.709248
-0.620724
1.70084
0.614708
0.73163
0.495171
-0.716084
0.346146
0.536118
-1.18351
-0.819055
0.77771
0.83054
-0.0420674
-0.460628
0.554727
0.191416
-1.22388
0.667751
-1.21323
-1.20569
-0.52137
-1.75401
-1.05405
0.529121
0.376065
-0.499291
0.987487
-1.31806
0.240814
-1.00978
-1.96242
1.11772
1.28653
0.241498
0.104532
-1.44566
0.000222001
-1.43241
1.87054
0.310881
0.251359
0.268022
-0.756111
0.952707
0.265579
0.339442
0.341579
-0.62443
-1.78469
0.0396807
-1.27605
2.77456
-2.50454
0.45801
-0.320906
-0.752775
0.839369
-0.372893
0.344565
0.0728035
-1.36548
-0.734527
0.493342
-0.703935
-1.4217
0.3595
0.40762
0.697607
-0.155397
0.626564
0.45584
-0.417895
-0.618926
-0.0746109
0.956199
-1.3385
0.642965
-1.02035
0.450905
-1.26186
-0.674536
-1.43199
-0.527842
0.280288
-0.469034
0.939803
1.12014
-0.92886
0.356865
-1.75353
0.563427
0.621964
1.30888
-0.977822
-0.752652
0.0535666
-0.738412
-0.00250957
0.413654
-0.776259
-0.371822
-0.810554
-0.533158
0.478248
-0.357929
-1.78844
1.17537
-0.00443154
-0.305521
-1.35689
0.183791
-2.4195
-0.360701
-1.46059
-0.177052
-1.69582
-0.183301
0.495459
-1.32078
-0.56636
-0.00644445
-1.88273
-0.122535
0.636301
1.40866
-0.452151
-0.315892
-0.11832
-0.489815
-1.2809
-1.59619
0.872474
-0.945969
0.711492
-0.233717
-0.0203424
0.177804
-0.39531
0.726456
-0.826386
-0.546797
-0.0743673
-1.03719
0.651403
-0.0998408
-0.115778
0.76177
-1.13992
-1.50311
-0.996575
0.094483
0.0699058
1.01081
-1.2675
0.937933
2.6352
0.823904
-0.469517
-1.52114
-0.54141
-1.02342
-0.211877
0.31098
-0.481696
0.488987
0.592082
0.583426
1.29738
-0.934172
0.275697
-0.507549
-0.589312
0.604061
-0.487101
1.15349
0.572609
0.320881
-0.39773
-0.0443055
-0.103331
1.61665
-2.01947
0.21504
0.667624
1.08215
-0.205547
0.42856
-0.594477
0.752044
0.0789571
1.22383
-0.534911
-0.566758
-0.185201
0.613068
-1.31276
1.20323
0.340676
1.74506
1.24614
-1.10891
-0.975694
-0.0136786
-0.460515
-0.163522
-0.0303988
0.477911
1.77451
-0.281354
2.36153
-0.313299
0.00824928
0.954767
1.21334
-0.316691
-0.42969
0.405463
0.0896469
-0.161694
0.544879
0.137334
-0.254991
0.217822
-0.823352
0.513973
-0.421684
-0.579204
0.207544
-0.226897
-0.632688
-0.187522
1.0687
-1.11433
0.328881
0.79908
-0.703734
0.909977
-0.429914
2.61795
-0.216681
-1.33667
-0.350258
0.638676
-0.814141
0.555827
0.665019
-0.350297
-1.30644
0.245954
-0.365607
-1.27986
-1.18962
-1.17946
-2.07164
1.78496
-0.649391
1.22628
0.577017
1.90654
0.803546
2.02536
0.655641
-1.28644
0.466356
-1.04325
0.777732
0.913763
-0.541243
0.031044
-2.15851
0.448282
-0.444711
1.66805
-0.307356
-1.49766
-0.60085
-0.0429237
0.812437
-0.953543
0.677846
-0.344115
-1.43187
0.215285
-0.231449
0.0386888
0.988988
-0.0577484
-0.185917
-1.48276
-0.844277
0.577512
-0.904596
-0.418606
-0.650811
1.26369
-1.07026
-0.810112
2.58169
1.4704
-1.1423
-0.565214
-0.866768
0.775695
1.11831
-0.958535
2.43491
1.00049
-0.390593
-0.652945
0.281793
0.0196878
-0.640204
0.664284
0.0195132
-2.04579
2.45685
0.773132
0.703035
2.21336
1.33534
0.774012
2.10338
-0.325589
-0.395649
0.809858
0.309474
0.878963
0.690475
0.298981
-1.30478
0.311162
1.04927
0.767109
-0.276066
-1.21642
-0.465649
-0.00835822
-0.255851
0.314543
0.243284
-0.952665
0.348978
1.69908
2.77573
-0.267191
-0.995273
0.542468
0.0602237
0.392941
0.124884
-0.4607
-0.801018
-1.36654
0.70087
0.114279
-1.81202
-0.934679
0.583206
0.528348
-2.09222
0.18742
-0.123537
-1.18385
0.338478
0.449467
0.884685
-0.868292
-1.49004
0.802055
-1.05972
0.223537
-0.417692
0.306113
0.639262
1.92585
-0.793198
-0.708713
1.34745
1.63828
-1.00027
-0.719224
1.0624
-0.496539
-0.080653
0.464234
1.16045
-0.875337
1.0066
2.18671
-0.146342
1.60974
1.86838
2.17787
0.579344
-1.18088
-0.65558
-0.517005
-1.96038
-0.364648
-1.22974
1.10938
1.22538
-0.824748
1.52985
-3.07925
0.778137
0.117444
2.44277
0.582077
0.85306
-1.5582
1.07272
-0.208776
0.0573054
-0.807419
1.34427
-1.22933
-0.893944
-0.596873
-0.428454
0.309631
1.24504
-0.00314715
0.277472
0.410747
-1.27817
-0.524045
-0.412682
1.47797
-0.331568
0.666051
1.17419
1.31318
1.76457
-1.52623
0.940328
-1.50995
0.661312
-0.999483
-0.435077
0.341948
-1.58648
0.240204
0.0326307
-0.885418
-2.12054
0.758075
0.473723
-0.197123
-0.295225
0.268079
-0.760256
0.667894
-1.08369
1.71664
-0.102715
2.53077
1.91544
-1.18437
1.96047
0.972664
0.509224
0.971732
0.949109
-0.750012
-0.0571777
0.608976
-1.5336
0.0665217
-0.199442
-0.76505
1.3855
0.0419517
1.83333
0.881209
-0.843358
-0.740328
-0.138832
0.933824
0.260502
-1.67858
0.881078
-0.260734
-1.45921
2.45298
-0.276549
0.168133
0.289098
1.04105
0.6277
-0.0842266
-0.124527
0.858498
-0.0496737
-0.179355
-2.578
1.29128
1.48326
-0.712245
-0.282917
-0.364361
0.119854
0.420995
0.823549
-0.613828
0.230267
-1.26554
-1.32829
0.396931
1.34739
0.414497
-1.03028
0.372802
0.203221
-1.8148
-0.0923124
-0.584069
1.0201
-0.405925
-0.846334
0.658204
-1.18919
2.0923
0.978195
-0.985413
-1.32883
1.02222
-1.07875
-0.414506
-0.199211
0.524998
0.318461
-0.0265617
0.88373
0.752369
1.36665
1.01011
-1.64627
-0.159979
0.169287
1.07556
2.51811
0.558824
0.206806
-0.358896
-0.172987
-1.26877
-0.100087
0.675737
-0.258668
0.579517
0.377275
-0.548791
0.0278976
-1.69369
-0.225544
-0.476069
1.01559
1.12571
1.86908
0.821876
0.594636
-1.85719
0.878758
0.139136
0.283185
0.332311
-0.773973
-0.300356
-1.75887
0.0147664
-0.204172
-1.96344
-0.449724
0.0960817
-1.42875
0.353051
0.356551
-1.4137
-0.0165233
0.53395
-2.42378
0.497729
-0.00405932
-1.5506
0.440148
-1.71528
-0.436315
0.665152
-0.814247
0.160753
0.278104
0.0191514
0.641528
0.00805131
0.608631
1.48999
-0.224803
-2.50128
-0.138669
-0.283146
-0.409628
1.82575
0.931939
1.25077
0.891045
1.56625
-0.576357
0.877203
-0.886455
1.10789
-1.2632
-1.89345
-0.702676
-1.80562
-0.437842
1.52991
-1.18654
-0.61041
0.609055
0.671081
1.6229
0.796534
1.22802
-0.971887
0.387482
-0.481496
0.280737
-1.62525
-1.01601
0.133315
0.551861
-0.566745
-1.28567
0.814803
-0.558094
-0.348791
-0.220662
-0.424819
0.094232
-0.7748
2.86971
-0.425164
0.928985
1.30718
-0.667858
-0.620371
-0.192173
0.530747
-0.306178
-0.84235
-0.0125042
-0.685224
-0.914711
0.0423269
1.22952
-0.5538
-0.699395
0.596987
1.73273
0.0706895
1.08121
0.785817
0.988095
-0.505025
-0.0916476
1.11632
0.102109
0.77677
0.615295
-0.672175
0.800952
-0.168169
1.37771
0.257159
0.312197
1.71507
0.999614
-1.63656
0.405417
-1.74924
0.246014
0.642694
0.775352
0.212896
-0.577381
0.775562
0.0778032
-1.51076
-0.770913
-0.612454
0.55744
0.773756
1.49881
-1.51312
1.2514
1.8676
0.644354
-0.439525
-1.06143
-0.535204
-0.115611
-1.31521
-0.189593
0.809648
0.766668
0.489808
-2.11115
0.472547
0.28233
0.990153
0.0948465
-0.160861
0.747783
1.25528
-0.865446
1.0391
-1.42976
-0.25351
-0.0551185
-0.0183065
-1.63433
1.47055
2.14786
-0.798264
-0.777439
-0.472638
0.134478
0.161726
-0.389216
-0.124202
-1.61014
0.0848387
-0.939487
-0.046927
-0.30062
0.898091
-0.241227
-0.492362
-0.579524
-0.798805
0.554253
0.34663
-0.354887
-1.10098
-0.726526
-1.99136
1.57437
-0.4058
1.30453
-1.59618
0.620856
-1.74837
1.22451
-0.683453
0.815121
-0.977017
-0.170701
-0.0282539
1.98318
1.44629
-1.14719
-0.389257
-0.103757
-0.196626
-0.886294
1.49868
0.205716
1.17233
0.459862
0.0235967
-0.19338
-0.430025
-0.0262738
0.471079
0.0234107
0.0610044
0.20425
-0.198557
-1.54755
1.90293
0.239661
1.26912
0.105445
-0.515229
1.31572
-0.107992
-1.21038
0.698417
0.850002
-2.00234
0.449063
-0.63074
1.7129
1.64457
-1.9278
-0.440772
0.846148
0.253079
-1.11429
-0.588123
0.441985
0.0221725
-1.73516
-0.863367
-0.516802
0.258749
-0.0319049
1.35718
-1.24976
0.177934
0.639334
0.387801
1.06934
-1.68376
0.302018
0.634155
0.843837
0.2487
-0.871153
1.74282
0.474095
1.01331
0.515315
0.453064
1.46707
-0.0641409
-0.625069
-0.11528
-0.285406
-0.979504
0.787176
3.45182
0.151307
0.576627
-1.58497
1.73037
0.743619
1.7009
-1.17493
0.146608
-0.760921
-0.205181
0.360194
1.40566
0.393203
0.23923
-0.890442
-1.73298
1.07185
-0.0271407
-0.39517
-0.39984
-1.60291
-0.742314
-1.17812
1.66598
-0.775691
1.53047
1.50126
0.151313
-0.219529
0.107197
0.786984
-1.61788
-1.25754
-0.359449
-0.189705
-0.0720177
0.42493
0.462409
0.525614
-0.205476
-0.69267
1.20469
0.124195
0.427433
-0.343039
0.0879582
-0.152069
-1.17037
-0.343491
-0.991226
1.09062
1.91575
-1.0223
-0.718093
-0.670933
-0.0145535
-1.05819
0.683697
0.406691
-1.8205
0.621789
-0.875477
-0.563076
0.420714
-1.13166
0.340494
0.734842
0.256015
-0.673537
-0.728854
2.18466
-2.24888
-0.29593
0.720834
-1.29333
-0.411086
0.505889
0.951213
-1.55247
0.432381
-1.66238
0.392618
1.00334
-0.588219
-1.31386
1.1855
-1.58269
-1.19331
1.03323
-0.184072
0.618508
-0.294086
0.123156
0.184954
0.064359
0.265122
-0.216679
-0.63125
0.709006
-0.21051
2.7127
-1.80737
-1.22445
-0.0368989
-0.951954
0.275333
0.192307
0.446601
-0.177806
-0.129297
0.657695
0.3766
0.346829
0.191441
-2.02365
1.43615
-0.635731
0.397988
0.87883
-0.331461
-1.81958
0.474812
-0.332339
-0.682446
0.139583
-0.673016
-0.293197
0.962392
1.42196
1.33291
-1.15326
1.78803
0.83815
2.15082
-0.225364
0.550121
-0.419658
-1.64005
0.493923
-1.06152
0.831973
1.66137
-1.20482
-1.27412
-0.0968261
-2.51133
-0.847833
0.822909
0.127351
-1.46113
1.02178
0.178352
-0.0116893
-2.03241
0.0341371
0.500584
0.347513
0.612298
-1.74366
1.69314
0.206543
-0.523288
-1.53895
-2.3036
0.378925
0.531808
0.322965
0.591792
-0.305375
1.23091
-0.093942
-0.17038
0.203213
1.54742
0.277131
-0.0247971
0.158348
-1.27282
1.52057
-0.620377
-0.290751
-0.44839
-1.50664
-0.709606
0.437391
1.09467
1.10998
0.312425
-0.601694
0.736772
-0.125154
-0.56674
1.01359
-0.188082
-1.20622
-0.497636
-0.87802
1.65698
-1.30727
1.47912
-0.753684
0.375087
0.578454
1.29769
-0.375301
-2.77389
-0.13813
0.234763
-1.65713
0.852794
0.265464
-0.775631
-0.154775
-1.91021
-0.156006
0.390818
-1.1958
-0.0335175
0.533963
0.454667
0.00429217
-1.71661
0.19453
2.49352
-0.64323
0.747942
-0.996481
1.87586
0.681445
1.11232
-1.45206
0.120395
-2.46549
0.532826
-0.272825
1.90993
-1.65622
-2.12392
-0.543923
0.0122821
1.53174
0.948568
0.734378
0.565182
-2.11748
-0.975189
0.0905398
-2.25716
-0.201245
-0.513974
-0.959043
-0.469061
0.0420003
0.509449
-0.303037
-1.0566
0.235009
0.249516
0.182654
0.189998
-0.332172
-1.41873
1.35343
0.928926
-0.542504
-0.82429
-0.595083
-1.68553
-0.738221
0.338239
-1.35659
-1.58439
-0.333936
-1.39739
1.93789
0.739522
1.57276
-1.01642
0.425541
-1.09502
0.86421
1.82607
-0.566327
0.13205
0.2432
-0.797743
-1.36067
-1.06151
0.744752
0.866622
-1.2385
0.588119
1.03844
-0.40964
-0.0852228
0.571623
-1.04362
2.35252
1.75985
-1.07978
1.17122
1.7419
0.037078
0.796878
-2.64165
-0.553006
0.300874
-0.722231
0.608919
0.936405
-1.37238
-0.110127
-0.930411
0.601947
-1.22945
-0.0120019
0.467916
-0.715755
-1.15363
0.619003
-0.436553
-0.585127
-0.161591
1.1626
-1.41041
1.79262
-1.39276
0.878476
1.14072
-1.03913
-2.13794
-1.16481
-0.541202
0.0558255
-0.149525
-0.999328
-1.04743
0.990898
-0.45524
-1.48776
-1.59061
0.770636
-0.458614
0.454783
-0.603928
-0.420472
0.866989
-0.950508
-0.190535
1.38304
-1.14217
-0.184899
0.530232
-0.628345
-0.493531
1.58844
0.245019
0.434073
-0.692572
0.180254
-0.775123
-0.0656496
-0.573341
-0.0299787
-0.585178
-0.161362
2.09271
2.0489
-1.13758
1.02026
0.355563
-0.952651
-0.980357
0.200735
-0.524727
-0.696054
-0.9017
-1.68707
0.523103
-0.0884462
-1.43506
-0.0289401
-1.00212
-0.755742
-1.28178
-0.130697
-0.510175
0.682469
1.02234
1.017
-1.80115
0.113579
2.2531
-1.27291
-0.177434
-0.0721505
1.54149
2.46211
1.10072
0.773451
-1.49415
0.79352
0.423446
0.929231
1.94192
0.620933
-0.610966
1.61293
1.18746
-0.751844
0.644278
0.9174
0.309458
1.05083
0.351685
-1.94265
0.60482
0.547012
0.000560069
1.08302
-0.310501
-0.601056
-0.687631
0.576572
0.200503
0.0409122
1.06442
-0.164948
0.601437
-0.424737
0.468548
-0.0117475
0.161833
1.2926
-1.28281
-0.17992
-0.0684085
-0.0670585
0.202478
-1.24989
-0.442114
1.20475
0.556553
-0.0726796
1.20203
-0.101449
-1.54014
-1.36006
1.09784
1.14366
-0.389553
0.997521
1.65464
-1.03988
0.49646
3.34541
0.828932
1.56414
0.348073
-2.81386
0.159037
1.49225
1.53203
0.170142
-1.10259
-0.647235
2.11098
-1.03254
2.10414
0.61087
2.20943
-1.19972
0.644905
-2.89861
2.86621
-0.0434981
-0.688506
-1.52326
0.783413
-0.0846512
-0.898872
0.0898999
-0.644158
-0.958725
-0.777887
-0.574039
0.977724
0.288486
-0.112018
0.433012
1.28673
-0.136195
1.44769
-0.735764
0.164138
0.155424
2.54078
-1.4257
-0.885939
-1.05621
1.17935
0.819276
-0.665444
0.482278
0.73385
0.495326
0.326742
-1.2508
-0.615643
-0.00961837
-0.727908
0.56088
-0.0547213
0.92401
0.807459
1.4567
-0.827186
-0.991818
0.0661317
-0.358279
1.90404
0.799029
-0.0677508
0.287178
-2.28741
-1.80643
0.516824
-0.208552
-1.11999
-0.150211
-0.426704
-2.05274
0.0238647
-0.0403902
1.12115
0.11167
-0.751921
-0.595781
0.293508
0.667368
0.0647809
0.266244
0.517374
0.153293
0.0164224
-0.972487
0.9295
0.067451
0.668056
0.445067
0.40493
1.24084
0.623325
-0.685529
0.408154
-0.59007
0.617016
1.15623
-1.50252
-0.66998
1.50437
0.648324
0.282632
-1.6497
2.55973
1.40455
0.0380717
0.528731
0.896823
-0.779984
1.02734
0.907783
0.239725
0.742076
1.85889
-0.160243
-0.315637
1.16397
0.0368347
-1.35879
0.35449
-1.27907
0.706459
0.581058
0.254242
-0.250558
-0.580065
0.788855
0.193565
-1.01272
0.238337
1.38774
-0.477307
-1.97265
1.77468
0.291802
0.482104
-1.08306
1.32013
1.75936
0.226237
-1.28056
-0.68368
-0.113856
0.34209
-1.31936
0.361913
-2.04118
-0.744008
-0.418338
0.755329
1.52249
0.891893
-1.08472
2.34069
-0.135674
1.61996
1.11614
-0.102563
1.45308
-0.539275
-0.000650271
-0.347591
1.3244
0.606614
2.53581
-0.201654
-0.784942
0.370019
-0.105545
-1.32137
-0.606754
0.203697
-2.46441
-1.57279
-1.74478
-0.0518064
-0.151144
1.55753
-0.36159
0.575566
-1.09415
0.784746
-0.642528
-1.12214
0.327876
1.26345
0.0696731
1.28297
0.116429
0.0143668
-0.300838
0.753924
-0.366444
-1.26081
1.14604
1.43024
-0.476634
0.144903
0.876606
-0.782121
-1.4406
-0.775761
0.272088
-1.43764
-1.09182
0.0625328
1.65929
1.35459
-0.622021
0.607233
0.828184
-0.387325
0.698435
-1.24909
0.214769
-1.31328
-1.26292
0.781531
-0.461613
2.14311
0.919424
-1.58592
0.299469
-1.81798
1.6441
-1.00792
0.588668
-0.425543
-0.225663
2.74607
-0.915058
-1.31618
0.787748
-0.285228
-1.16862
-0.034204
-1.13432
0.051315
-0.992821
-0.431121
3.10732
-0.0163108
-2.18513
-0.228112
-0.344616
-0.655654
0.652776
-0.0771204
0.651431
-0.0546093
0.0128636
-0.645133
0.410231
1.46744
-0.47056
1.06283
0.816989
-1.07704
-0.689828
-0.0912314
0.719442
0.663654
2.14338
0.0289168
0.58315
-2.3616
1.19492
-2.5227
0.104131
-0.677572
-0.456096
-1.64291
0.498501
0.94891
-1.3606
0.759196
1.15564
0.068724
-0.789663
-0.384746
-0.573053
1.45993
1.09033
0.249757
2.19741
0.332325
0.828768
-1.58568
-2.09538
-1.23242
-0.229577
-1.33322
-0.723057
1.35321
0.227408
-0.570507
-1.12463
1.64058
-0.198681
0.0659422
0.409495
1.30951
0.138519
-1.38767
0.642984
1.44019
-0.00723152
-0.0538846
-0.251968
1.76223
1.15241
0.34961
0.630215
-0.256361
-0.231676
-0.0665064
1.82674
0.741335
-1.5154
-0.2351
-0.372365
-1.07821
0.818394
-1.28174
-0.474861
0.132775
-1.34356
-0.00638896
0.351412
-0.222273
0.545469
-0.826
0.657978
-0.445658
-1.94858
0.345028
-1.69878
1.58441
-1.32847
0.808604
-1.20775
0.526257
0.177296
1.26805
-0.645027
1.76673
0.121643
1.12366
0.399076
-1.31814
0.208434
0.416936
0.991398
0.151603
-0.420065
-0.607525
-0.066753
1.49083
0.206443
-0.360241
-1.26493
1.90331
0.193419
1.06473
-0.0513593
0.388763
0.257197
-0.277827
0.559012
-0.8884
-1.48018
-1.08723
-1.35567
-0.660226
-0.593081
-0.376255
1.38164
-0.239164
0.60591
-0.524443
-0.0953957
1.29198
-0.697815
0.801867
0.0988007
0.10141
-0.334534
1.25844
-1.40132
-1.10353
1.6187
-0.609337
1.23483
-2.61727
-0.578658
0.435285
-0.465164
-0.625312
0.0559497
-1.02904
0.393765
0.898375
1.34922
-0.0282337
-1.2796
-1.28455
1.14465
1.34638
-1.67819
-0.691017
0.915893
-0.142342
1.97394
-0.400473
-0.202225
-1.58621
0.924529
-0.89699
-1.86903
0.0126723
-1.37564
0.183561
0.405739
-0.88438
-0.422621
-1.38953
-1.23564
-1.13171
-0.91489
0.310343
1.45674
-0.3765
-0.357299
0.378225
0.546593
0.0197838
0.561016
0.099
0.309636
0.341282
0.360996
-0.672083
0.811927
-1.0697
0.582444
0.606533
0.307787
-0.423096
1.66258
-0.948387
-0.657054
0.14451
1.01566
-0.279075
0.427939
-1.1367
-0.274579
-0.659711
-0.13505
-1.9542
0.330253
-2.80829
0.69986
-0.97978
0.377978
-0.685239
1.14291
-0.382763
0.687464
1.54961
-0.413931
0.779322
-1.75994
0.864848
-1.32393
-0.759028
-1.81777
0.0835617
0.0856468
-0.203835
-0.798778
-1.2349
-0.0637662
-0.735122
-0.799993
-0.230829
0.482925
0.81107
1.1134
-0.383938
0.137612
-0.862446
1.01285
2.26953
-0.720034
-1.0214
-1.00611
0.486325
-1.47153
0.164703
-0.292133
-1.97484
-0.0640718
0.125977
-0.483579
-0.972066
0.49964
-0.373146
-1.34844
0.469768
-0.259232
1.81738
0.303581
-1.13161
-0.54038
-0.237751
-0.53725
0.354253
-0.286998
-0.914462
-0.967809
-0.0257653
-1.29735
-0.00815281
-1.5167
-0.0964142
-1.22109
0.671314
-0.799901
0.525091
0.211909
0.481742
-0.130545
0.316295
-0.050107
-0.794327
-0.438367
-1.52755
-1.61462
-0.751526
0.500213
-1.26273
0.349084
0.251591
0.249408
-1.34533
1.63651
0.662759
0.0684592
-0.841776
0.856161
0.995551
1.06186
-0.666536
0.475441
-0.235031
0.585556
-1.29446
1.57293
0.920487
0.16661
-0.972811
-0.296246
0.516921
0.773087
-0.396691
-1.72115
1.23576
-0.0311963
1.26016
-1.25114
-0.130862
0.189952
1.41162
0.65174
0.957611
1.14359
0.570084
-3.0213
-0.639508
-0.697078
0.262557
1.27893
-0.499983
-0.240827
-0.317397
2.0102
-1.41376
0.557431
-0.42743
-0.544025
0.602347
0.250148
0.34141
-1.12592
0.949327
0.207821
0.308827
0.0407474
-1.8181
-0.90735
-1.35965
2.08525
-1.31425
0.35387
-0.759963
-0.00116501
1.81898
-0.573735
-0.236879
-1.45932
-0.521816
0.423261
-0.0124733
1.80202
0.0844084
-2.4282
-1.06654
-1.1462
-0.84738
0.382862
1.66851
0.00694288
-0.798276
-1.03028
2.06367
-0.257884
-0.827122
-2.09891
-0.469315
1.80535
0.737264
-2.08235
0.300183
-0.343735
1.17743
-0.0675775
-0.703066
1.2726
0.264571
1.01102
-0.160155
1.38051
0.374356
1.99394
1.41939
-0.334679
0.407879
0.525161
-1.16254
0.408012
-2.11923
1.07708
-0.444666
0.84667
-1.51192
1.52652
0.979936
0.453715
1.56459
0.514868
0.249091
0.438604
0.60541
1.60112
-0.920236
2.17072
-0.849724
-1.46233
0.157096
-0.183343
-0.86341
0.094937
-0.707815
-3.27286
1.07322
-1.52713
-0.254948
-0.372526
1.49109
0.901022
-1.48951
0.405977
-1.92487
-0.338862
0.386491
-0.344287
1.20865
-0.373975
0.968265
-1.34795
0.305357
1.2653
-1.17155
2.22068
-0.424194
0.180425
0.0150186
1.12904
-0.0569775
1.004
0.0446817
1.70431
0.7239
0.560927
0.0409373
1.43297
0.442027
1.20338
-0.15758
-1.07058
0.467971
0.955879
0.509727
-1.77835
-0.897944
-0.387489
-0.974706
0.108691
-0.63923
0.764277
-0.588299
-1.04481
0.619615
-0.0677953
2.51943
-0.86075
-0.0351187
0.613855
-0.308177
-1.69829
-1.80835
0.0218746
0.900146
-1.14813
0.627249
0.99403
-2.25365
1.47594
-1.05697
-0.480956
-0.164647
0.21938
-0.921738
-0.79356
-2.80436
-1.0014
0.891857
-1.38871
0.727418
-1.12223
-2.29069
0.129497
0.201487
0.119635
-0.0846774
0.717019
-1.17575
0.0141694
0.0575034
0.20286
-2.1122
-0.0282902
-0.903449
-0.709893
-0.0225954
-0.960981
-2.16158
0.4988
0.398718
-0.459637
0.694624
-1.5588
-0.371985
-1.38349
-0.276452
-0.588347
1.44639
1.98492
-0.105105
-0.46278
0.529093
-0.251765
-1.97445
0.193746
-0.0171165
0.414891
1.16096
1.55167
0.756099
-1.27196
-1.63926
-0.593145
2.00437
-0.302515
0.799375
-0.204082
1.49396
0.437139
-0.165548
0.237642
-0.689115
-1.35626
0.162843
-0.457845
0.629742
-1.72588
0.910396
-1.82283
-0.533818
1.25146
-0.92246
1.00639
0.397922
1.19658
1.12921
0.316596
-0.626859
1.04083
-0.150648
0.468341
-0.0440355
-1.25242
0.541939
0.821593
1.05451
-1.89797
-1.4866
-0.0388482
-0.82285
0.490532
-0.00854433
0.550827
-1.02143
-0.11195
0.216786
-0.47558
0.486306
0.562497
-0.968305
-0.106323
-1.9826
0.579062
-2.05063
2.82327
1.01521
0.386576
2.95341
-0.338357
1.38822
-1.29602
0.760251
0.650597
0.855047
0.289367
-0.122568
-1.21301
0.361608
-1.82089
0.525382
0.825695
-1.23127
0.304024
0.445658
0.654313
0.748966
0.54379
-0.685469
-1.02883
-0.709665
0.74953
-0.832252
-0.403765
-1.11199
-0.0253105
1.0208
-0.0241649
-0.219434
0.148345
-1.08062
-0.452248
0.799122
-0.657355
-0.330712
1.09746
-1.09417
1.13387
0.718112
-0.93369
0.0998562
-0.0528974
-0.478508
0.91955
-0.399201
0.424662
1.31007
-2.48738
-0.111804
0.312901
-0.54354
-0.650408
-0.816018
0.525379
0.0919065
0.066302
-0.836699
0.696162
-0.598762
1.14588
0.0553635
-0.744202
0.971745
0.77345
-0.698523
0.994603
-1.33769
0.5115
-0.821464
0.709629
0.782613
-0.144559
-0.054865
0.546509
-2.07271
-1.10853
-0.426628
-0.834531
1.03738
-0.946899
0.455307
-0.138638
-0.277465
-0.935693
2.1253
-0.427745
0.584224
-0.763229
0.875736
-0.613036
0.847715
0.439964
-0.873548
-0.275047
-0.0125854
1.27509
-0.0103728
0.298999
-2.31665
-1.42635
1.27869
0.4084
-0.205553
0.0509815
1.78666
0.410148
1.17611
1.12972
1.4972
0.874147
-1.56955
0.801453
0.125935
1.5058
0.518518
-1.65633
-0.932508
-1.68994
-0.65458
0.0270441
1.41942
0.52849
-0.110058
-0.457707
-1.25074
-0.892075
0.922247
-0.490525
1.53299
1.20591
-1.01573
0.038509
-2.04587
0.233787
-1.56244
0.945058
0.838991
-1.11562
-1.08182
0.0899202
-2.23807
-0.124948
-0.751716
-0.278131
-0.345502
-0.527022
0.193135
-0.761347
0.381166
-0.591948
0.69418
0.501286
-0.576793
-0.170885
-0.27653
0.276213
-1.20134
-0.337938
-1.73606
-0.919251
-0.151769
-1.77522
0.180242
0.701006
-1.39521
0.707545
0.96587
-1.56579
0.470907
0.715417
-0.50351
-0.342639
0.958431
1.41252
-0.49827
0.293101
-0.81141
-1.59581
0.73189
-0.703891
-2.07379
-0.0981368
1.94737
-0.502759
0.112051
-1.85055
0.225922
1.68204
1.35189
-1.55239
-1.81961
-0.719816
-1.35059
0.965332
0.832921
1.37696
-1.06271
-0.201016
0.653445
1.32076
0.0198769
-0.845945
0.979053
0.264169
-0.803737
0.609545
-0.0651372
-0.0262639
1.63994
0.232959
0.539238
-1.01706
0.0547594
-0.0552652
-0.259717
0.558389
0.756992
1.87816
0.98443
0.455314
0.387263
-0.453399
-0.876133
-0.190398
-0.783407
0.609509
-1.64885
0.787463
-0.197555
-0.370839
0.570396
0.5185
-0.432213
0.763613
-0.116455
0.659095
0.168458
-1.29449
0.0593371
-0.221636
0.471761
-1.05734
-0.912795
-0.018986
-0.377888
-0.216756
-0.125887
-1.65852
0.141771
-1.19151
1.1743
-1.11415
-0.428942
0.305439
-0.242903
1.3323
0.885392
0.000708094
0.237377
-0.967456
-1.41729
-0.513693
1.15409
0.910414
-0.0620332
-0.182003
-0.943966
-0.220594
-1.23165
0.241813
0.273303
-0.235135
-0.107156
-0.586623
1.33873
-1.38285
-0.923085
0.926501
0.365449
-0.363476
0.333644
-1.90117
0.921667
-0.219269
0.450457
-0.55311
-0.45113
-0.392535
-0.337517
0.407252
-0.0323202
1.34208
-0.786817
-1.54069
-0.57367
0.191274
0.598576
-0.370296
1.88865
-1.23638
0.683191
0.307058
-0.888058
-0.264358
0.0947922
-1.20645
-0.832311
-0.0817147
-0.282077
-1.08213
0.494722
-0.0835773
-1.73851
-0.813285
-0.837779
-2.0293
2.14418
-0.198047
1.22538
1.54783
0.491348
0.284579
0.0713166
-0.269346
-0.681308
0.811012
0.306913
2.51075
-0.872368
-0.0630956
-0.631541
-1.41216
-0.275171
0.459274
1.71502
-0.219647
0.703041
-0.329238
1.47392
1.37676
0.729797
-0.854677
0.36434
-0.915401
-1.43392
1.22104
0.139236
-0.698918
0.379239
0.495431
-0.023072
-0.993948
-0.731588
-0.285009
1.54279
-0.107001
0.501988
-0.0589482
0.5064
1.82132
-0.638141
-0.495412
1.69165
1.16129
-1.59321
0.667636
1.51875
1.09319
1.12588
0.892973
0.673149
-0.491328
-1.43802
0.110284
0.602561
1.34989
-0.340182
1.09466
0.840383
0.458445
-0.019331
-0.781582
-0.679844
-0.491264
-0.408184
-1.1771
-0.465215
-0.462011
1.28983
-0.0984755
-0.417253
0.416042
-0.904525
-0.0874087
-0.858659
0.644116
2.11445
0.759211
-0.745343
0.253386
1.46212
-1.57364
0.214577
-2.29191
-0.0463698
0.641435
0.938112
-0.0866687
0.56614
0.0539695
0.672183
-1.41805
-0.0128221
0.81794
-0.177642
-1.18561
0.533314
-1.05175
-0.927035
-0.188468
-1.33733
-1.98123
-0.778091
1.06543
1.64744
2.88484
-0.361084
-0.139871
0.529243
0.0117402
1.31238
-0.992285
-0.933079
-0.93393
0.0599283
-0.243543
-0.0343733
1.8083
-1.33849
0.287057
0.52077
-0.575906
-0.72596
0.176117
0.931539
-0.870288
0.897039
-1.09707
0.0222688
-1.2492
-0.499401
1.2941
-0.554724
0.604201
1.74876
0.234501
-0.954532
0.305987
0.746943
-0.949424
-1.18321
-0.164118
0.088729
-0.491948
-0.195818
-0.0209268
0.574119
2.003
0.118593
-0.356833
0.471391
-0.1726
1.31939
1.47713
0.578847
-0.674511
-0.853255
-0.826345
0.512224
0.429072
-0.972055
0.0720526
0.120155
-1.5399
-2.95127
-0.356787
-0.0295412
0.387809
-0.297902
-2.36792
0.935731
0.118097
0.628484
0.433452
0.30124
-1.2544
-0.0425328
0.561485
1.90316
-0.981771
0.437712
-1.80497
1.10837
-0.139438
-0.366371
-0.674306
2.5011
-0.869421
-0.825334
1.4166
-1.23165
2.17878
0.190073
-0.0510696
-2.69215
2.05317
0.098194
-0.906284
0.438389
1.36574
-0.789157
-0.15114
0.904223
-0.454462
0.383764
1.72489
-0.46022
0.887154
0.988197
-0.526868
1.54938
-1.22175
0.611906
-0.12881
0.314555
-0.435297
-0.907808
-1.21294
0.718123
-1.24854
1.16269
-0.342817
-1.28797
1.34764
0.983867
-1.10039
-1.49653
-0.276831
-1.76166
1.37585
0.438958
0.11463
-0.60454
-0.50794
-0.716765
0.309313
-1.41685
0.388512
0.506973
-1.03233
0.600288
-0.192242
0.317447
-0.977698
-0.020179
-1.28839
-1.22886
-0.417504
1.14585
0.607887
0.864222
-1.13348
1.08442
0.304189
0.141775
0.727072
-0.852829
0.208858
0.909551
-0.229611
-0.0079127
1.43411
-0.626515
-0.03247
0.717563
-0.139752
-1.35337
-1.34652
0.903137
0.0821699
-1.12108
0.249303
-0.0965838
-0.593378
0.239231
-0.210627
-1.25627
2.15685
-0.690931
0.627939
-0.495762
-0.376959
-0.315466
0.293681
-1.02352
1.28329
1.12337
-0.150246
0.765323
-1.22391
0.0139347
0.4601
-0.398373
-1.01373
-0.679658
-1.07166
-1.433
0.0542949
1.3123
-0.845913
1.08422
-0.384173
0.0576215
-0.25698
-1.59831
0.0934491
0.152583
0.442206
-1.21146
-0.393825
-0.962554
-0.588759
0.481186
0.333048
-1.78097
-0.423284
-0.159568
0.573315
-0.113406
-1.42959
-0.321979
-0.573984
-0.235938
-1.05082
-1.36722
1.17391
-1.67216
1.04568
0.139054
0.387398
-2.0133
-0.779843
-2.35119
-0.656713
-0.367737
0.0909657
1.24653
-1.35706
0.284002
3.49582
-1.266
0.215965
0.621226
1.31117
1.33178
-0.313482
0.867791
-0.184659
-0.63306
1.18537
-1.14332
-0.985443
0.299154
0.153632
0.268111
-0.620772
0.810773
-1.21099
-0.684929
0.0595733
-0.839717
-0.660564
-0.345831
0.565956
-0.415516
1.5546
-0.498746
-0.04242
-0.192233
-1.20786
0.127846
0.379802
-0.0436134
0.397867
0.11115
1.12373
-1.12258
0.376918
-0.967324
0.0289977
-0.00508884
0.234828
-1.75472
-0.136524
1.07755
-0.911038
-0.83798
-0.163928
0.592094
0.515365
-0.354929
1.72831
-1.99698
-0.31689
0.1155
0.160302
-1.84778
-0.657268
-1.06195
0.337185
0.625095
-0.189537
0.28711
0.040003
-1.75677
-1.49783
-0.987397
-0.465532
-0.687139
-1.655
-0.458048
-0.264274
0.220483
0.545836
1.42706
0.944168
1.15082
1.64852
-0.789437
2.47781
-0.108844
-1.5499
0.263399
-0.43324
0.313737
0.138647
0.324578
-1.25083
0.211885
1.31893
0.73406
0.142373
0.503332
1.6816
0.068366
-1.91097
-0.284753
-0.580957
-0.0786039
-0.780361
-1.62713
-0.337739
-0.56414
-0.165686
0.304104
0.318721
0.956008
-1.81292
0.329449
0.601602
-0.342321
-0.296051
-0.30312
1.3367
0.721161
-1.29831
0.78509
0.936084
-0.651854
1.40979
-0.737799
0.931257
-0.766623
0.625201
1.53841
-0.0947578
-1.06107
-0.569885
0.473211
-0.38619
-0.937823
-0.208264
-2.28741
-1.555
-1.00445
-0.0429783
0.526028
-0.339679
-1.43473
1.21809
-0.169899
1.29795
0.818754
2.67909
1.54615
1.88653
1.46677
-0.38646
-0.00585505
0.583734
1.43366
0.873466
-1.05078
0.321147
-0.00815746
0.190534
0.400483
-0.502513
0.0837968
-0.757378
-1.11061
0.147004
0.801323
-0.274293
0.0948475
1.83985
0.8238
0.434998
0.256506
1.14186
1.42704
0.168893
0.534567
-0.147532
0.159775
-0.222
-0.0843814
-1.10427
0.836803
0.3761
-0.209983
2.15158
-0.0415181
-0.039919
0.68466
0.721293
-1.633
-1.25212
-1.00427
0.570234
0.0240415
0.721559
1.29081
0.578207
-0.520284
-0.414351
0.964794
0.414775
1.64555
1.79209
-0.558619
-1.54971
-0.254649
-1.91446
-0.895108
0.770034
-0.738803
-1.10027
-0.886712
-1.58375
0.286513
0.187205
0.387657
-1.40706
3.0502
-0.762414
0.481024
1.33636
1.89728
-0.642937
-1.48228
-0.130179
0.0325561
-0.622598
-0.481469
0.154444
-1.78075
-2.16997
0.508406
0.219419
-0.0478138
-0.920722
-1.43543
-0.252989
0.205832
1.13223
-0.0516638
0.40987
0.2256
1.50599
0.312604
-0.890125
1.28212
-1.62163
0.524619
-0.131953
0.138046
0.477981
1.34728
0.585787
-1.12472
-0.14933
-0.707717
0.271697
0.336478
-0.36939
-0.568476
-0.121167
0.38
0.313558
-0.0774562
-0.517246
0.116817
0.719471
-0.206182
-0.225286
-0.0346584
-0.386792
-0.474568
0.875655
0.28458
0.0647968
-0.72998
-1.75055
-0.330781
-1.13193
0.105117
0.809392
0.63307
-1.27315
-0.483702
0.55963
-0.264312
0.712462
0.366123
0.399989
-0.00415535
-1.46605
0.644382
-0.883886
-0.458177
-0.52625
1.61397
-0.965286
0.225556
1.30819
1.33609
0.50602
0.0187204
-1.52604
0.992016
1.86993
0.300805
-0.724899
-0.790156
0.261955
-0.0779783
1.31226
-1.98873
-1.43855
1.32978
0.794513
-0.227633
0.0804947
-1.40299
-0.0450301
0.00725232
0.212926
-0.56536
2.11186
-0.933925
0.158081
-1.22752
-0.0296534
0.200538
2.18952
-1.99533
1.92512
-1.97299
2.15763
0.125545
-0.925802
-0.119145
0.258871
-0.571422
0.94186
0.0141353
0.889306
0.607709
0.81652
1.08419
-1.37162
1.41599
1.18552
-0.562475
0.0396076
-1.11035
0.560879
1.15167
-0.980983
0.223083
-0.463591
-0.590288
-1.63594
1.79249
0.784937
-0.835893
-0.219632
0.229924
-1.06819
-0.607291
0.0937945
0.985307
-0.260368
-1.95267
0.804146
0.465816
1.02978
-1.82848
0.587915
-0.0788627
1.26613
0.438737
0.478181
0.0997104
1.03429
0.684801
0.570577
0.414034
1.30434
-0.474721
0.429953
0.431459
-0.262884
0.190307
-0.456848
0.756086
0.52918
0.626376
-0.028664
1.41608
-1.26495
0.49238
-0.228944
-0.699523
-0.160319
1.06907
-0.0604047
-0.793817
0.896601
-1.32112
0.0860732
2.23664
-0.599618
-0.161068
1.11158
-0.00690234
-0.712963
0.299307
0.171263
-0.0892902
0.300342
0.586242
-0.198339
-1.97937
-1.54182
-3.18768
-1.17748
-1.55388
0.492892
0.190287
1.64765
1.64453
-0.239913
0.129621
-0.626234
0.762869
0.486011
0.607032
-0.00894747
1.28188
-0.359859
-0.339106
-0.162256
0.817451
-0.667596
0.465973
-0.504874
0.0358462
-1.12786
0.818345
0.702116
1.48591
0.793092
-0.138491
0.0132184
-0.816164
-1.32253
-0.300806
-0.0321628
-0.0834687
-0.687451
-0.417887
-0.443962
1.03177
-0.263799
-0.760461
1.55464
0.145535
1.32225
-1.1832
0.23403
-0.197135
0.489115
-0.334603
0.352728
0.800958
0.646517
-1.0099
1.08158
0.362355
-0.986323
-1.37891
-0.24305
-1.32594
0.054343
-0.792787
-0.808598
-0.363932
-0.344283
-0.843578
-0.466852
1.62786
-3.09492
1.23838
2.21435
-0.61629
-0.229499
-0.769232
-0.0310394
-0.741767
1.03659
1.00772
-0.806702
1.05726
1.18424
-0.289921
0.651076
-0.912913
0.33585
0.276526
-0.0842549
0.32623
-0.17662
0.46849
0.294825
-3.26316
0.0864773
0.189016
0.972761
1.67098
-1.74707
0.878597
-3.02265
0.753882
-0.0727903
1.62098
0.27177
1.16548
1.16971
0.235976
0.121968
-0.980291
-0.401811
0.129237
1.66451
0.422314
-1.25311
-0.612534
1.41111
-0.589782
-0.493844
-0.542278
0.790268
-1.03549
0.28996
0.532876
0.630279
-0.992782
-1.68206
-0.616901
-0.361189
1.47399
-1.28132
0.830889
-0.326534
2.07741
0.883823
2.04622
2.21848
-1.81521
-2.28982
0.479663
1.3059
-0.371035
-0.188261
-0.0507171
0.878579
-0.860724
-0.286249
-1.61439
0.324939
0.703967
0.449448
0.0485181
-0.505477
1.47577
0.833628
-0.0254172
-0.402287
1.02149
0.285737
-0.196613
-1.27729
-0.102489
-0.393707
-0.671883
0.743628
-0.197186
-0.526226
-0.523767
2.39075
-0.0511502
0.117652
0.166921
-1.07754
0.11996
-1.01102
-0.0221857
0.215994
-0.450539
-0.0749044
1.78933
-1.32538
0.936761
0.48099
-1.00227
-1.47137
0.0988417
-0.108447
0.0340236
-0.146378
-0.481144
0.203782
1.33028
-0.575518
-0.426682
0.742151
-1.2265
-1.81336
-0.969041
0.746078
0.0896479
0.792701
1.34432
0.978628
2.41741
0.127635
-0.420334
0.515823
0.308453
-1.39704
-0.257943
-1.24121
0.251581
-0.460527
0.0886647
0.0679452
-1.01772
-1.37999
0.167009
-0.646485
0.189491
1.94433
-1.69249
-1.13518
0.567258
-0.0466339
-1.61663
-0.320932
0.0560218
-0.936421
-0.567675
0.396736
0.609962
-0.282474
-0.540516
0.183694
-0.0116315
0.563813
0.592916
1.65698
-0.677949
-0.973495
1.48039
-0.880959
0.337043
-0.978842
0.448199
-1.2655
-0.259712
0.255286
-0.0289985
0.991219
-0.78891
-0.626771
0.268379
-0.0472477
1.52713
-1.43384
-0.144663
0.610103
1.34861
-0.527821
-1.69744
1.31862
-0.554128
0.694721
0.312044
1.21353
-1.32709
0.0929276
-0.642799
0.297205
0.990427
0.12733
0.161576
-0.284466
0.208688
-1.15967
-0.664461
0.47992
0.20825
1.59714
0.812727
1.0712
1.22856
-0.482617
0.969053
-0.868497
-0.44447
-0.293843
-0.611708
-0.578005
-0.215837
0.190017
-1.23161
-1.60886
-0.359135
0.157829
0.686909
-0.926541
0.442411
-0.510244
0.865693
-0.778854
0.767916
-0.419505
0.491401
2.10377
-1.91903
-1.23626
-2.98757
0.578584
0.857605
0.743293
-0.0712833
0.0867246
0.271067
-0.778355
1.09666
1.06891
-0.734403
-1.59112
0.688125
-0.116277
0.471859
-0.322678
-0.882251
-0.408509
-0.211344
-0.120678
0.752032
0.0515106
-1.29848
0.391659
1.77166
-0.578781
0.911941
-0.373283
0.728527
-1.0679
1.51109
-1.64232
-2.34663
-0.162523
0.52288
0.245603
-1.48521
-1.65453
-0.632433
-0.258495
0.916275
1.21409
0.299909
-1.89916
1.70114
-0.927274
-0.206382
-0.17072
-0.612165
-3.11192
-0.492471
-1.27544
0.204242
1.42312
-0.378639
0.198749
0.156453
-1.30096
0.0424017
0.110341
0.265369
-0.931466
0.364883
-1.40812
0.0374229
-1.51691
0.626417
0.520735
0.704829
0.571012
-0.0534813
-1.22678
-0.091163
-1.09665
0.23958
-0.298709
-0.804393
-0.0199993
0.56445
1.47361
-1.5461
-0.779758
0.355298
0.315775
0.121591
0.0759481
-1.02628
-1.39429
3.88289
0.462331
0.192367
-0.238754
0.08025
-0.987711
0.714298
1.55426
-0.168134
-0.120345
0.159696
-1.94203
-0.489259
1.58783
-1.03919
-0.0656663
0.522337
-0.49731
0.173291
-0.176731
-0.759378
0.442204
-0.187263
0.0975665
1.1497
0.610307
0.265546
-1.67316
0.62288
-0.595989
0.143689
-0.168959
-1.14788
-1.58591
-0.364822
-0.790313
1.78623
0.126849
0.475413
-0.345405
1.52621
-0.721044
0.522266
1.17839
-0.931117
-0.546816
-0.0451124
0.612924
-0.505525
-0.124486
-1.2902
0.354488
-0.20916
-0.667703
0.742176
-0.159656
2.18712
2.57716
1.00289
-0.113305
-0.862612
0.429069
0.768692
-0.783108
-1.32169
1.18422
-0.116189
0.858316
-1.15821
0.0915659
-0.346322
0.659084
0.589808
0.0733537
0.612511
-2.4205
-0.444199
-1.62692
-0.932783
0.761069
-0.0275566
1.31872
1.11659
1.70379
-0.357875
-0.639331
2.22243
0.893236
0.907471
-1.15583
0.429297
0.594424
0.877549
-1.32455
-1.42777
-0.633782
-1.42444
-1.62345
0.278775
0.291178
-1.20039
2.12172
-0.100509
-0.667152
0.357804
-1.06574
0.135171
-0.699991
-2.0774
0.186291
-0.786067
-0.0895338
-0.455149
-0.525491
1.00813
0.543507
0.173952
-1.26781
0.948449
-0.717524
-0.380858
0.272912
-0.917111
-1.68084
2.13527
-0.247386
0.0471665
-1.31108
-0.65951
1.70598
-0.206509
0.486331
-0.626889
0.913302
0.263604
-0.734871
1.82457
-0.97841
-0.412319
0.723487
-0.0571705
-0.0149657
-0.180706
1.11315
-1.34453
-0.112448
0.44253
0.689426
1.28146
1.01635
-0.682424
1.91199
1.21991
-0.710545
0.551389
-0.510425
0.386305
0.876295
-0.212082
-0.182792
-0.513618
-0.528109
-0.69398
-1.20224
2.47864
1.12801
1.13487
0.930362
0.613249
-0.350827
-1.78858
0.815707
-0.552544
-0.525388
-2.29357
0.390445
1.31368
0.172274
1.38218
-0.768827
1.55754
0.703072
0.560216
0.0353602
-0.810563
-1.80208
-0.970626
0.510802
-1.40806
0.251455
0.306982
-0.293521
-1.38623
-0.701846
-1.36448
-0.522948
1.77768
-0.609376
0.256507
0.65804
-1.25125
-0.418107
0.904104
0.074609
-1.33495
0.604718
-1.06225
-0.500808
1.19181
-0.510128
0.351488
-0.24667
0.766349
0.05325
-0.72516
0.910137
-1.48261
0.220789
0.485069
0.632766
-1.01219
1.56287
-0.428397
-2.43523
-0.881961
0.226852
0.19533
0.449818
0.301043
0.915003
-2.33462
-0.966673
-0.883128
-1.45802
0.886304
1.69575
1.03503
1.34217
-0.540275
1.02916
0.453586
0.791531
-0.843975
-0.503634
-0.316124
1.54197
-0.487287
-0.458082
-0.0336991
-0.804739
1.38817
-0.702341
1.86673
0.0268388
1.28896
1.53734
0.549242
0.488016
-0.374198
-1.37344
1.46969
-0.103971
0.401509
-0.480903
1.51498
-0.258344
-0.0783547
0.0985647
0.111342
-1.6568
-1.73567
-1.43184
-1.99643
-1.04227
0.0971289
0.914259
0.0762545
2.34722
2.47383
-0.564762
1.32627
1.05307
-1.96158
-0.0505702
0.186745
0.132019
0.449596
-0.798465
-2.09589
0.610493
-1.42789
0.921074
0.534853
-0.0967544
0.10985
0.674309
-1.45475
-0.657714
0.614438
0.997564
0.475527
-1.57356
-0.867486
-0.00759098
0.356124
0.410745
-0.109286
0.680125
0.28349
0.00591245
0.211676
0.544902
1.11913
0.530781
2.16701
-0.361012
1.89457
-0.419955
0.141751
-0.873094
0.0473014
-0.00557746
0.479329
-0.971839
0.493573
1.98169
-0.185869
0.624904
-1.776
-3.27753
0.96618
-1.11911
1.25237
-0.166169
0.201228
0.68327
-0.0642385
-0.290083
0.383281
1.65884
0.816448
-1.14631
0.408423
-0.788587
1.56113
1.69161
0.0283392
0.0106472
1.47064
-2.19536
-1.18609
-0.457152
-0.375276
-1.0955
0.282622
0.197568
-0.443218
0.455125
-0.579221
1.61573
-2.43343
0.306924
-1.60829
0.357921
0.80654
1.13136
-0.177744
0.871132
-0.0305383
-0.0208483
-2.04147
-0.621397
0.018597
-0.27622
-0.488485
-0.540239
-0.951526
-0.735719
0.366965
-1.40144
0.563908
-0.304451
-1.48126
0.373357
0.23648
-1.14517
1.94436
-1.09248
1.05824
1.19028
0.344716
-0.360153
-0.12917
0.386934
-1.28069
-1.71835
0.982731
-1.48688
-0.32273
-0.901615
-0.0554946
-2.62791
0.200315
-1.84087
1.22882
-0.955172
1.40182
-0.753453
0.428043
-0.05091
-1.51939
0.766356
0.30807
-0.569075
1.21091
-0.0635272
-0.165815
1.23845
-0.499948
1.12013
-0.755276
-0.549742
1.08259
0.109104
1.21324
0.153938
0.576288
-0.278764
0.116149
-0.276481
0.421122
-0.14518
-1.41038
1.0136
0.36199
0.0022681
0.739006
0.204667
0.234601
-0.880923
0.61533
0.67323
0.262499
-2.09358
-0.40045
-0.0128928
0.0693378
-2.15633
1.0226
-1.30591
1.06612
-1.46929
-0.746984
-1.13305
0.473096
-1.10484
-0.996331
-0.791033
0.581955
0.00787607
0.242902
-0.210195
2.25253
-0.0904143
0.781321
-0.656971
-0.637667
1.50413
0.328748
2.61196
-0.38729
0.225968
0.279334
0.223282
-0.708871
-0.83561
1.84212
-0.866093
0.957289
1.54392
0.00237574
-0.299144
-0.210761
0.530057
0.0149473
0.231139
0.157838
0.446155
1.05104
-0.712364
-0.113659
-0.0574665
1.1392
-0.0977097
0.256376
-1.38387
-0.987869
-0.207097
0.31873
-0.604747
-1.38273
0.554313
0.308242
-0.156745
1.1469
-0.90219
0.935766
0.232659
-2.45647
-0.24127
0.371007
0.510912
0.836806
1.13164
-1.00452
0.0786643
-1.38815
-0.817067
1.09581
-0.0450663
-1.3351
1.14118
-2.20002
-0.247318
0.984103
-0.966004
1.07128
1.61428
0.22837
-0.899844
0.287104
-0.467226
-0.61996
-1.45967
0.393053
-0.75751
1.06555
-0.995082
0.0243458
-0.854422
1.35498
-0.25908
1.14774
0.96511
-1.25326
-0.0474734
0.715983
-0.368756
1.84186
-0.145663
0.461003
-0.0282518
0.783433
2.02522
0.69198
0.232111
-0.430152
-0.0248018
-1.92034
-0.156377
-2.38743
0.481599
-1.23702
-1.73209
0.420132
1.29597
-0.0151023
2.07366
-1.21
2.07227
-0.295519
-1.24179
-0.358016
-0.109128
1.16491
0.435971
-0.0844817
-0.532475
0.158962
-1.21883
0.827803
-1.6834
1.18411
0.931019
1.34505
1.98328
-0.664898
-0.923595
0.637257
-0.154303
-0.738026
0.37114
0.0805267
2.01707
-0.853378
-0.259029
0.801049
0.0923007
-1.22084
-0.325834
-0.233489
-0.397546
1.67851
0.712913
0.55613
0.684383
-0.100879
1.94466
-0.286243
-2.85074
-0.59634
-2.51161
0.843139
1.50063
1.19268
-1.64935
0.184314
0.819131
-0.0772608
0.797126
1.65446
-0.909334
-0.00710586
0.850273
-0.0550875
0.436376
-0.100328
0.514888
-0.597023
1.1793
1.82385
0.567775
0.334051
0.162205
-0.19289
0.692722
-1.32716
-2.44622
-0.262666
-0.450181
-0.547981
-0.859481
-0.637418
0.73276
1.17157
-1.54352
0.663073
1.27395
1.27336
-0.824387
1.68066
-1.00656
-0.767667
2.3505
-0.445765
-0.560715
0.127804
0.825262
-2.48762
0.381943
-0.485178
0.216458
1.84297
-1.10974
0.261126
-1.23582
0.0154673
1.13778
0.262493
-0.418045
0.366229
0.0564203
-0.232866
0.476531
-2.21186
-1.60799
0.364679
-0.0441533
0.08271
-1.23655
-0.236775
0.254943
-1.71089
-0.579798
1.88122
-0.620549
0.36703
0.71783
0.256203
0.896372
-0.242102
0.687788
1.89465
1.33122
0.350142
-0.213266
-1.00681
-0.475254
-1.3206
-0.240762
0.0826256
1.95064
-1.9859
0.178783
0.205293
0.0591371
-2.34988
-1.32936
0.589729
-0.389145
0.585171
0.452996
-0.325934
1.12017
0.822031
0.272184
-0.274695
0.0229392
1.01943
1.28527
0.308695
0.937545
0.0144202
-0.828431
0.841396
0.258019
-0.568446
0.155345
0.538621
0.474647
1.08904
-1.33557
-0.694587
0.37278
-0.82575
1.3522
-0.71803
1.48956
0.112751
0.449239
0.496663
-0.976106
0.220686
1.43355
-0.677876
-0.00696656
-0.0675104
-0.257108
0.320278
-1.13977
1.45936
-0.330339
-0.411553
-0.061766
1.73589
1.69131
1.07279
0.103446
-1.05584
-0.653545
2.63549
-1.01527
-0.565192
-2.02355
1.20752
-1.53951
-1.03796
-0.979334
-0.769971
0.133221
-1.51208
-1.25474
0.508454
-0.342876
-1.0696
0.0970635
-2.11689
0.997962
1.44645
0.411461
-0.181599
1.32917
0.0845553
1.12557
0.129835
0.728288
0.945886
0.413637
1.00443
0.477154
-0.166405
0.888615
2.11506
-1.76951
-1.43935
0.985599
-0.488356
2.17389
-1.62078
-1.20589
0.324409
0.460849
0.957304
1.08685
0.0469932
0.288389
-1.21604
-0.341108
-1.65512
1.01575
1.22898
-0.295785
0.593549
0.817257
1.56531
1.16033
0.538011
0.476098
2.46548
1.07245
-1.02939
1.60162
1.29973
0.378871
0.468663
-1.86579
-0.0926501
1.23137
-0.227403
-0.469631
0.825629
-0.392984
1.86609
0.0199178
-0.447752
0.938518
1.62752
1.62818
-1.51307
1.84743
1.15561
-0.391882
1.36435
0.03188
-0.214529
1.11663
1.14623
0.519735
0.444992
-0.7574
-1.00835
2.11651
0.484597
0.131317
-1.03953
-0.292562
-1.09011
-0.862403
-0.168063
2.25706
1.62121
-1.3218
0.0189964
0.563314
-0.605527
1.59013
0.415141
-1.25461
-0.681599
-0.853163
0.418619
0.932501
-2.19412
0.0120674
0.33202
0.726229
0.671143
-0.512055
-1.04216
-0.122273
1.06768
-2.17221
-0.120654
0.0564654
-0.256883
0.582898
-1.44851
0.698886
1.05222
0.0512144
-0.058441
-0.10509
1.0861
0.346229
-0.402443
2.12034
0.671717
-0.172925
0.686959
0.0709553
0.644608
-0.328749
-0.141812
-1.00526
-0.202471
-1.0278
0.332772
0.625602
0.130008
-0.174714
0.641981
-2.15361
-1.76654
-0.986946
0.610508
0.62444
-0.74032
0.513621
2.84835
0.113324
0.433059
1.25102
0.45974
-0.489435
0.963424
0.522756
-0.772574
-0.334272
-1.12319
-0.257161
0.025404
0.319211
0.624823
0.0589961
-0.375603
-0.541831
0.289019
-0.175157
-0.360559
1.29583
1.81746
0.555091
-0.699864
-1.56693
0.995623
-0.453331
-0.553725
-0.355359
1.00516
1.37545
-1.37616
1.10285
-0.621045
-0.729688
0.254578
0.378219
-1.45172
-0.0848215
1.18267
0.193355
1.04086
-2.0986
1.42958
1.30858
-0.673422
-1.09295
-0.949387
0.891356
-0.0427393
1.74918
0.264607
-0.430589
2.69115
1.1053
0.844011
0.784347
-0.744989
0.68673
-0.932305
-1.14486
-2.54896
1.38058
-0.338964
-0.419929
0.257135
0.549056
1.16552
-1.17151
1.98969
-0.441444
-0.855696
-1.66743
-0.0694088
-0.0527611
-0.130751
-0.424228
-1.28654
0.0793425
-0.071037
-1.56355
0.712158
-1.44479
-0.520294
-0.530382
-0.420708
1.16878
0.250489
0.167616
0.456763
2.54004
-1.71843
0.524648
-1.46064
-0.271749
0.521714
-0.388548
0.747804
1.39058
1.07497
2.6251
1.85022
-0.925959
0.587723
0.0434913
0.585171
0.479013
0.432943
-0.331492
-0.535698
-1.39691
-1.258
-0.347005
-1.36356
-0.00493002
-0.162128
0.241438
-0.280218
0.776432
-0.159444
-1.87763
-0.539313
-1.13502
-0.602973
0.857485
-2.17531
-1.71233
0.983538
-0.273916
1.74449
-0.624126
0.452251
-0.764984
0.150525
-0.775407
-0.774637
1.18769
-0.757724
1.75002
-1.28367
-0.555873
-2.10993
0.104088
-1.31545
0.555214
1.47558
0.910974
-1.15679
-0.863096
-0.603688
-1.9545
-0.99638
-0.0879384
0.703353
-0.305714
0.878386
-0.507186
-0.578715
1.44234
0.144896
-0.411484
-1.4014
-0.616426
-1.40914
-1.46189
-0.33029
-0.197637
1.6202
0.840636
0.750424
-0.0454575
-0.544625
-0.430087
0.736881
1.57452
1.31333
-1.50273
-0.649521
-0.215643
1.34016
-0.0383794
2.68158
0.695211
0.56825
-0.494372
0.527383
1.28246
-0.0867155
0.000281458
-1.55019
1.18635
-0.676106
-0.754638
2.05409
-0.281841
0.716081
0.331203
-0.314265
0.227197
1.74707
0.588057
1.05276
-0.778674
1.63718
1.56143
-0.758747
0.496013
-0.635848
-0.246526
0.680718
1.05501
1.67084
0.854765
0.621545
-0.206761
-0.735732
-0.130976
-1.8032
0.284807
-0.612839
-0.75173
-1.16413
-1.04339
0.955472
0.150155
-0.0986606
-1.03004
0.387157
-1.21058
-1.30243
-0.462614
-0.775922
0.00739391
-0.437109
-1.17614
-0.28528
0.495479
-2.79322
0.00538532
-0.476336
0.819674
0.0881971
0.559903
-1.25284
-1.85274
-1.42879
0.360759
0.561963
1.70431
-1.51436
-0.794417
0.66015
0.517035
-0.0476953
-0.223965
-1.62056
-1.51868
1.05526
-0.757373
-0.412142
0.107776
1.95381
-1.05091
0.0131261
2.21118
0.673728
0.863747
-2.1236
-0.0975275
0.295201
-1.13675
-0.824127
0.2923
1.68652
0.0309127
0.131077
1.89126
-0.223316
1.06741
-2.0345
-0.887059
-0.676123
-0.663341
0.424964
-0.819111
1.1162
0.836965
-2.77882
0.274309
-0.33316
-0.312883
0.412676
2.07017
-1.08792
-0.779839
0.787647
1.11464
0.557634
0.775956
-0.113008
-0.139161
0.456251
-0.381662
-0.0651614
0.335678
0.0494109
0.94528
0.437239
-1.56409
-2.03139
-0.335431
0.21393
0.230783
1.07742
0.984003
-2.00911
-0.0780457
-0.0309179
-0.449204
1.71754
-0.641536
1.74696
-2.81465
0.573098
0.0873205
0.319726
-0.269316
-0.0484884
0.87299
1.25681
-1.18321
-2.1286
-0.272798
0.312857
-0.335972
0.307855
-0.188206
-0.891948
0.246248
-0.781203
-1.27619
0.101938
-1.1603
1.43048
-0.755851
1.00107
-1.02006
-0.751209
-0.433419
-1.04702
0.188395
0.27048
-1.31669
2.26917
0.257577
-1.40948
0.0819785
-0.23587
-0.281323
0.0362075
-0.262789
0.271662
-0.87267
0.60442
2.01313
-2.6023
1.16863
-0.0264033
-0.859258
1.12817
-0.0515484
0.409454
1.64684
1.18806
0.943564
0.440338
0.447086
0.0891506
-0.564024
-0.840163
0.129154
-0.597877
-1.44907
-0.675861
-0.918612
1.46485
0.248151
0.865315
-0.238257
-0.996392
-0.51382
-0.915618
-0.0225409
0.593777
1.6037
0.130875
-1.24619
0.925243
2.25732
0.172152
-0.122021
0.146228
0.747147
-1.30099
-0.753798
0.151084
-0.0440588
1.30416
-0.529954
0.600139
-0.695408
0.635877
-0.108195
-1.10938
0.377122
-0.682139
-0.687673
0.0912742
-0.283934
-0.0646926
0.501719
-2.43208
2.46135
1.18167
-0.985288
1.09402
0.0351363
0.939137
1.23302
-0.2102
0.0993214
1.22795
-0.836017
-0.551758
0.0448528
-0.137509
0.416725
-1.3189
-0.0310676
0.253337
0.128733
-0.32771
-0.295342
-1.02099
0.726498
-1.72899
-0.733269
0.615744
-1.85637
2.55069
-1.41723
-0.647218
1.78416
-0.879158
0.559037
-0.365176
1.06896
-0.249657
-0.241891
0.087282
-0.210533
0.597467
-0.809426
-0.812053
-0.0225125
-1.03353
1.52187
-0.161053
0.044917
-1.90238
1.99442
-0.203682
1.48658
-0.610106
1.64049
0.359833
-1.28939
2.4094
0.74073
-0.280307
1.47544
0.708538
0.482713
1.38121
-0.760666
-0.0365017
-0.416744
0.9962
-0.147766
0.239324
-0.450157
-1.68671
0.750442
-0.693075
-0.143635
1.65253
-0.502116
0.332345
-2.0874
1.42228
-0.256074
-1.04967
-0.327868
-1.17631
0.310495
0.278777
0.190527
0.997121
-0.90557
-1.25219
-1.29314
1.21474
-1.70559
0.112023
1.30715
0.405576
-1.52804
0.250008
-1.76193
-0.503329
0.198998
-0.225146
1.12715
1.59318
-0.200506
-0.6094
-1.68204
1.82803
-0.94756
0.619242
-1.19106
-1.06211
-0.377862
-1.14636
0.492384
-0.0756127
-0.582584
1.48194
-0.051511
0.861106
-1.32486
-0.691007
-0.370918
0.013656
1.01472
-0.854369
0.4166
-0.0446985
0.263028
-1.06024
-1.75047
0.23575
1.89531
-0.145634
-1.92771
-0.648271
-0.587879
0.879065
-0.364238
-0.928536
-1.0214
1.37595
1.39898
-0.735128
0.909571
1.14564
0.321147
0.305847
-0.969832
-0.318475
-1.24026
-0.446869
1.72898
-0.398674
0.884787
-1.04647
0.82314
-0.684482
0.0785859
-0.755622
-0.796909
0.532391
1.74919
-2.87468
0.457244
0.819172
0.976452
-0.231844
-1.04707
0.300252
-2.0866
2.10592
-0.243995
-0.696002
0.00591175
0.625324
0.360378
0.817028
1.8423
0.789932
0.43848
0.211471
1.47733
0.471486
0.223854
-0.414903
0.849377
0.0281334
1.41536
1.00009
0.0784142
-0.104042
0.19834
0.29762
-1.528
2.07914
0.57783
-1.0028
-0.980692
0.647961
-1.47758
0.929685
1.08593
0.485236
0.297938
-0.36328
1.20514
-0.197644
0.668282
-1.56755
-1.24528
1.35505
-1.35532
-1.8503
0.163178
-0.450883
0.430362
-0.257609
0.780485
-0.314321
0.498299
1.30949
0.312445
-1.10928
-0.0315235
1.86437
-0.665919
1.31426
0.577054
0.436775
-0.228199
-0.472856
0.362137
0.807634
-0.129505
1.56076
-0.665736
-0.765657
-0.885054
1.35637
-0.711453
0.500004
0.0283046
-1.35132
-0.253579
-0.183274
0.537849
0.135874
-1.01654
0.0400146
-0.742127
0.410761
0.06315
-0.865726
-0.0421905
0.219219
0.980731
-0.462947
0.428149
-2.19877
-0.661549
0.403512
1.76725
-0.612367
0.193264
-0.676209
0.408871
-1.05593
-0.428917
0.15151
1.23253
-0.24399
0.767523
0.83579
-0.681967
-0.250087
-0.913073
-0.502326
1.6428
1.73417
3.03759
-0.674113
0.713691
0.820983
0.408419
1.35333
0.87965
2.15862
0.918546
0.370732
0.246187
-0.972037
-1.20934
1.44757
0.447817
-0.486484
-2.31564
-1.05322
-0.785403
-0.442742
-1.99236
-1.86405
-1.1331
1.25905
-0.154064
-0.528891
-0.501892
-0.301063
1.81151
0.724242
-0.0469454
0.561508
-0.824603
-0.426287
1.39728
1.2751
0.0692095
-0.206531
-0.412691
-0.731698
-0.385135
-1.8118
-0.0730798
0.31481
1.55534
0.367357
0.148562
-0.304679
0.786218
-1.06547
-1.23868
1.59211
-0.02949
-1.10574
0.0467575
-1.57417
-0.100329
-0.116506
0.0589127
-0.134318
1.39793
0.247221
-0.317313
0.485209
-1.03771
0.300653
-0.659633
1.86453
-1.25397
0.793739
-1.11926
0.742882
0.966843
-0.0446178
-0.393782
-0.0755436
-0.631004
-0.335112
0.145121
0.494237
0.255634
0.00266441
-0.104958
-0.370177
1.9172
-0.280086
0.926858
0.201676
-1.2792
0.406874
-1.61003
0.274298
0.103792
-1.39841
0.649785
-0.115096
0.65773
0.253824
0.237119
-1.01752
0.791482
-2.3916
-0.431375
0.9331
-0.675613
0.624548
1.61606
0.194753
-2.3499
0.96832
-1.8164
0.860322
0.232875
0.281491
-1.24492
-0.700975
0.863748
0.229787
0.0947249
0.066263
1.52685
-1.42645
0.348196
-0.136136
-0.292822
0.655816
-0.43538
0.187487
-0.799474
1.36602
-0.323091
-0.183858
0.835632
-2.55824
0.483289
1.26901
0.273213
0.343282
-1.05861
2.79642
-0.624372
0.441257
-1.0085
-0.476944
-1.14844
-1.04027
-1.8017
-0.482627
1.0228
1.24824
0.887558
-0.708351
0.77854
0.286369
1.36641
-1.07347
-0.205088
-1.50042
-1.49919
0.420083
1.03944
0.940907
0.664012
0.278235
-0.134936
-1.77296
-0.364936
0.553973
-0.0490482
1.90194
1.36754
0.756933
0.228095
-1.54432
-0.463694
-1.3276
0.102863
1.00211
-0.00684392
0.767669
2.11548
0.63786
0.264388
1.09844
-0.195185
-0.863757
-0.281537
-1.09853
1.91642
0.26001
-0.392396
0.659181
1.08547
1.07952
-0.628116
0.852592
-2.30961
0.795651
1.40189
0.644008
-0.556832
-1.27615
-1.18344
1.8473
1.59231
1.50408
0.287193
-0.542697
0.996281
-0.604706
1.43033
0.188974
0.198215
-0.46455
0.0904874
-0.812934
-0.656184
-1.52627
-0.494502
0.347777
0.445174
1.01714
-0.977312
1.04336
1.29113
0.737092
0.619896
2.07256
0.883938
0.607183
-1.01772
-1.54233
1.73773
-0.260092
-1.50576
-1.32635
1.17502
-0.140651
-0.0237593
0.642076
0.0896668
-0.411567
0.217768
0.232667
-0.786924
0.713794
0.673205
1.08229
-0.86751
1.24187
2.98626
0.958687
-0.152208
-1.13852
-1.65092
-0.779909
-0.814368
1.08805
-0.223893
1.9274
-1.15823
1.09099
-0.17777
1.21666
-0.545483
0.142216
0.00834972
-1.44271
0.17037
0.513344
-0.122415
-0.0851952
-1.09959
0.411717
1.13508
-0.708668
1.09696
-0.623862
-0.600278
0.0537118
0.264825
-0.146984
-0.706672
-1.11211
1.40556
0.57729
-0.381992
0.960077
1.48485
0.591945
2.9114
0.60859
0.206125
0.0931898
0.300491
-0.552321
1.22739
1.02646
0.0419671
-2.18614
1.8191
-1.3511
0.031498
-0.104046
1.34652
-0.385053
-1.06116
-0.520394
-0.472028
-1.14968
0.30968
1.38806
1.55222
1.08241
0.351106
0.649692
0.822561
-2.65294
-1.45074
1.84685
0.963672
-1.43377
1.83664
1.03411
1.0077
-0.66073
-2.05017
-0.67468
-1.82758
1.77589
1.38065
-0.152313
0.7603
-0.337487
0.322943
-0.222707
-0.253704
-0.444871
0.128417
1.31425
1.33027
-0.590344
0.721088
0.713896
0.141958
1.36706
0.825031
-0.416429
1.20996
-1.63708
1.35187
0.856625
0.173917
0.588568
0.38514
0.0401187
-1.47835
0.145453
1.05226
-0.316936
-0.376955
-0.948577
-1.73521
0.652631
-0.436798
0.151409
-1.49034
1.15383
-0.907659
1.03582
-0.0192886
2.19896
0.572014
-0.798261
-0.0115706
0.273388
0.763645
-1.85437
-0.740073
1.18086
1.273
0.885082
0.0422493
0.456759
-2.22864
-1.52033
0.414901
-2.03349
-0.948734
-1.37359
0.396306
0.750343
-0.331042
1.62243
1.84874
-1.22122
-1.00602
0.689946
-1.27352
0.0486089
-1.15231
-1.12619
-0.0672115
-0.474398
0.340638
-0.688476
-0.170112
1.34905
0.0538221
0.40662
0.270748
-0.796847
-0.631089
-1.45802
-1.71559
0.774761
0.723397
-0.604275
0.982113
-0.424589
-1.24744
0.130506
0.198191
-0.763815
-1.81909
0.587178
-0.182069
-1.02578
-0.0623808
1.20938
1.86391
1.90156
1.28825
0.0648767
-0.199697
-1.53894
0.459701
0.828005
-0.724179
-2.00536
-0.741176
1.40186
1.00767
-0.0826469
-0.465462
1.67316
-1.01559
0.668735
1.061
-0.763387
1.33454
1.03364
2.64147
0.560643
1.02614
-0.627128
-0.938805
-0.605815
-0.352057
-1.22968
1.32776
-0.694604
0.7896
-0.522215
-0.290761
0.629006
-2.05456
0.718993
1.69882
-0.64265
0.790344
1.2196
-0.616737
0.765969
0.481225
-0.93593
-0.189767
-0.928177
-1.35442
-1.80466
-0.587734
2.77635
0.0524779
0.111685
0.114754
0.415822
-0.180517
0.816693
-1.34254
1.51111
-3.0436
0.513237
1.67344
-0.97351
0.818842
-1.8487
1.03724
-2.37613
0.552028
-0.907583
-0.899789
-0.777188
0.881189
-1.32904
0.552339
-1.13242
0.711297
1.69077
1.26836
1.93522
-0.316886
-0.91157
0.811491
-0.380691
-0.118412
0.627702
0.418794
1.39939
-0.672874
-0.288699
-0.104278
-0.425998
-0.610363
-0.256191
0.538107
-0.352881
0.714272
0.485569
3.05348
0.955504
-1.10199
-0.309712
0.696422
1.55258
-0.837531
0.0579842
-0.678483
-0.24118
-0.498819
0.951789
0.60024
0.249973
-1.18103
-0.52209
0.420333
-2.46479
1.0388
-0.943222
-1.01319
-0.847423
-1.59441
-0.794685
0.553004
0.92564
0.033362
0.161432
0.804878
-1.51268
0.204999
0.303303
2.29927
-0.17993
-0.868971
1.17069
-1.28815
2.08657
0.396398
0.668725
0.827873
0.526148
0.3116
0.750605
0.134106
0.27529
0.234313
-0.170457
0.455769
-1.93132
0.334543
0.853873
0.711028
-1.85565
-0.734745
-0.937428
0.592526
-2.7155
0.443636
0.0596319
-0.859223
1.0033
0.797892
-0.800886
0.747093
0.0550776
-1.34416
1.43635
-0.611152
-1.54
0.574695
0.869298
-1.03432
-0.174153
0.238736
1.45892
0.0592907
1.0385
-1.32296
0.456519
0.542721
1.75529
1.12657
-1.40965
-0.951553
-1.31316
0.352342
-0.698957
-0.560575
0.156265
-0.596319
0.162893
-1.71144
-2.56461
0.681414
1.26926
1.22879
0.0734508
1.10741
-0.319986
0.140988
-1.20179
-2.11454
-0.781828
-1.22885
-0.128416
-0.86424
-0.96368
0.657054
-0.0758165
1.59785
0.0884978
1.27771
0.945629
0.457223
0.280391
0.665408
0.769475
-0.596596
1.58113
0.426208
0.574623
2.02599
-2.2982
1.21452
0.217622
-1.85009
1.23586
-0.70218
0.562436
-1.92818
0.120153
0.955197
0.405821
-0.0781445
1.89126
1.08934
-1.80085
-0.873652
0.648462
0.67664
0.129152
-0.905971
0.196036
0.74424
1.39703
0.905509
0.0712396
-0.817733
-0.911436
0.269598
-0.0902666
-0.639712
1.27242
1.24948
-0.42905
1.12257
-1.56561
0.803573
-0.317656
0.916061
0.33883
1.06594
0.378658
-1.10367
-2.24245
0.577314
-1.0921
0.540971
-0.44631
-1.18952
0.48548
-1.14204
-1.72229
0.252831
-0.2858
-0.154534
-1.46586
0.46022
0.560766
1.31827
0.444007
-0.796026
0.252529
-1.12922
-1.0623
1.13651
-0.647123
0.715552
-0.740647
-0.60459
2.30316
-1.32472
-0.0055327
2.60849
0.668428
0.0788201
0.862583
-0.419885
0.360409
-0.225981
-1.0156
0.0277634
-0.0640214
1.3121
-0.177382
-0.553477
0.202843
-2.08048
0.0474307
0.128358
0.488861
0.375233
-0.55146
0.452377
-0.315142
-1.12866
-1.29438
1.23159
1.08576
-1.67274
-0.546884
0.208663
-2.18829
-0.220358
0.683711
-1.23069
0.838735
0.390355
1.11455
1.03922
0.673495
1.00408
0.985139
-0.695742
-0.204718
-0.660164
-1.27776
0.6899
-0.336049
0.288805
-1.10224
0.304989
0.913761
-0.133895
-0.635441
-0.306491
1.18174
-0.7766
-0.00126305
0.256128
-0.17051
0.450793
1.13446
-0.411161
2.57632
0.957859
-1.29042
-0.596877
0.352306
-0.542589
-1.80196
-0.328731
-1.58449
-1.24586
0.209511
-0.24338
1.40618
1.57366
-1.68813
-0.963542
-0.649828
-0.041003
-1.49713
0.272151
1.98781
-1.90002
-0.00303494
1.00012
-0.863291
1.56388
0.477763
-1.42027
0.341422
1.34366
0.212448
1.29565
-0.809695
-0.0185277
-0.150809
-0.652425
1.09977
-0.304335
-2.72209
-0.200549
-1.02344
-0.895382
-0.259069
-1.36923
-0.357582
-0.855819
0.762134
0.653953
1.77754
0.404387
-0.29509
-0.186984
-1.16895
1.84742
-0.445426
1.18007
-2.18354
-1.29029
0.657218
-0.898738
0.420501
-0.1698
-0.672145
2.05587
0.603972
0.253188
0.242895
1.17732
0.336473
0.294492
-0.138304
-0.674429
-0.0358314
-0.660317
0.24611
-0.805132
-0.670624
-1.48556
-0.699087
-1.1438
1.69899
-0.266749
-0.805326
1.86149
2.3757
0.1231
-0.344251
0.198037
1.46089
2.05674
0.243659
1.43034
0.648287
1.14094
-0.830699
-0.826393
0.574564
-1.48201
0.115047
1.13466
0.328689
1.57903
-0.97222
-1.59498
1.61535
-1.63837
1.53836
0.198981
-0.486924
1.04066
1.83186
-0.878533
3.06112
-1.60038
0.353372
1.47949
-0.678306
-0.391836
-0.870127
0.411877
0.226066
0.336306
-0.704395
0.56875
1.00643
-0.15147
0.239259
0.302967
-0.371635
-0.538343
0.0735757
-0.976795
0.130406
-0.896815
-0.601153
-0.190348
-0.39829
0.719995
0.159251
0.389108
-0.167492
-0.665761
1.36802
0.0492504
1.14067
-0.0805526
-2.21997
1.00976
-1.58829
-1.49963
0.739212
0.59395
0.0692988
1.98953
-0.426645
-1.46427
-0.125826
1.57391
-0.87671
-1.41038
1.28273
0.19158
-1.0264
-1.26481
0.104766
1.5563
1.21017
-0.042193
-0.0620119
0.772335
-1.49574
-0.767721
-1.37055
0.625147
-0.214383
-1.50843
-1.22357
-0.387481
1.81516
-0.429388
0.424921
-0.378464
0.00760237
-0.515674
0.820382
-0.177119
0.347187
1.31559
-0.292342
-0.413038
1.16305
0.431887
-0.238818
-1.04109
-2.13339
-0.678737
-1.10881
-0.538351
-1.97061
-1.70308
0.44653
2.00683
0.201563
-0.823879
-0.278276
0.062947
1.39793
-0.811764
0.673105
0.576743
-0.923013
-0.298617
-0.600188
-0.221405
1.36133
-0.152445
-0.582105
-1.41037
-1.11108
-0.170644
1.391
0.18465
0.436471
-0.35743
0.528491
0.132777
1.08027
2.02867
0.311861
0.309748
-0.33208
0.420706
1.06702
0.80353
-1.11108
-0.468493
-1.34371
-0.000643084
0.0685024
-1.92536
0.976303
-0.686447
1.83697
-0.386808
0.467197
-0.839548
0.358862
-3.08973
-0.330584
0.0955706
-0.117224
1.00071
2.09146
-0.761605
0.425563
-0.921659
0.557292
-1.05798
1.68732
0.439688
-0.547485
-1.02477
-0.4628
-0.14599
0.41493
-0.48414
0.564699
-1.26025
0.52119
-1.08958
-0.563656
0.350658
-1.07759
1.10149
0.636493
1.24768
-0.495514
-1.08338
0.614424
0.57849
-0.512648
-0.971175
0.0915385
-0.621798
0.923315
0.225505
-0.345332
1.99621
-0.196625
-0.178813
-0.468677
-0.400877
1.52365
-0.230651
-0.104442
1.06341
0.095117
-1.02107
-0.150084
0.370065
-0.415844
-0.783773
0.291301
0.728488
-0.637625
-0.622744
-0.685276
-1.11264
0.52226
-0.579441
-0.611681
-0.849448
1.25263
-0.413749
-0.36491
-1.14645
-0.126464
1.03818
-0.955482
2.21911
0.734532
1.16201
0.686149
1.06571
-0.665047
-0.905367
0.264907
-0.725263
-0.784078
0.445975
1.06006
0.517561
0.896944
-0.659459
3.35279
-0.433594
0.337163
1.15931
0.786085
-0.70975
0.00520667
0.928722
-0.220072
0.591298
0.0895502
1.43929
0.94462
-0.71625
-1.06824
-0.985912
-0.148722
-0.216289
0.811223
0.224007
0.953294
0.423569
0.243775
0.199866
0.449496
-0.319227
-0.716843
0.038519
-1.75694
0.382953
0.694822
1.27126
0.221794
0.990913
-1.34948
-1.68393
-0.323043
-0.046592
-0.275714
-1.08834
-0.0253832
-0.556291
-1.02827
-0.659836
-0.327502
-0.587474
-0.798733
0.0545445
1.51944
0.313812
-0.502657
-1.44692
-0.697167
0.00791601
-0.387918
0.25
-0.798458
1.4588
0.595997
2.79501
0.209639
-1.55919
0.340603
0.517805
-0.843496
1.89915
-0.800243
-0.0775914
1.0306
-2.55284e-05
-1.57186
-1.90795
-0.21951
0.628623
-0.432887
-0.531334
-0.333515
-1.05362
-0.563584
-1.0017
-1.24907
-0.305981
-0.927647
-0.994069
1.53158
1.2137
-0.00421403
0.408592
0.340088
-1.14427
-1.04967
-0.387461
1.07429
-1.64037
-0.59819
2.33642
-1.82173
1.0457
-1.86235
-0.946596
-0.292758
0.542457
1.22643
0.423245
-1.97728
-1.06175
0.906844
-0.193743
1.01005
1.61414
0.306065
1.56095
2.41413
0.46673
0.482312
1.07449
0.462371
-0.0833652
-0.0144622
0.620955
1.23041
0.339968
-0.906174
-1.74423
0.176151
-0.420475
2.00451
0.817055
-1.39023
0.937196
-1.98457
1.08212
-0.0697369
1.32626
-0.545908
0.632341
0.839997
-1.82287
-1.80242
0.757232
-0.280777
1.33817
2.04977
0.619947
0.418898
-1.75548
0.242783
-0.94635
0.0577434
-0.128657
-3.19642
1.98789
0.326559
-1.62372
-1.27184
-1.19927
-0.0919143
0.39687
-1.35553
-1.80466
0.56441
-0.335686
0.78786
0.288663
1.40129
-0.264293
-0.82414
-0.0560314
0.674302
-1.40991
-0.810982
-0.259152
-0.520169
-0.496999
1.17255
-1.37167
-0.228785
-1.62837
-1.47492
-0.388956
-1.69199
-0.159139
0.675832
0.618569
1.02519
-0.11854
0.650294
-0.526598
0.417951
0.16524
-1.97651
-0.92174
1.62214
2.07797
-0.475285
-1.62755
-0.401266
0.387241
-0.644979
1.02217
1.10713
0.952802
-0.409506
0.0908116
1.38644
1.14995
0.00263375
-1.70429
0.888154
1.07614
-0.63569
1.41063
0.655413
-0.218241
0.313404
-0.719297
-0.883718
-0.604961
0.0653979
-0.295801
-0.848939
0.0803791
-1.4699
0.487851
-0.291232
-0.692162
0.0521936
-0.892453
-0.544199
-2.40486
-0.836528
0.526556
1.45746
0.36231
-0.667555
-1.23246
-0.281655
-0.474719
0.321305
-0.2023
0.939871
0.920746
1.09859
-0.266334
0.247021
0.191284
0.574662
0.413195
-0.333215
0.365866
1.71513
-0.159651
-1.18724
1.3592
-0.138175
1.99246
-0.8302
1.05732
1.68226
1.68371
-0.578393
-1.92718
-0.745384
-0.414368
-0.0387498
2.02846
0.37707
-1.5827
-0.409774
0.340063
2.40671
-0.0951254
-2.00351
2.04972
1.0631
0.615638
0.564886
-0.272189
-0.983033
-0.220076
0.876027
-0.779255
0.453489
-0.204815
-0.263235
0.862078
1.09391
1.22056
-0.271527
-0.0369086
1.14078
-0.580526
-0.160529
-0.275944
-0.539931
-0.741404
-0.0406309
-1.42342
-0.0696044
1.25142
0.590303
-0.10729
0.430865
0.921259
1.04232
0.0812495
0.723914
2.18357
0.727305
-0.59936
-0.727773
2.43475
2.22252
-2.63173
-1.21193
0.142416
0.532711
-0.0668048
-0.374632
-0.422975
1.13234
0.459887
1.08788
0.571974
1.38711
-0.763216
-0.113781
0.579069
-1.38048
-0.488763
-1.7898
0.452208
-0.309848
-0.588997
-0.0627679
-0.898276
-0.32049
0.193292
1.2083
0.0203048
-1.34901
1.16364
0.00542651
-0.22353
1.85674
-1.48175
-0.585472
0.137122
-1.18194
-1.37573
-0.00754554
-0.0232295
-0.182228
0.180143
-0.0597076
-0.731851
-0.474792
-0.484526
0.386655
0.940088
-0.904042
0.515396
-0.16835
-0.596538
-0.470675
-0.649357
-0.682692
-0.243491
-0.104302
-0.867172
0.576285
-0.979983
0.57249
0.127666
-1.76936
-1.08607
-0.408869
0.38945
1.37704
-1.52908
-0.0308593
-0.0420349
-0.0163446
1.93202
-0.935763
-1.94242
0.167925
0.385186
1.46566
-1.71075
0.844028
1.00796
0.225699
-0.112853
-0.646395
0.653385
0.16638
-0.850322
-0.278624
-0.328272
-1.38408
-1.10071
0.534992
0.412671
0.362125
-0.956185
-0.936562
0.705877
-0.799612
-0.464299
-0.31411
-0.792864
0.443415
-0.73645
-0.93643
-1.04965
-0.42894
0.0639058
-1.21795
-0.592094
-0.843425
0.143271
-0.630877
-0.12417
1.15356
0.29366
-0.213705
-0.16721
1.09276
-0.0285359
-0.836217
-0.383787
0.885098
-0.0290389
1.10281
0.444648
-0.898294
0.0310687
0.343848
0.665104
0.319621
-0.835321
0.0307974
0.0306066
1.57392
-0.562178
-0.194643
0.357174
-0.335253
-1.59269
-0.889906
-0.677925
0.0769255
1.0828
-0.76454
0.389214
-1.49176
1.04734
-1.81486
0.199489
-1.23911
0.909565
-0.58815
1.98055
-3.07582
0.26293
0.958224
0.970583
0.0481693
0.186737
1.42349
0.197597
1.08576
1.75074
0.941328
-1.591
1.51967
1.01398
-0.474878
0.956542
1.50609
-0.248108
0.432298
-0.158542
-0.502033
-1.08261
1.32836
-0.343282
-0.00910998
0.682721
1.15621
0.468014
0.389799
1.09102
2.18537
0.204321
-1.85868
0.155466
-1.077
0.0155628
-1.19469
0.060384
1.31899
0.732349
-0.282049
0.695736
-0.0252051
-1.54815
-1.34836
1.679
0.223277
-0.0502035
-0.545466
0.863114
-0.285645
0.941972
1.07903
-0.641616
-0.335435
-0.882281
-0.770186
-1.39008
1.04424
-1.12422
0.0297551
-1.44033
0.980203
0.944221
-0.044743
1.70206
0.709645
-0.993716
0.551357
0.183748
-0.240449
0.580839
0.81498
1.14061
0.168412
-0.2158
2.91109
-0.189808
1.30702
-0.217997
1.31404
-0.222593
0.159457
-0.534241
-0.845252
-0.615411
0.250157
-0.481499
1.63352
1.459
-1.03074
2.41138
-0.856974
-0.245121
0.419679
-0.327594
0.414617
0.583844
-1.06858
-0.527939
-0.116498
1.1467
0.638984
0.244123
-0.0117865
-0.833572
-0.442846
-0.922773
0.596858
0.885224
0.785642
-1.22085
0.0758404
-0.741097
-0.632678
0.787987
1.59727
-0.131308
-0.842339
-0.242448
-1.09396
0.541065
0.280791
0.44982
-1.10635
0.476165
-0.0219349
-0.841512
-0.365604
-0.415112
2.20551
0.76035
-1.08747
-0.762689
-0.650681
-1.59185
0.530664
1.08487
-1.51411
0.663429
0.209064
0.0740866
0.549442
0.134228
-2.35444
0.183293
0.250807
-0.586561
0.599702
0.297287
-0.735279
-0.320769
-0.537752
-2.31641
1.99946
-0.520126
-0.57049
0.117804
-0.134458
1.80756
-1.61857
0.724879
0.263256
1.3156
0.146782
1.11014
-1.08431
-0.687457
-0.210369
0.0405249
-1.07742
-0.148686
-1.06265
0.535045
-1.27333
-1.00291
-0.413172
-0.0545674
-0.860067
-0.872234
1.86109
0.609119
0.0183271
0.81422
-0.519824
-0.344057
0.342634
-0.0958815
-2.01654
-0.531293
0.878998
0.588007
-0.972998
0.920271
-0.536105
0.79635
-0.639427
-0.167381
-0.948666
0.774925
1.52938
0.182631
0.814261
1.62186
1.3379
1.39441
-1.99623
-1.94747
1.11333
0.942362
-0.297434
-0.144082
-1.00163
-1.3103
0.361465
0.584428
0.510365
-0.153613
0.00583584
1.08551
-0.445915
0.518869
1.57373
0.674854
1.0946
-0.159996
1.49388
0.965975
-1.0531
0.46737
-0.516446
-0.266396
0.447277
-0.55724
0.325462
-0.581564
0.478622
0.222376
-0.0531222
0.820258
0.217093
-0.020269
-1.71832
-0.319243
-0.574432
-0.180572
0.52558
0.695497
-2.04761
1.07518
-1.0105
0.361238
-1.83487
-0.963063
-0.253099
0.661396
-1.48628
0.576402
2.9765
0.125049
-0.813801
0.293376
1.2506
1.03509
-0.801621
0.0285467
0.265494
-0.700752
0.34069
0.0611748
-2.16638
0.924215
-0.435441
1.22469
0.354775
-0.373603
-1.93395
-0.808128
-1.72522
-0.234575
-1.43284
1.51886
-1.12631
0.323896
-2.1052
0.999729
2.39392
-0.339364
0.46841
0.220179
-1.1749
-0.67294
-0.57861
-1.56536
1.95672
-1.0987
-1.31508
-0.00507042
-0.219093
-1.57412
-0.909267
-0.226109
0.0035008
-0.618932
0.474157
1.3803
0.0143984
-0.249365
0.13328
-2.65787
0.171656
0.827788
1.38554
-1.5223
1.29867
-0.381223
-2.19764
-1.05621
-0.318641
0.1917
0.275087
1.10377
-0.2205
-0.775787
1.97835
-0.320669
-1.80923
-0.702801
-0.208543
-0.872872
-0.836343
-1.15686
-0.958288
-0.0843003
-1.66989
0.1507
0.454361
0.509566
0.0558808
0.165342
-1.3167
-0.40486
-0.963937
-0.586717
1.05925
-0.00762317
0.622531
-0.368181
2.10606
-0.325875
-0.500172
0.673337
-0.137871
1.18373
-0.497736
0.677516
0.233113
0.0706848
-1.37364
-0.145361
0.332226
-0.888353
0.607043
0.55794
-1.78653
0.349999
0.671498
0.146363
0.127089
0.359973
0.285079
0.441141
0.605483
-1.91287
0.622857
0.454755
0.36144
0.758857
0.365505
1.15789
-0.408516
-1.28027
0.157603
0.577539
-0.41635
-0.711814
-0.0425001
-0.396729
1.27439
2.36132
0.459546
-0.748211
1.89759
0.794695
-0.651659
-0.286561
1.37665
-0.160248
-0.508865
0.871754
-0.633207
2.17746
0.838118
1.40847
1.82056
-0.324149
0.18199
0.323499
0.229732
0.668574
1.46912
1.1591
1.63476
-0.729474
0.308624
-1.06867
-1.08304
-0.147451
2.36487
0.788404
1.03979
-1.37786
-0.177897
0.217615
-0.395625
-0.659312
0.20555
1.60774
0.666625
-0.270611
-0.198342
-0.643224
1.45637
-0.179785
-0.360659
0.944902
1.05748
-1.05272
2.00893
-0.0270031
0.0681695
-0.651411
-1.84205
-2.2947
-0.746251
-0.0888916
-0.657427
-0.38305
-0.466453
-0.568889
-0.756476
0.320914
-0.142312
-0.0354099
0.20184
0.001603
2.14448
0.641864
0.262281
-0.715543
0.072928
0.289614
-0.758619
0.585185
-1.32677
1.21835
-1.7764
0.437705
-0.238364
1.1497
1.84695
-1.19897
0.816427
0.660509
2.58557
0.864445
0.857131
-0.973394
0.715427
-1.55227
-1.13971
-0.0338678
0.402046
-1.91786
1.17917
-1.42661
-1.99559
1.40659
0.264441
-0.288026
-0.329251
1.84686
-0.694703
0.728485
0.354685
1.38833
0.160568
1.0992
0.337881
0.965376
1.09348
-2.37385
0.670671
2.44909
0.169584
-1.45614
-2.76649
1.72733
-0.515146
-1.33146
-0.178319
-1.29301
-0.171785
1.02148
1.2676
-0.623037
0.378748
-1.06557
0.385351
0.921307
0.609645
-1.11042
0.0369519
-0.195198
-0.286726
1.18344
2.01412
-0.471607
1.32059
1.58863
1.56151
-0.174103
-0.768284
0.0907096
-0.551601
-0.490261
-0.23182
-1.11866
2.53297
-0.897134
-0.849365
0.484551
-1.82393
0.119177
-0.609614
-2.44797
-0.548525
-0.0380757
0.34315
-0.299115
-0.0425877
-0.620807
0.475648
0.849014
0.20957
-0.558651
0.419152
-1.66128
-0.665815
-1.14435
-1.53348
1.21658
0.301941
0.105626
-0.151298
1.50073
-1.50186
-0.874485
0.944939
1.06665
0.168047
-1.22338
-1.42593
-2.40834
-0.899758
0.549007
1.92227
-0.721963
0.209695
0.942963
-1.03982
-0.0642276
0.794484
-1.21198
0.635859
-0.940627
-0.986134
-0.945235
0.13143
-2.52583
-0.895097
-1.7482
-0.953806
-2.93483
-0.812516
-1.16337
-1.20648
-0.0791197
0.358986
1.40307
-1.50437
0.0654668
1.07399
1.85613
1.51589
0.316544
-0.269578
-0.81711
-0.346456
-0.017298
0.47171
0.938782
0.234094
-0.582382
-0.0538472
-0.632839
-2.02831
-0.467446
-1.20004
1.34243
-0.0180797
-1.50324
0.130152
-1.6342
0.737673
-1.84752
-0.583394
-0.669271
-0.211668
0.444224
-0.416264
-1.2596
-0.0520758
-1.89588
-1.08837
2.4768
-1.87823
-0.569872
1.03228
-0.171318
-1.93394
0.00601337
0.853016
-0.719039
-1.03567
-0.981737
-1.33695
0.847737
-0.357576
-0.68888
1.05784
0.600734
1.0333
-0.310605
1.34023
1.71487
-0.872457
0.856472
0.659811
1.3659
0.139077
1.03019
0.00643017
-1.18727
-0.523484
-0.161082
-0.461396
-0.90152
-1.28767
-1.73197
-0.599846
0.514099
-2.04953
0.0617407
0.369712
0.453394
-0.644437
-0.757766
1.31196
-0.90205
-1.11223
-0.512036
-0.301441
0.519892
2.32673
0.985372
-0.494671
0.647238
-0.758076
-2.15289
-0.918646
-0.960027
-0.0714598
-0.418993
-1.29347
-1.34617
-0.749146
0.71412
0.218095
1.97347
1.14582
-0.526427
0.99127
0.777009
0.269688
0.180925
0.360025
-1.66244
-1.00098
-0.56473
0.519616
0.000283623
-0.275922
1.34524
-0.444841
-0.200943
0.364277
0.920572
-0.462085
0.152118
0.947687
0.295807
-1.11202
0.991893
-2.22325
-0.558021
-0.356226
0.224116
-0.777927
0.64675
0.431647
-0.331485
-1.67037
1.3491
0.014244
0.343096
-0.69469
-0.0889254
0.922203
-0.211748
-0.993331
1.38749
-0.608497
-0.93519
0.298321
-0.599282
0.398564
1.67473
1.53377
-0.81355
-0.00759312
1.43265
0.606262
-0.693219
-1.27613
1.65585
-0.344399
0.496143
-1.99035
0.954881
0.846058
0.107809
0.511621
2.04594
-1.3319
1.00813
0.642471
-0.958734
-1.45983
-1.43187
0.209352
-0.457436
-0.937314
-0.0691123
0.296495
0.82318
0.101474
0.0102107
1.43181
0.534671
1.40909
-1.31243
-0.419958
-0.525403
0.870503
-0.0932761
-1.58375
-0.55744
-0.204429
0.332391
-0.933193
-1.00999
1.09747
0.0706162
-1.68447
1.87428
-1.27704
0.030568
-1.08848
0.545625
0.635992
0.478066
-0.139952
0.302579
-1.53266
1.45843
1.31294
0.172212
-0.75552
1.10467
0.289481
0.777602
-0.272465
1.32356
-2.22466
-1.21322
0.369348
0.207299
0.685381
0.0537314
-0.371581
-1.03504
0.171196
-0.287335
0.860077
-0.894278
-0.564323
0.949065
0.791428
-0.598517
-0.849115
1.51392
-1.36697
-0.0269494
-0.684019
0.866372
-1.44209
0.341526
-0.215147
-0.936047
-0.625817
-0.258837
0.998204
-1.52827
1.97719
-0.0376388
-0.865006
0.648199
-0.0915713
1.22893
-0.792497
1.17156
-0.713245
0.770123
-0.726821
-1.47483
0.134844
1.00256
-0.395017
0.416004
0.601106
-1.03332
-1.88192
-1.07671
0.80681
-0.171175
0.754918
-0.943568
-0.162773
0.691748
0.970774
0.519058
1.2846
-1.50974
-1.60187
0.344819
-0.827354
1.43587
0.205862
-0.507356
1.34924
0.317786
-0.635647
0.391836
0.844878
-0.290832
1.11888
0.29677
-0.470086
0.330426
0.711544
-0.562102
-0.0141581
-0.504875
-0.658129
0.05022
-0.93312
-0.953712
1.01421
-0.622598
-1.32076
-0.782835
1.46081
0.053776
-0.130899
0.282701
0.805776
-1.38967
-0.465571
0.722662
0.664875
0.819761
1.08214
-0.102675
0.488383
2.29068
0.62909
0.046054
1.57281
-1.85799
1.15453
0.429986
-2.17388
-0.609681
1.4464
-2.2255
-1.68706
1.06041
1.70071
-0.611778
0.566559
1.50982
-0.645248
0.0450873
0.211619
0.153725
-0.92724
-0.675452
0.0762701
-0.993033
0.781614
-1.76769
-0.516333
-1.45648
0.956724
1.04814
0.394953
-0.53558
0.20609
1.79671
-0.0181417
0.512192
0.733094
-2.23295
0.241083
0.323095
1.46528
-0.191506
-1.57309
1.78918
-0.718218
0.381174
1.20584
0.803586
1.75447
0.0765454
1.00948
0.462035
1.2735
-0.190783
2.04559
-0.0346702
-1.5338
-1.20065
-0.337481
-0.71562
-0.548017
-1.9483
-1.24909
-0.817887
1.69082
0.133047
-0.746892
-0.0292998
-0.417138
0.377414
-0.497817
1.09701
-0.608683
-1.30523
1.24124
0.233971
0.516391
-0.786671
0.211322
-2.76081
1.70825
1.36121
-0.912234
0.253912
0.290309
0.857669
-0.417452
1.10794
-0.219393
-0.485069
0.927136
1.08434
-0.971374
-0.22913
1.47948
-2.21382
-0.266866
0.454475
2.43835
-1.27828
-0.580216
-0.424093
-0.0789011
0.123714
-0.571677
0.924894
-0.525905
-1.90477
0.00292844
0.854717
0.524672
0.113955
0.798648
-0.192304
1.67319
-0.432468
-0.387801
0.880254
-0.0133141
-1.1581
0.474937
1.45916
0.351044
0.445423
0.0134967
0.121866
-0.900892
1.72821
0.557498
-1.76992
-0.228063
-0.584125
-0.752106
-0.696442
-2.44288
0.985572
-0.791128
0.349731
-1.1471
-0.303061
1.21338
-0.101882
0.715125
-0.370775
0.428668
0.598111
-0.258294
0.63764
-0.495591
-1.3584
-0.838829
0.373646
0.471583
-0.425439
0.027258
1.23597
-1.2983
-0.688237
1.05006
-0.228919
-2.02083
-1.25163
0.0129585
-1.79742
0.147129
0.832155
-0.671173
2.31778
1.81859
-1.04423
1.90818
1.14407
-0.298415
0.251806
1.92313
0.513821
-0.111143
0.150606
-0.634103
-0.485911
-0.89444
1.93964
-0.916271
-0.183392
0.259801
0.199897
0.501289
1.40893
0.5994
1.47727
-0.504219
-2.32195
-0.124566
0.540127
-1.16815
-0.474439
-0.141303
-0.0963148
0.964078
-0.998581
-0.228875
-0.0117893
-1.65613
-1.37597
-1.15783
0.547737
1.0928
-0.547766
-0.223976
-0.595545
-0.490906
0.118939
-1.15721
-0.0273295
-2.17211
0.401079
-0.466451
-0.518112
1.02288
0.1788
-0.209353
-0.865925
0.389794
1.64205
-2.12434
-0.34187
-0.798729
-0.8563
-0.71007
-0.395094
0.225729
0.89081
0.765195
1.24644
0.751507
1.06052
0.828943
-0.164475
1.99467
0.587074
-0.979931
0.59308
0.0429714
0.0944523
1.45898
-1.83764
0.0435698
-0.592882
1.20638
1.50009
-0.178077
1.31939
-1.23622
-1.08003
-2.37894
0.431838
0.25256
1.17864
0.383404
