0.195145
-0.936266
-0.435922
-0.0534767
-0.509945
0.787273
0.341691
-1.3061
-0.175854
0.134448
-0.958375
-0.188289
0.0475332
0.149359
0.116148
-0.651221
0.379293
-0.230602
0.0196148
-0.552174
0.42482
-0.260202
-0.214918
-1.04568
0.696516
-0.0274386
1.05484
0.570363
0.163258
1.70955
-1.18079
0.928428
-0.744545
-0.856993
-0.0654035
-1.14967
-0.214734
-0.527687
0.347115
-1.11269
0.654131
-1.19168
-0.82527
1.36128
1.05022
0.18917
0.528355
-0.806423
1.02724
-0.148807
-0.413332
0.913591
-0.289892
-1.12373
-0.89252
0.971993
-0.118793
-1.00444
1.90397
0.735518
1.34684
0.379705
-0.0675206
0.109155
-0.172482
0.188779
-0.284031
-0.667552
-0.328534
-1.25196
-0.024103
0.89697
0.607004
-0.506377
1.47635
0.0198891
-0.0631077
0.813092
-1.09703
0.652199
0.440751
1.01318
0.109667
-0.705197
-0.865421
0.0806191
1.35423
0.516298
-0.755281
0.584618
0.741555
0.271127
-0.733013
0.447963
1.16988
-0.407795
-0.974198
-0.0686975
-1.33041
0.408503
0.50923
1.06117
0.362236
0.558078
0.846813
1.04614
-0.656745
0.401109
-0.155511
-0.546021
0.422387
-0.397865
1.33545
-0.244413
0.47598
0.424622
-0.193212
-0.286572
-1.3921
-0.928847
-0.219248
-0.331709
-0.349087
0.0203892
0.249236
-0.496575
-0.261811
0.203377
-0.232552
0.247923
-0.108612
-0.40437
0.30944
-0.456211
-0.574072
0.4882
-1.23548
0.0617996
1.10384
1.827
0.779779
-0.241348
0.968899
-0.455691
0.0208726
-1.66603
-0.673422
0.498804
-0.518197
0.150139
1.0918
-0.88227
-0.189404
-1.02916
-0.99689
0.298649
0.140139
-0.450674
-0.286115
-0.105497
-0.645722
-0.728241
0.464414
0.832409
-0.176672
0.0990728
0.0460984
0.444067
0.0924629
-0.863657
-0.404801
-0.464541
-0.848547
0.761739
0.587871
-0.423534
0.784603
-0.112695
-0.452636
-0.79608
0.947805
0.359776
-0.807417
0.685595
-1.1655
1.11262
-1.848
-0.224025
-0.590922
0.114276
-0.926368
0.0355767
0.153338
0.299505
0.572306
-0.609218
-0.444488
-0.175875
-0.349935
0.348569
-0.156328
0.266469
-0.0996266
-0.908865
-0.266283
-0.471457
0.0921825
0.338479
0.229625
0.424997
0.498149
1.05406
-0.100665
1.00651
-0.0368523
-0.0485145
-0.892356
0.292156
-0.723853
0.802193
-1.11496
-0.000738298
0.333845
-0.272103
0.805081
-1.43745
-0.601284
-0.521564
-0.798009
-0.960957
-0.342546
-0.70248
1.07082
-0.790807
1.01071
1.58436
0.588059
0.814864
0.174362
-0.215381
0.509031
0.307467
0.0265716
1.23082
0.186745
0.59072
-1.47762
-0.381552
-0.275603
0.653662
0.902685
0.769946
-0.505778
0.287198
1.02303
-0.0328329
-0.291052
0.12564
-1.29805
1.1527
0.824605
-0.713197
0.955613
0.681779
0.838016
0.760207
0.830472
0.531662
-0.0903287
-0.436335
-0.240761
-0.0756365
-0.893914
-0.226402
-0.0546088
0.946324
0.401837
0.477365
-0.629129
0.0825304
-0.541334
1.12779
0.906556
-0.0843281
-1.0313
1.63985
-0.72016
-1.48411
-0.747665
-0.336046
0.236169
0.26267
0.173411
-0.444216
-0.0356243
-1.11222
-2.64944
0.654546
0.300838
0.2704
0.751308
0.0818726
-0.0847242
0.746952
0.335248
0.413175
0.935214
-0.737417
0.630231
-1.34991
-0.64788
0.129361
0.897936
-0.416655
0.184464
-0.699312
-0.0146572
0.622601
0.383125
0.382754
-0.511216
-0.475127
-0.848815
-0.451284
-0.538532
-0.633712
-0.646356
-0.404414
0.559537
-0.552111
0.505945
0.827715
0.0457469
-0.783734
-0.500031
-0.48616
-0.157614
0.671523
0.359675
-0.156701
0.479899
-0.898342
0.0957164
-0.474721
0.352084
-0.434523
-1.34011
0.776374
-0.22252
-0.774766
0.378815
-0.187101
-0.0540261
0.704283
-0.208721
0.190137
-0.249663
-0.724532
-0.425135
-1.06173
-1.73688
-0.974247
1.41253
0.0380234
-0.338762
-0.119564
-0.881711
0.0900487
-0.15808
-0.352034
0.273367
-0.390894
-1.13847
-0.844668
-0.166396
-0.320992
0.316206
-0.177512
-0.286558
-1.70963
-0.482293
0.0199519
-0.184553
0.517993
-0.115164
0.607493
-0.490582
-0.406375
-0.220892
0.547277
0.11903
-0.270061
-0.31616
1.04828
1.02916
-0.165132
-0.796815
-1.0955
-1.86585
0.4218
-0.00555625
-0.310618
-1.23448
-0.318391
-0.225659
-0.867991
-0.693841
0.083735
0.0643209
0.937599
0.113538
0.371834
0.116614
0.636459
0.523391
0.847849
-1.2791
0.423986
-0.545152
-0.1134
0.967179
-0.355342
1.12298
0.451297
-0.044418
-0.208341
-0.597633
-0.567797
-0.624122
0.0302262
-0.594866
-0.986083
-1.69935
0.5978
0.097487
-1.61315
0.718703
-0.418047
0.0657149
-2.58824
-0.280681
1.69602
0.139317
-0.153178
-0.190807
0.370896
0.538854
-0.746451
0.190687
-0.556495
-0.359378
0.355099
1.2248
0.122279
0.141768
0.489166
-0.451863
0.296657
-0.611717
0.0331499
-0.463961
-0.364602
-0.0560149
-0.781566
0.051402
-0.678473
0.283198
-0.888064
-0.276223
-0.169782
1.10933
-0.108337
0.667724
-0.0812219
-0.817105
-0.297334
0.0245215
-0.115017
-0.62266
-0.101603
-0.0901396
0.0795412
-0.188778
0.571695
0.700429
-0.323606
0.292422
-0.916551
0.957652
0.0372537
1.01636
-0.182564
0.0392154
-0.177495
0.230829
-1.10826
-1.39196
-1.0145
0.20046
-0.237623
1.14022
0.422677
-0.40464
-0.401802
0.295404
-0.489812
-0.562161
0.530219
-0.409168
1.00101
1.15209
-0.151129
0.808488
-0.0192022
0.0465935
0.342777
0.0673082
0.0760699
0.165027
-1.15776
-0.977324
0.259852
-0.0489391
0.935223
0.051725
-0.160645
-0.162661
-0.0252997
0.485139
0.363445
-0.565945
1.13363
1.48854
-0.0525491
-0.414238
-0.853409
-0.418087
-0.679939
-0.0584533
0.43943
0.971489
-0.496838
0.251603
0.515173
0.61419
0.602249
0.55049
-1.01288
0.140458
0.0833592
0.848735
-0.148483
-0.699162
-0.262936
-0.0841475
-0.762095
0.251902
-0.650536
-0.210839
0.74382
-0.144573
0.0579758
-0.451988
0.69696
0.120185
0.693572
0.0444102
0.249545
-0.159557
0.385741
0.801728
0.0100222
0.947922
0.505184
0.41049
0.757536
0.199033
1.15057
0.138332
-0.115639
-0.854933
-0.284272
0.306329
0.0600151
0.729063
0.820813
0.486768
1.51575
-1.44156
0.150284
0.183194
0.637441
0.598748
0.259599
0.208922
0.770796
1.25445
1.02441
0.0685195
1.25522
1.00947
-0.898543
0.122055
0.255566
-0.187964
2.08641
1.28996
0.485987
-1.42071
-1.10978
-0.20232
0.361201
0.679748
-1.21177
-0.231987
-0.237707
0.119161
-0.278805
0.764313
-0.554913
-0.356784
0.353708
0.549241
0.128439
0.0622924
0.0113525
0.0155893
-0.0987275
-0.117217
-0.647339
0.398845
0.999683
-0.971073
0.223797
-0.000382462
0.08409
-0.210561
0.595641
0.583594
0.106018
-0.297439
0.652461
-0.312083
0.548172
-1.10584
0.234353
0.44236
-0.856339
-0.290479
0.305133
0.00989922
-0.500189
-0.223892
-0.777062
0.23325
0.24179
0.400858
1.04677
1.96459
0.421934
-1.07993
-0.278305
0.539846
-0.165777
0.073186
0.745961
0.448099
-0.185929
0.841577
1.51366
-0.111267
0.758698
-0.473646
0.402765
0.101806
-0.374291
-0.00206841
-0.855304
0.584128
0.0792524
0.0163211
0.199105
-0.289655
-0.207151
0.037384
0.638237
0.629241
0.41475
-0.966915
-1.38481
-0.807086
-0.461762
-0.713549
-0.220792
-1.13305
0.286414
0.0828185
0.934436
-0.817224
0.701229
-0.678472
0.717822
-0.78091
-1.09364
-0.248618
0.5818
0.791297
-0.746186
0.764053
-0.635849
0.603519
0.21546
0.482722
1.16437
0.78629
-0.51115
-0.1265
-0.440813
-0.290264
-0.387278
-0.106191
1.10349
0.81083
-0.421062
0.0634987
0.0132233
-0.350783
0.547334
0.0530163
0.0119248
-0.0466938
0.102077
0.586598
-0.701462
-0.252052
0.0895577
1.37997
0.936038
-1.93196
0.374686
0.909896
-0.351822
1.03691
-0.286886
1.44855
-0.735532
-0.375445
0.129315
-0.470396
0.0628893
0.343265
-0.925404
-1.25618
0.762302
1.61773
0.0786017
-0.333597
-0.220929
1.01976
0.276796
0.0139434
-0.112972
-0.134475
-0.0238135
-0.327747
-0.904519
0.418444
0.949912
-0.109305
-0.236128
0.273401
-0.198904
-0.574378
0.335716
0.48607
0.744459
0.0458639
-0.615755
-0.0514006
-0.472511
-0.979506
-0.252015
0.105649
-0.66786
0.373724
0.523183
0.0630809
1.42365
0.359112
-0.546586
0.337411
-0.783938
-1.34679
0.149455
1.15797
-1.2577
0.465842
0.705237
0.0502683
1.54949
0.377411
1.07116
-0.52105
-1.12715
-0.0176328
0.141473
0.543743
-0.268114
-0.345611
-0.76745
-0.626713
-0.965283
0.392538
-0.260195
0.151214
-1.22119
-0.490274
-0.0645271
-0.0790153
-1.27329
-0.0542984
0.889423
-0.118305
-0.991809
-0.554292
-0.829697
-0.527584
-0.176305
0.459802
-0.395109
-0.141404
-0.12704
-0.185375
0.466877
0.0695192
-0.372385
-1.10784
-0.474295
0.227185
-0.924827
-0.156354
0.916421
-0.90403
0.0544004
0.471476
0.676629
0.895535
-0.494987
-0.711337
-0.0795436
0.498876
-1.08037
0.0063514
-0.33306
0.183668
-0.231483
0.594008
-1.55481
0.067927
1.02597
-1.03233
-0.371392
0.938061
-0.393656
-0.0215281
0.179241
-0.0454634
0.513979
-0.12383
-0.470426
-0.15219
-0.475595
-0.453706
-0.0325356
-0.513608
-0.734776
0.555885
-0.475712
0.318702
-0.0780812
-0.131185
-0.270819
-0.282568
0.469706
1.22188
0.519703
-0.660424
0.122648
0.86398
0.0933976
0.311553
-0.748656
-0.295082
-0.202095
-0.440444
0.0777838
0.461296
-0.436555
-0.401874
0.862998
0.954715
0.161294
0.912725
1.37538
0.133043
-0.28256
0.306962
0.0545498
0.0399131
0.990068
-0.0230035
0.688148
-0.181441
-0.0573507
-1.01822
0.181555
-0.1516
0.233644
0.407689
0.355667
-0.160299
0.697184
0.0631178
-0.709982
1.27749
0.879574
0.50352
-1.04706
0.678179
-0.783049
-0.481325
-0.944446
0.235572
0.337973
-0.351573
0.434084
0.0467942
-0.574888
0.89455
1.00331
-0.0114778
0.689376
0.316886
-0.233891
0.00967743
0.877058
0.317329
0.0797608
0.44994
0.800088
-0.00405216
0.0982195
0.373769
-0.527435
-0.468347
0.785832
-0.792863
-0.0703005
-0.537669
-0.184575
-0.906061
-0.286724
0.0950834
-0.424091
-0.151204
0.427983
1.14389
-0.148433
0.150333
-1.20664
0.143958
0.100315
0.150841
0.673811
0.887825
-0.191841
-0.328608
-0.0430196
0.337572
0.763824
-0.918016
0.912184
0.666534
0.647835
0.0395835
-0.616303
1.07366
-1.34501
1.28787
0.447413
-0.589886
-0.524865
-0.0498181
-0.844011
-0.312306
0.942881
-0.930622
0.152815
0.719853
0.311114
-0.270157
-0.307745
-0.668253
0.63589
0.262534
0.73165
0.565284
0.339864
0.0861118
-0.23777
0.240943
-0.419932
-0.869987
-0.0644912
0.592444
0.757192
-1.41344
-0.144707
0.437995
-0.514509
-0.083321
1.1434
-0.0642118
0.274432
0.377919
0.000153239
0.860664
-0.197326
-0.528739
0.785427
1.28035
-1.0666
0.20551
-0.975194
-0.137143
1.10118
0.142942
-1.21146
0.416161
-0.0171364
-0.714786
-0.0366139
-0.772745
0.844593
-0.317012
-0.117828
0.896267
-0.468789
1.36748
-1.23649
0.493692
0.0146053
-0.433528
-0.267675
-0.516889
0.120827
-1.25792
1.03109
0.409548
0.183085
-0.414346
-1.03522
0.173581
0.92283
-0.368395
-0.0766243
1.26365
-0.394663
-0.208393
0.322869
0.82548
-0.167415
1.1895
-0.574222
0.940138
-0.7929
-0.653926
0.558994
0.429216
-0.967661
0.29083
0.0257871
-0.18484
-0.222329
-1.08147
-0.143005
-1.03916
-0.523044
1.85391
-0.365349
-0.776712
0.0987567
1.83361
-0.780751
0.515553
-0.145217
-0.575447
-0.676536
-0.431989
-0.0422112
0.023106
-0.705315
-0.353965
-1.07454
0.220956
-0.411476
0.669463
0.193282
-0.373117
-0.0674887
0.430504
0.184314
-1.12932
-0.220235
1.39525
0.575795
-0.368683
0.1007
-0.157107
-0.116154
0.74817
-0.25903
-0.825299
-0.574937
-0.117479
-1.09712
0.480158
0.292035
0.519753
0.878187
1.46216
0.647562
-0.134931
-0.0597154
0.263189
-1.67624
-0.288626
-0.156689
0.199707
0.42797
-1.44538
1.00151
0.827185
0.155884
0.302688
0.786226
0.828314
0.665022
-0.879482
0.454227
0.140097
-0.0488381
-0.0343419
0.39808
-0.968653
1.37322
0.953224
-0.297224
0.0569428
-1.36102
0.578745
0.0923953
-3.0034
2.06046
1.36257
-1.68415
-0.97566
0.462001
-0.384907
0.0875679
-0.115045
-0.244752
-0.434453
-0.699963
0.995399
0.47913
0.529103
0.406131
-0.129623
0.554808
0.562474
-0.113072
1.42528
-0.650776
-0.182804
1.11682
0.0433102
-0.144382
0.712848
-0.320039
0.475842
0.473121
0.0856445
1.36102
0.735161
1.72919
-1.16038
0.145691
-0.415759
-0.304314
2.49299
0.90916
1.22845
-0.58217
0.0254543
0.295262
0.781246
0.607736
0.0285759
-0.143505
-0.428153
0.330277
-0.772868
-1.51572
-0.107747
-0.669672
0.12578
0.310447
-0.353639
-0.0827092
-0.644516
0.741827
-0.160124
-0.173858
-0.0824053
0.616032
1.12301
1.12037
-0.375002
-0.00379033
0.989291
-0.984418
0.359137
-0.0620716
0.553724
-0.290968
0.692146
-0.679997
0.0502229
0.0103714
0.39117
0.374371
-0.490765
0.344197
0.239284
0.430115
-0.878585
0.477497
-0.177656
1.04228
-0.556774
0.234741
1.14198
0.254835
0.158575
0.200654
0.296
0.980779
-0.336434
-0.73826
0.176317
0.158489
-0.0634471
0.0782873
-0.174306
0.90499
-0.0447333
-0.839338
0.240605
-0.209272
-0.359612
0.351922
-0.235286
-0.177504
0.590259
-0.337046
-0.216019
-0.542853
-0.0739905
0.187719
0.91729
-0.647345
-0.705964
0.877299
0.412252
0.0116764
1.65008
0.497218
-0.355117
0.530323
0.906497
-0.531756
0.128031
-1.04351
-0.051813
-0.351565
1.22488
-1.03175
-0.683113
-0.432611
-0.609619
-0.47745
-1.09182
1.40967
-0.344805
-0.583179
-0.256956
0.2795
1.06965
-0.156859
1.13993
-0.377573
-1.79872
-0.689115
-0.159613
1.77941
-0.875298
-0.310071
-0.131518
-0.319783
0.457523
0.189703
0.70321
-0.65517
0.448413
-0.427823
0.492226
-0.331018
-0.00972153
0.176831
0.557797
-0.0443908
0.185355
0.477789
-0.734553
-0.427773
0.194272
0.505405
0.180982
-0.657387
0.0607848
0.179464
-0.973477
1.12221
0.142178
-0.390704
-0.338838
1.03157
-1.25885
-0.75368
0.953997
0.395469
0.54219
0.715919
-0.123323
-0.318595
-0.416564
-0.124636
0.610963
-0.337063
-0.570193
-0.229616
-0.65605
0.815836
-0.240984
-0.19907
0.0170059
1.75706
-0.598806
-0.997648
0.109623
-0.032276
0.0436822
-0.671823
-0.445055
-2.70443
0.0318281
0.636288
0.525141
-1.01152
-0.313233
-0.462664
-0.622056
0.0613375
0.0899745
-0.196193
0.687403
-0.754002
0.771407
0.654248
0.514437
1.25963
0.429013
0.145781
0.049532
0.3131
-0.0377416
-0.0432687
1.13696
0.31798
-1.12101
-0.503312
-0.604901
0.478683
0.404694
-0.0270809
0.0134264
0.137891
0.293747
-0.716365
-0.228029
0.454331
0.978249
-0.152706
0.540733
-1.00786
0.0514643
-0.321581
1.07813
-0.118379
-1.09847
-0.416464
-0.642717
-0.18698
0.30931
-0.39303
1.11708
-0.221953
0.423454
0.344796
0.347939
-0.80521
0.483573
0.949131
0.028676
1.09062
0.0818325
-0.561338
1.58535
0.662781
-1.14327
0.432591
0.362311
0.295898
0.429005
0.889071
0.317294
0.618611
0.612494
-0.467
-0.23547
-0.302883
1.49701
-0.128082
0.574735
0.333226
0.822312
-0.393483
-0.146232
0.0822547
0.137905
0.38904
-0.208214
1.25324
-0.369744
-0.326784
-0.464437
0.411591
0.350021
-1.57398
-0.895149
-0.263487
-0.319746
-0.710294
0.720865
0.78538
-0.421037
0.645014
-0.552979
0.114736
-0.368037
-1.07725
-0.182835
1.15858
-0.185264
0.192754
0.755393
0.246105
-0.00722309
-0.312537
-0.382736
-0.421496
-0.754902
0.374897
0.267161
-0.517971
0.738951
0.157027
-0.584353
0.214749
0.0722168
0.0239184
0.174627
0.431277
-0.0595395
0.53695
-0.673616
-1.339
-1.15204
-1.80714
-0.348419
0.600906
-0.0873187
0.305274
0.851413
-0.182279
0.322131
-0.519344
0.058232
-0.57626
0.438933
-0.312677
-0.517164
0.822273
0.896747
-0.142492
-0.0122775
-0.395769
-0.439463
-0.91019
-0.230839
-0.589794
-0.690593
0.221981
-0.117716
-0.0694245
-0.798755
-0.0485263
0.113024
0.722451
-0.0355807
-0.0502053
0.588447
0.367011
-0.515457
-0.82439
1.5635
-0.075302
-0.0651814
-0.702231
-0.717543
0.103508
-0.687779
1.05308
-0.193227
0.0961445
-1.81427
-0.0652808
-0.569032
0.503728
-0.0408676
0.301954
0.147022
-0.639529
-0.0591154
0.473126
-0.678875
0.46157
0.280348
-0.468577
0.84484
0.174826
-0.271248
0.970515
-0.816723
0.21662
-0.63488
0.343601
-0.64252
0.767597
0.849161
-1.54857
-0.0756273
-0.270779
-0.0195486
0.439698
-0.0334761
0.988923
0.24195
-1.80232
0.892558
0.528162
-1.41183
-0.166636
0.990988
0.499479
0.519193
-1.84817
-1.02777
-0.00217694
0.0711809
0.0897867
0.587146
0.519622
-0.264759
-0.0792365
0.936143
0.133294
-0.44019
-0.01871
1.75809
-0.0545354
-0.666318
1.04034
-0.270674
0.0817455
-0.577288
-0.176788
-0.682712
-0.513493
-0.550016
0.428639
-0.737336
0.462864
0.454686
-0.239682
0.376301
-0.0394789
-0.369598
0.378315
0.107862
-0.820948
-0.248862
0.386484
0.404661
0.400156
0.0464801
0.34863
-0.804335
-0.080023
-0.0843948
-0.310544
0.620816
0.807789
0.16209
0.226309
-0.339182
0.364555
0.254981
0.800653
0.266203
0.717595
-0.0746914
-0.423557
0.654381
0.903567
0.835785
0.437168
-1.19307
0.5701
-0.159297
-0.542279
0.617263
-0.0656024
-0.872969
-0.733218
-0.535122
0.166651
0.216374
-0.328537
0.738081
0.564373
-1.09714
1.3012
0.142373
0.254716
0.221024
0.331935
-0.262461
-1.03991
-0.102867
0.261264
1.14768
-0.259069
0.146565
-0.163742
-0.250656
1.54252
-0.517027
0.501353
0.619671
-1.54174
0.300633
-0.474956
-0.556162
0.811864
0.223247
0.774741
0.372021
0.595454
-0.24345
-0.27437
-0.050061
0.37172
0.14
-0.0214247
0.510169
0.306692
0.540174
0.334337
-0.0986148
0.364108
1.05684
0.147109
-0.420709
-0.690905
-0.175346
-0.46461
0.702717
-0.555152
-0.250036
-1.31999
-0.249675
0.459472
-0.585174
1.64894
0.337408
0.506394
0.487959
0.237228
-0.515193
0.26323
0.953056
0.0539245
-0.478923
0.662254
-0.639246
1.31007
0.279784
-0.300409
-0.180441
0.817834
0.126907
-0.166478
-1.04405
-0.443611
-0.186806
0.134514
-0.177451
0.257042
0.811465
1.45784
-0.804623
-0.869625
-0.630561
0.123057
0.391755
-0.091013
-0.155456
0.671856
0.622798
-0.632169
-0.912823
-0.646726
0.404174
0.435339
0.670597
0.49744
1.0529
0.857644
0.74813
-0.254439
0.300574
0.118019
0.772821
0.311461
-0.193677
0.102436
-0.0358433
0.649833
0.633203
-0.0124836
-0.208699
0.0720136
-1.02456
-0.490169
0.608548
-0.871613
0.083249
0.0987598
-1.29419
0.26653
-0.709348
-0.475941
-0.705054
-1.37436
-0.65182
-0.682459
-1.23724
-0.579699
0.631133
-0.0285406
1.30912
0.845454
2.21275
-0.647772
0.426657
0.026736
0.409082
-0.0711987
-0.20913
-0.570889
0.176857
0.259168
-0.246331
-0.823825
-0.328812
-0.371077
-0.304492
0.656494
-0.551843
-0.660155
-0.19897
-0.224307
-0.469545
0.149953
0.746705
1.0182
-0.113325
1.02927
1.47884
-0.524995
-1.30941
-0.00575665
0.214131
-0.171501
-0.053363
-0.212822
-0.0329842
-0.105563
-1.06658
0.50864
-0.383005
-0.935454
-0.121495
-0.17942
-0.482342
-1.20694
0.351581
-0.251425
-0.64551
0.586284
-0.826408
0.167571
0.269452
-0.396256
-0.124939
0.00638987
1.24618
1.20274
0.763774
-0.466047
-0.156594
-0.707396
-0.411995
-1.09859
0.483234
-0.0578372
-0.031191
-0.781483
0.196526
-0.231443
-0.36189
-0.521588
0.684911
0.906205
0.217395
0.742354
0.312535
-1.87073
-1.60532
0.024639
0.684331
-0.204056
1.10194
-1.52846
-0.256603
-0.561347
-0.996352
-0.394038
1.76686
-0.672959
0.0542354
-0.354375
-0.580156
0.179421
0.56809
1.23446
0.821969
0.304141
0.0165544
0.444427
0.654574
0.474182
-1.10779
-0.116027
-0.579982
1.47657
0.244913
0.439295
-0.573237
-1.03257
0.670269
0.0444362
-0.38468
0.308136
0.46549
0.0387665
1.0233
0.184214
0.00849867
0.118836
0.198175
0.136847
0.170192
0.0182321
-0.135103
1.05141
-0.763101
-0.219038
-0.87606
-0.396213
0.590327
0.48711
0.765072
-0.154117
-0.399551
-0.221924
-0.458285
1.56358
-0.479036
-0.0235489
0.806953
0.718523
0.743659
-0.451167
0.568029
-0.485847
0.931741
0.152633
-0.870583
0.0407517
1.37543
1.11621
-0.681335
0.457511
0.842595
0.576022
1.48407
-0.170528
0.558112
-0.722946
0.00718285
-0.123454
0.191866
-0.282531
0.929006
-0.852669
1.42899
0.373267
1.83429
0.0167997
0.421785
1.09228
0.464903
1.62688
-0.31744
-1.33955
-0.396067
-0.515447
0.619947
-0.0478414
-0.134898
-0.806685
-0.567705
0.516341
-1.78664
-0.86282
-0.0392003
0.131474
-0.0033075
0.00450858
-0.756681
-0.519862
-0.134695
-0.141249
0.524248
-0.256513
0.107611
-0.0743178
-0.344547
0.178304
0.255098
0.38983
-0.306864
0.194508
0.779497
-0.0292578
-0.863667
0.905192
0.699711
-0.256345
1.01471
-0.961412
-0.513729
-0.509196
-0.414919
0.8085
-0.192133
-0.0333908
-0.487721
-0.578505
1.02457
0.367633
1.28114
0.539283
-0.0897825
-0.494831
0.412439
0.605324
0.494112
-0.182674
0.159485
-0.0790415
0.625542
-0.151429
0.633566
0.88789
-0.340811
0.923756
-1.36931
-0.739164
-0.149383
0.105505
-0.202462
0.046276
-0.424519
0.305335
1.11981
1.17134
0.784355
-0.646715
1.60585
-1.50929
-0.640355
1.2406
-0.16272
-0.779346
-0.812875
-0.276198
-0.706598
-2.07272
-1.3576
-0.982354
0.555019
0.488983
-0.0451941
1.20443
-0.312999
1.65381
0.677898
0.479538
-0.344679
-0.26047
0.396581
-1.19607
0.473293
-0.618433
1.01325
-0.103225
-0.0315676
-0.409706
0.420229
0.0465709
0.810248
0.0018575
0.808114
0.317311
0.0998494
0.571609
0.773856
0.399144
-0.618675
0.0659783
-0.565363
-0.268413
-0.217275
-1.20373
-1.03908
0.292703
-0.948353
-1.1025
-0.123174
0.652246
0.42558
0.037463
-0.695953
0.0838158
-0.326649
-1.10799
-1.24648
0.671362
0.253725
-0.314915
-0.186238
-0.774661
-0.142987
0.470428
0.95563
-0.638593
0.459752
-1.1755
-0.529485
-0.279656
0.924411
0.276268
-0.249679
-0.899066
-0.746028
0.782313
0.384496
0.619765
-0.997324
1.24862
0.633914
0.294807
-0.0707022
0.00833753
-0.0338851
0.0538203
1.05154
-0.0172735
-0.398752
0.564159
-0.765972
-0.641363
-0.440529
1.38409
-0.127657
0.0909832
1.14148
0.2386
0.501064
0.0782173
0.577119
0.656361
0.283211
-0.0716832
0.567806
0.798553
-0.812411
0.706775
0.74536
-0.273262
-0.221901
-0.78812
-0.562604
-0.810491
-0.212997
0.000104893
-0.548564
-0.920848
0.472447
-1.63793
1.62802
0.230292
0.516827
-0.281265
-1.61511
1.48227
-0.636931
-0.504084
-0.113216
-0.322601
-0.0421016
-0.651164
0.616828
-0.729766
0.0772346
0.215562
-0.960475
0.635514
-0.684676
0.445468
0.213374
0.227843
-0.303512
-0.645391
-1.03525
-1.0331
-0.583889
-0.173206
-1.11013
0.434783
0.0248042
0.381068
-0.237704
0.223686
-0.400291
0.416519
-0.0510441
0.684175
-0.895972
0.225079
-0.168099
-0.904396
0.0660696
1.57087
0.203169
-0.514436
-1.3084
-0.205294
0.837325
-0.824064
-0.233012
0.159197
0.749823
-0.960903
-0.791149
-1.97617
0.729798
0.177404
-0.663539
1.25265
0.812221
0.324289
0.833883
-0.157534
-1.24003
0.187129
0.571137
1.1031
0.138819
-0.239284
-0.210484
-0.565903
-1.08225
-1.11561
-0.264871
0.633052
-0.676231
-0.67723
-1.04191
-0.624865
0.513404
-0.405008
-0.127927
-0.0436341
0.857912
1.36876
0.471196
0.956206
-1.20124
0.245049
0.558967
0.0967262
-0.462389
0.232183
-0.449701
-1.16939
0.669478
-1.19968
-0.301162
-0.0927707
-0.242844
0.444809
0.543876
1.24519
1.46121
-1.21225
-1.52676
-0.00428765
0.0487146
-0.122584
0.098518
-0.610827
-0.705456
0.913516
0.296827
0.775497
-1.35248
0.824154
-0.111202
-0.996044
0.478179
0.245431
0.154312
0.207616
-0.913502
-1.02154
0.176988
-0.857105
-1.03546
0.140293
0.209983
-0.725264
-0.483672
-0.583466
-0.165327
0.0536918
0.115474
0.797574
0.336685
-0.543365
-0.709918
-0.806754
1.15394
-0.800677
-0.24277
1.01583
0.630155
0.727391
0.275837
-0.325646
-0.392846
-0.0718015
-0.430076
-0.518909
-0.605348
-1.47449
0.139445
-0.868919
-0.142166
0.614258
-1.56343
-0.601458
0.368352
-0.120287
-1.26894
0.813302
-0.143927
0.411184
0.383294
-1.35257
0.145169
-0.831445
-0.0757906
0.705501
-0.663044
0.175763
-0.819212
-0.28677
0.1137
-0.528616
0.27928
-0.760855
-0.801604
-0.131312
-0.776456
0.120698
0.436403
0.708901
0.185067
-0.140081
-0.0833185
-0.463294
-0.634576
0.463426
1.13739
-0.23529
-0.724906
1.76589
-0.0944054
0.574725
0.174382
0.240028
-0.126816
-0.362835
-0.811368
0.361195
0.532943
-1.34166
0.71996
-0.486456
0.234102
-0.13155
-0.798227
-1.4347
-0.608615
-0.0992256
-0.791817
-0.125547
0.304579
0.917119
-1.08298
-1.15648
0.0450788
-0.402454
0.273331
0.194317
-0.159518
-0.200453
-1.36889
-0.0891887
0.139904
-0.19069
-0.123088
0.986952
-0.666202
-1.32017
0.0896807
0.231209
-0.717843
-0.279239
-0.817769
-0.355744
0.681515
0.267786
-0.370784
1.16742
0.303344
0.0655382
-0.654331
-1.97433
0.416747
0.285477
-1.72095
-0.0369394
1.37092
-0.885915
-0.346671
-0.168601
-0.414286
0.0615193
-0.953503
1.15363
-1.26029
-1.05733
-0.0888843
-1.36857
-0.13842
-1.29525
0.0212913
0.482065
-0.023936
-0.225575
-0.236281
1.79887
0.076867
0.357558
-0.584464
-0.230988
-0.752428
1.0514
0.174086
-0.441737
-0.73832
-0.323852
-0.56836
0.662023
-0.402428
0.337608
0.486689
-0.599637
-0.968923
-0.257506
0.587295
-2.19618
0.385055
0.383979
0.163559
0.66158
-0.326392
0.796007
-1.49786
-0.109435
-0.371585
-0.855916
1.06202
0.838636
0.376156
0.425608
0.531355
0.753176
0.638259
-0.224943
1.45374
1.3185
0.00261107
0.217495
0.590915
0.121402
-0.670799
0.238961
0.488941
0.656842
0.60715
-0.284024
1.04452
0.715462
-0.76753
0.32897
-0.296713
0.734938
-0.838624
-1.34913
-0.0108882
1.46133
0.39671
-0.666481
-0.82726
-0.0872101
-0.793193
1.2377
0.179682
0.515043
0.447293
0.931238
-1.24126
-0.109366
0.323712
-0.589102
0.292828
-0.355369
0.626345
0.0924661
0.758515
0.0792403
1.3642
0.455014
-0.461821
1.14088
1.13189
-0.103462
-0.665831
-0.161098
1.45449
0.147425
0.335904
0.504942
-0.634331
0.0247881
0.258668
0.572322
-0.80057
-0.578986
0.100617
0.565175
-0.389155
0.0274996
0.250949
-0.617024
-0.576754
0.639045
0.952644
0.844839
0.0398204
0.749491
0.168267
-0.112381
0.521383
-0.672742
-0.0764334
0.18014
-0.282431
0.808441
0.783378
-0.196589
0.262884
0.792984
-1.30662
-1.00104
-0.669555
-0.617897
0.0735045
-0.918102
-1.28631
0.032584
0.441713
-0.274148
0.415617
1.09846
-1.5013
-1.43487
1.07306
0.279905
-0.141532
1.45565
1.13049
-0.046063
-0.0849665
0.000108363
-0.101681
-0.225074
0.341426
1.4299
-0.680977
-0.64584
0.863802
-0.648215
-1.01573
-0.572337
0.439241
-0.0848652
0.617562
-1.11056
-0.0890542
0.803987
1.39495
-0.523144
-0.0338295
-1.77401
0.387291
-0.378987
0.125791
-0.449577
0.00872899
-0.719931
0.737659
-0.951488
0.679167
-0.486079
-0.521799
-0.58574
0.486952
0.16645
0.608268
-0.189943
0.624953
-0.803859
0.613362
-0.811198
0.554209
-0.160081
-1.36495
0.29071
-0.162437
-0.724901
0.185815
1.74238
0.563875
0.178035
-0.238914
0.508015
0.0855778
0.0546371
-0.0312397
0.325879
0.800456
0.831892
-0.133729
0.105969
-0.764922
-0.409396
0.921514
1.05204
0.273306
-1.18108
0.344784
1.15798
-0.11914
-0.52919
-1.07954
0.0432019
-1.13457
0.306206
1.65067
1.40991
-1.54317
-0.516901
-0.0237888
-0.680007
0.630561
1.25893
0.803618
1.22883
1.63962
-0.509535
0.332709
-1.25058
-1.71194
-0.35542
-0.063864
0.721528
-0.282375
-0.47143
0.361644
-0.601521
-0.330398
0.0640451
-0.263809
0.112322
0.60689
0.339527
-0.770573
-0.884545
0.428441
0.388138
-0.860411
1.76587
-0.305283
0.189412
-1.39847
-0.530409
0.824833
-0.122663
-0.767534
-1.71341
-0.579252
-0.978473
-0.634162
-0.615651
-0.610942
0.522008
0.744096
0.110499
-0.54441
0.20546
-0.552118
-0.124939
0.531428
-0.145306
0.960694
0.787587
-0.515703
-0.325474
0.788156
0.179535
-0.469927
0.0800161
-0.261036
-1.14164
-0.697935
0.496077
-0.09193
1.1597
-0.987703
-0.587873
-0.759504
0.0495588
0.135075
-0.541741
0.0575884
-0.940709
-1.13766
0.645002
-0.335301
-0.32829
-0.000208799
2.03877
-0.359588
-0.404574
0.263972
0.0707456
-0.23235
0.23319
0.122267
0.339289
-0.407351
0.691467
-0.131573
-1.2998
-0.507949
0.176901
-0.348463
0.939661
0.850597
0.333947
0.496799
0.564806
-0.182622
0.472633
0.826678
0.450589
1.09278
-0.748047
0.875376
0.5592
-2.09543
-0.912835
-0.321431
-0.152956
-0.34379
0.100906
0.322975
0.352202
0.446236
0.0809515
0.382358
-1.43985
-0.155885
0.0798753
0.552872
1.15121
-0.792332
-0.501492
-0.0498916
1.03976
0.42508
-0.283517
0.427997
-1.34494
1.06741
-0.154352
-0.759141
-0.386077
0.490607
-0.249867
0.335052
-0.839303
-0.691114
0.321551
-0.571552
0.310018
-1.02874
-0.232784
0.122423
-0.673216
-0.097635
-1.40994
1.24493
0.382527
0.21811
1.12785
1.05506
-0.781243
0.214953
-0.474548
0.857184
-0.208443
0.42885
0.280926
0.321981
0.506079
-1.24673
-0.359555
-0.610685
-1.27592
1.39399
0.762642
-0.185913
-0.501753
0.967034
1.38818
-0.0444687
0.321556
0.265797
0.138018
-1.59143
-0.504014
-0.0736556
-0.158159
-0.828349
0.628271
-0.826838
-0.423922
2.12592
-0.551782
-0.887899
0.469676
0.401401
0.519637
-0.401001
0.478759
0.173536
0.863384
-0.917186
-0.29906
0.0709613
-0.0305705
-0.574296
-0.751962
0.0522868
-0.418495
0.222504
-0.858071
0.839
-0.903679
0.15996
1.32567
0.779307
0.181179
0.542538
1.04599
-0.659845
-0.868974
0.354177
-0.0550036
0.517667
0.0856079
0.0782645
-0.133416
-0.641356
0.79189
0.114992
-0.383542
0.0495403
0.277003
-0.78036
-1.50664
-0.684331
0.394674
-0.882106
-0.825274
0.277064
-0.0519079
0.662578
-0.69182
0.540517
0.200634
-0.57171
-0.830421
0.174493
0.586029
-0.661085
-0.294311
-0.270903
-0.861274
0.502296
0.901686
-0.853575
1.11894
-1.15296
-0.275509
0.736478
0.0545092
0.348472
-0.421936
1.12967
0.255319
0.0995682
-0.895654
1.78876
-0.352438
0.49445
0.516425
0.125731
-0.505708
-1.00694
-0.346617
0.359379
1.58855
-0.775802
-1.02369
0.80088
0.361743
1.68424
1.32552
-0.518373
-1.19332
0.639072
-0.521013
0.2764
-0.618039
0.656963
0.393883
-0.0561866
-0.90094
0.578419
-1.2306
0.431523
-0.610286
0.425526
-1.34903
-0.00722994
0.501867
-0.720404
0.414924
-0.207872
-0.0725531
-0.521122
0.442718
-0.0974436
-1.50317
-0.663781
-0.220567
-0.43638
0.524157
0.215473
0.554905
0.239796
-0.366618
0.297152
-0.0477796
-0.942369
0.0862137
0.485896
-1.05225
0.807064
-0.00773792
1.10497
1.18697
0.676085
-0.21316
0.258759
1.74703
-0.166313
-1.08874
-0.863019
0.27498
0.258203
1.39816
-0.0213538
0.258658
-1.10475
-0.580887
0.151389
0.647795
-0.0319378
0.197478
0.286716
-0.190684
-0.625086
0.265193
0.97575
0.113537
-0.367481
-0.320856
0.587062
0.324893
-0.600559
0.279984
-0.0681338
0.684234
0.602739
-0.620659
2.1038
-0.151031
0.149822
0.121405
-1.36795
-0.522154
-0.168112
-0.859675
-0.298106
-0.493114
-0.660195
-0.819074
0.86891
0.540114
-0.64018
-0.307748
-0.914612
1.86268
-0.399608
0.743469
-0.317105
-0.097805
0.118652
-0.144237
0.664705
-0.649691
-0.139871
-0.856072
-0.651818
0.698009
1.64466
-0.919308
0.00505578
0.562282
0.328001
-0.922344
0.264281
0.39482
0.031128
-0.140556
0.189983
-1.13353
-0.407609
-0.504329
-0.337293
-0.610944
-1.74782
0.636864
0.440645
-0.429189
-1.33255
0.0687852
0.125747
1.70001
-0.0578162
0.370083
0.73259
-0.584231
-0.309347
0.227903
0.78319
-0.168511
-0.675016
0.10576
-0.0501763
-1.43243
-0.226736
0.682617
0.234349
0.351451
0.185256
0.710115
0.312109
-1.25379
0.0771936
-0.572729
-0.649094
0.786738
-0.877371
-0.193872
-0.752192
-1.15278
-0.851157
0.293381
-1.66872
-0.140591
0.777736
-0.320521
-0.501196
-1.1313
-0.747391
-1.17442
-0.153041
0.899254
0.853827
0.210294
0.116123
-0.446154
-0.99325
-0.678666
0.93911
0.14384
0.964372
-0.420261
-0.177671
-0.233405
1.03763
-0.440898
-0.919804
0.201204
-0.3234
-0.525759
0.385091
-0.201661
-1.10976
-1.19616
0.0657661
-1.13912
-0.323875
-0.286176
0.123935
-0.441015
1.12097
1.16823
-0.25622
0.249706
-0.0976258
0.370304
-0.951084
-0.91326
-0.711091
-0.468047
0.270392
-0.609044
-0.114191
-0.28618
0.501101
-0.487392
1.21923
0.0379815
0.47863
-0.830364
-0.943298
-1.11642
-0.436327
-0.673219
0.519985
-0.615128
0.374162
-0.66446
-0.343639
1.11386
-0.141111
-0.155644
-0.115468
1.23693
0.120753
-0.578106
-0.146795
-0.679671
-0.891466
0.418951
0.199176
0.602198
-1.04336
-0.880763
-0.860773
-0.890886
-0.630756
-0.0612952
-0.0976914
-0.189559
0.252556
0.0470974
0.312912
-0.167077
-0.216649
-0.348579
1.69343
-0.163612
0.182079
-1.09679
-0.962427
-0.760008
0.400147
-0.237901
-0.02017
0.23192
0.481525
-1.42786
-1.25479
0.787477
0.900915
-0.135362
0.535943
0.360488
-1.57965
0.00564723
0.492693
-0.284206
0.529557
-0.287025
-1.55577
-0.462495
0.548607
0.848022
0.116527
-0.0852381
0.910408
-0.48326
0.854166
0.100842
-0.746706
0.0821062
0.19903
-0.160989
0.78125
-0.811108
-1.42356
-0.431092
1.10369
-0.462131
-0.845065
0.0418151
1.21187
0.802678
0.909671
0.143845
-0.988125
-0.33991
-1.56207
-0.703774
-1.07002
0.727117
0.731293
-0.997597
0.963196
0.638356
-0.448965
0.382959
0.102662
-0.358702
-0.995335
-0.493639
0.228152
-0.396866
0.480789
-0.386058
0.106255
-0.0583838
-0.272337
-0.954031
-1.39033
-0.552734
-2.15021
0.525016
-0.371268
-0.489898
0.52076
-0.179783
0.04003
-0.754747
0.12799
-0.997323
-0.141848
-0.0468628
-0.354393
0.665484
-0.0552471
-0.142822
-0.851031
-0.825559
0.300295
-0.358712
0.108168
0.455631
-0.568447
0.506998
0.0660258
0.545664
0.550842
1.04185
-0.638113
0.79121
0.355218
0.98277
-0.0549384
2.05109
-0.132552
-1.14688
-0.131569
-0.999708
-1.42225
0.15876
0.5547
-0.58471
-1.76113
-0.485281
0.35721
1.05582
-0.513327
0.545877
-0.2036
-0.600318
-0.256552
0.774082
0.922728
0.316171
0.155734
-0.573338
-0.443548
-0.264403
-1.36615
0.725732
0.0723458
-1.04537
-0.945847
0.170488
-0.59644
-0.0402312
1.47108
-0.0430401
-0.00979682
-1.45212
-0.437874
-0.6658
1.39955
0.819261
0.869461
-0.188211
0.24091
0.237514
-0.214402
1.06967
-1.06627
-0.763855
0.31413
-0.48501
-1.20922
0.977168
-0.54071
0.00144767
-0.400158
-0.652758
0.492812
0.0736223
-0.744864
-0.488841
-0.0752085
-0.248063
-1.70921
0.49554
-0.524342
0.489758
-0.502179
-0.0576405
0.455293
0.144374
0.355103
0.35794
-0.29646
-1.66148
-1.8063
-0.85136
0.705091
-0.592932
-0.22599
-0.0874884
0.24606
0.339019
-0.48153
0.983585
-0.133173
-0.155008
-0.0170963
1.09403
0.823179
0.127963
0.675055
-0.291857
1.24078
0.868923
-0.19265
0.424868
-0.0912931
0.469906
0.267669
0.201656
-0.635736
-0.103485
0.799338
0.39464
1.74187
-0.878737
-0.758281
0.434496
1.25181
-0.0438614
0.222662
-0.854526
0.422562
-0.453778
0.203847
-0.430513
0.326607
-0.509162
0.38794
-0.756581
-0.222521
-0.741206
0.396553
-0.500687
-1.52081
-0.151488
0.12494
0.0549754
-1.0292
-0.523901
-0.209024
-0.127529
0.485902
0.868469
0.613592
-0.613596
-0.207356
0.178155
-0.220792
0.56575
-0.640441
0.161374
0.610192
-0.160907
-0.927778
0.196378
0.793758
0.359512
0.587052
-0.13866
1.63908
-0.557205
0.143585
-0.631031
0.550111
0.192688
0.00599255
0.255133
0.661218
-0.460059
-1.00023
-0.752955
0.0805974
0.382687
0.354587
0.874914
-0.879894
0.552713
-0.98275
-0.18989
0.452803
-0.430796
-0.984784
0.235667
-0.0335329
-0.804763
0.0417734
0.313841
-0.421459
0.285519
-0.148165
0.000899881
0.305575
1.03498
-1.05566
-0.398557
0.00625228
1.64694
0.108844
-0.32377
0.214661
0.138052
1.70183
-1.63297
-0.74484
0.158034
-0.337406
-0.0444844
-0.223372
-1.28536
-1.16254
0.00193139
0.0465141
-0.795813
-0.0854475
-0.556511
0.259464
1.1564
-0.198618
2.16939
-0.260619
-0.0753628
0.16543
0.0619892
1.4781
1.07066
0.836188
-1.13157
0.974052
0.471505
-0.0370795
0.174321
0.070966
-1.63188
0.498573
0.0448709
0.684379
-0.341381
-0.646873
0.543847
-0.307863
0.350659
0.0622655
0.343505
0.745069
1.35743
-0.307395
1.56174
1.07577
0.72369
0.272985
-0.608982
0.588859
-0.955045
-0.253658
-0.32455
-0.55408
-1.09128
0.0983007
-0.24945
0.633909
0.357448
-1.46634
0.818062
0.114121
-1.00588
-0.438303
-0.788623
0.896351
-0.314201
1.31733
0.760851
-0.0444361
-0.351812
0.321861
0.732239
0.667449
2.06729
-0.805078
0.695512
-0.68859
-0.516244
0.0598274
-0.191011
0.0306324
0.121818
0.280404
-0.764945
-0.900704
-1.06746
0.925365
0.486722
-0.133132
1.40232
-0.269156
-0.0754124
-0.934404
0.355031
0.370054
-0.97426
-0.216242
-0.316583
-0.399084
1.60397
-0.212518
1.13417
-1.09296
-1.50088
-0.132759
0.628897
0.656757
-0.498457
-0.467329
-0.638635
0.0649852
-0.806362
-0.691173
0.0846261
-0.864862
0.470018
0.81541
0.28876
-0.301726
0.981669
-0.408381
0.564403
-0.469113
0.969088
-0.0246341
0.26303
-0.438075
0.742175
-0.172151
0.219948
-0.133246
1.53998
-0.550864
-0.187891
-0.205915
1.32837
-0.2897
0.48476
0.535104
-0.214643
-0.364363
1.45997
1.0828
0.184426
-0.171689
-0.131579
-0.935791
0.584553
1.47372
0.115904
0.605275
0.962579
0.213757
1.63502
-0.575433
0.360986
-1.21333
0.637354
0.327009
-0.578887
-0.365181
0.382698
0.512149
0.578323
-0.335422
-0.39526
1.26631
-1.05587
-0.850356
0.249196
0.850712
0.315155
0.534962
0.268099
0.729462
-0.44752
-0.145802
0.182485
0.0572287
-0.697596
1.17769
-0.0918466
1.03501
0.98882
-0.443842
-0.494415
0.712392
1.5185
0.483823
-0.232894
0.441465
0.268334
0.958927
-0.130675
0.795557
-0.0272232
0.931781
0.118257
0.935766
0.921874
-0.8091
1.45667
0.111036
0.289438
-0.015698
-0.29879
-0.253061
-0.0625978
-0.646454
-0.601424
-0.933538
1.1112
0.48352
-0.397182
0.256217
0.387569
-0.977975
0.338294
0.668487
-1.52589
0.270883
0.159984
-0.370253
1.7226
-1.2002
0.61632
-1.79651
-0.1711
0.212866
-0.0706633
0.867409
0.0780968
-0.218402
-1.29775
0.328307
0.0277077
0.384517
0.891402
0.833231
0.304836
-0.164669
0.718297
0.122319
-0.249937
0.674997
0.305618
-1.00436
-0.653689
-0.20666
0.522548
-0.734976
0.993017
-0.0915243
0.111618
-0.155404
-0.432436
0.378493
0.0366133
0.122688
-0.548881
1.22031
0.98881
0.638536
1.13538
-0.959615
-0.121305
-1.68391
0.117912
-0.282007
-0.910234
-0.151162
-0.45388
-0.18879
0.6007
-0.0693691
-0.373049
0.352315
1.57834
0.354724
0.0259801
-0.624744
-1.30757
1.11935
0.333242
-0.908377
-1.15561
0.436501
0.374148
0.416201
-0.0653021
-1.57088
0.98691
0.0965279
0.642222
-0.273737
-0.393232
0.735424
0.700477
0.941496
0.425718
0.00780999
0.0982081
0.361485
0.98149
0.268667
0.927568
-1.66036
-0.494299
-0.0505336
0.466165
1.0872
-0.778868
0.249564
-0.177761
1.01906
-1.54733
-0.00710929
-0.492812
-0.115983
1.33634
0.720218
-0.432421
-0.196453
0.0842658
0.400426
-1.01233
-0.601157
-0.523802
-0.462393
-0.00214287
-0.198999
-0.151146
-0.271855
0.164001
0.416204
-0.911751
0.877891
1.00371
-0.582911
-0.732641
-0.37978
0.30584
-0.0397672
1.70242
0.356893
0.688693
-0.804315
0.334782
-1.26425
-0.0610883
0.194358
-0.715555
-1.64422
-1.06476
-0.242389
0.28398
0.241587
0.300075
-1.19033
-0.867928
-0.863472
1.21241
-0.408207
-1.44541
0.416657
-0.401914
-0.436205
-0.960364
-0.354646
-1.02683
-0.668363
-0.746117
-0.998018
-0.492223
0.204325
0.496832
-0.688776
0.689887
0.945253
-0.18753
-0.489516
0.118714
0.908611
0.0291886
0.145989
0.140326
-0.199167
0.0437565
0.142597
-0.0371855
0.0728974
-0.30212
0.833727
-0.135005
-0.849185
-0.854997
-0.506373
0.454993
0.076359
0.11198
-0.899991
0.542862
1.50006
-1.92219
-0.135939
0.852984
0.0702267
0.878295
0.0761527
0.0289622
-0.912735
-0.577577
-1.40169
0.444104
-0.60008
1.10396
-0.913878
1.53738
-0.405724
-0.567238
1.56382
1.14068
-0.885857
-0.745319
-0.776498
0.245277
-0.933375
0.921723
-0.494791
-0.142309
-0.176759
-1.00573
0.865323
0.517668
-0.237298
0.0620789
-0.243409
0.945254
-0.795938
0.860005
1.34306
-0.588037
-0.106406
0.964891
0.622347
0.0659267
0.973753
-1.12994
1.1534
0.549296
-0.146892
1.08848
-0.0640733
-0.825276
0.17
-0.342436
0.714852
-1.30066
-0.353271
0.408448
0.761885
-1.08663
-0.758953
0.326804
-0.197792
0.225496
0.171264
0.264251
-1.06696
-0.343093
0.219405
-0.549165
0.880177
0.995639
0.0874149
0.870912
-0.770427
-0.277188
-0.0255417
-0.711362
-0.579786
0.127511
0.130614
0.141061
-0.552515
0.0811556
-1.35265
-0.300676
0.0509238
-1.17265
0.353963
-0.972496
-0.318367
0.238787
-1.48001
0.0206953
-0.549191
-0.463971
-0.777476
-0.735846
-0.187778
1.15329
-0.639359
-0.270106
-0.0332558
0.239297
-0.26245
0.17859
-0.848862
-0.133335
0.0693174
-0.270087
0.849437
-0.41532
0.114206
1.36902
-0.457054
0.96805
-0.501383
-0.102958
1.5494
-0.136082
-0.968847
-0.546573
-0.415762
-0.524797
-1.28684
0.351506
-0.0243973
0.608817
-1.36669
0.0990395
0.606278
0.946899
0.288067
0.214446
-1.0488
-0.283821
0.338981
-0.0444368
0.592323
0.101555
0.31509
0.866607
0.434332
0.345766
0.104362
-0.360465
-0.489705
-0.652878
0.312617
-0.00653996
-0.292414
-1.35537
0.165539
-0.0666818
-1.18485
-0.889533
-0.366081
0.81852
0.577417
-0.557666
-0.94397
-0.218083
0.642308
-0.696069
-0.667673
0.873253
-0.168469
-0.568258
-0.710734
0.731248
0.603471
0.380357
0.697369
1.02606
-0.786273
0.483979
-0.0918718
0.308626
-0.437619
-0.142641
1.3114
-0.139508
-0.42453
-0.0752064
-0.446582
0.548887
0.982479
0.60498
-0.13707
-0.00436413
0.606314
0.626755
-0.913194
0.265272
-0.60319
0.302393
0.0239053
-0.359691
0.769724
-0.0340328
0.0887862
0.681565
-0.0972924
0.620771
1.00248
1.32595
-0.752942
-0.448504
-0.167969
0.0959246
0.133663
0.898453
0.620398
-0.237715
0.585084
0.202202
-0.141126
-1.71567
0.434919
0.535697
-0.326889
0.461816
-0.619188
-0.774737
1.07197
1.19969
-0.292208
0.00674642
1.13153
-0.426758
0.316047
0.709984
-0.940568
0.740094
0.847835
-0.453976
-0.967025
-0.0976732
1.07728
-0.424155
0.687111
0.016419
-0.0422133
-1.61523
-0.198184
-0.894138
-0.642229
-0.863708
1.15481
-0.481946
0.192456
0.0288901
0.505093
0.193333
-1.44611
0.744947
-0.35845
-1.02413
-0.197534
-0.888433
0.182238
-0.918269
-0.386312
-0.517482
0.544149
-0.605103
0.044669
-0.542336
0.135174
-0.770174
0.581674
-0.336581
1.80259
-0.0182375
0.396693
0.18958
1.68653
0.121194
-0.516004
0.566916
-0.25861
0.258686
0.885954
0.475641
-0.172138
-0.213073
0.512352
0.182148
0.664284
0.00538522
0.521273
0.518047
-0.123603
0.469565
-1.214
-0.88679
0.372528
-1.19497
-0.213773
1.25976
-0.641967
0.440158
0.843582
0.705525
-0.819569
0.61766
-1.28621
0.801336
-0.773008
-0.151898
0.346847
-0.291968
-0.0959186
0.587178
-0.84003
0.54517
-0.331396
-0.594692
0.429715
-0.520549
-0.0297153
1.22343
-0.647427
1.472
-0.627546
0.607515
0.980594
0.493746
-0.222561
-0.924997
1.04368
-1.44409
-0.599205
-1.18747
0.0905104
0.414078
-1.07805
-1.11727
-0.731182
-0.962825
0.105347
0.468943
-1.10201
0.682876
-0.602254
0.550415
-0.369882
-0.429463
0.503293
0.740197
-0.637114
-0.673582
-0.551449
0.1264
-0.341288
-0.856293
1.2541
-0.85694
-0.653518
0.787452
-0.895307
0.835791
-0.427574
0.601028
-0.544548
-1.03749
1.24963
0.544038
-0.193372
0.367605
-0.440767
0.554719
-0.428378
-0.0687125
-0.537641
0.0467598
-0.972013
-0.394176
0.484148
-1.27564
0.191852
0.146145
-0.741616
1.12883
0.435622
-0.41998
-0.831111
1.28396
0.285342
1.00038
-0.586481
-0.397189
0.377854
-0.00463546
-0.401835
-0.37975
0.780484
0.197533
0.273929
-0.253712
-0.46612
0.247191
0.820099
1.19529
-1.72799
0.786109
1.08853
-0.151433
-0.497281
1.4502
-0.029872
-1.42198
0.537367
0.899182
-0.0317248
-0.456705
0.51347
0.582276
-0.464407
-0.381933
0.740176
-0.0649049
0.328835
0.69721
-0.287782
-1.0408
-0.0528166
-1.57724
1.00844
-0.65965
-0.939621
0.0509497
0.872024
0.555317
-0.805617
-0.187282
0.584137
-0.082929
0.541308
0.106792
-0.173036
-0.19648
0.018446
-0.0347522
0.196921
-0.352203
-0.636229
-0.379136
0.733996
-0.034474
0.956104
-0.0658591
0.161618
-0.28589
0.323036
-0.702957
0.155617
0.862996
-1.39241
-0.342703
-0.452461
0.196317
-0.544333
0.0827648
0.128946
0.316479
-0.124524
0.493174
0.852075
0.16647
-0.313208
1.12341
0.191181
1.69725
-0.264864
1.06812
0.196583
-0.166159
-0.295855
-0.130635
-0.0023002
2.13361
0.229883
-0.240666
-0.995139
-0.79781
0.489734
-0.57774
-0.228254
1.1026
0.050955
0.944642
0.268768
0.214152
0.531883
-0.761217
-0.601052
-1.68333
0.883528
-0.638165
-1.68577
-0.25246
-0.332469
0.141152
0.989235
0.635993
-1.43207
0.158955
-0.995063
0.0268355
-0.019857
1.25813
-1.97111
0.134939
0.279747
0.448988
0.242461
-0.394156
0.0166992
-0.120235
0.0359765
-0.149848
-0.784303
-1.1076
-0.0351949
-1.75901
1.00453
-1.4821
0.485155
0.813431
0.0962047
0.380892
1.36891
0.220059
-1.14412
-0.499946
-0.746208
0.310238
-0.464517
-0.125938
1.34851
-0.983992
0.249064
-0.0477441
0.156222
-0.837176
-1.28702
-1.53375
1.00033
1.21228
0.64597
0.368576
0.217713
-0.280498
0.328798
-0.0134733
1.04499
0.298981
-0.729421
0.875656
0.310982
-1.12007
-0.344977
-1.06038
0.0121213
-0.928038
-0.255894
-0.528452
0.793416
0.0339873
-0.557946
-0.513265
0.0829174
1.22464
-0.607474
-0.127635
-0.470348
-0.479195
0.253558
-0.508
-0.138924
0.197956
1.0733
0.128578
0.543884
0.49921
0.828893
0.669976
0.0354112
0.723885
-0.436244
1.68623
0.280062
1.14495
-0.127623
-0.558574
-1.05627
1.12913
0.888505
1.25563
0.07519
1.5743
0.19372
-0.0987447
1.45167
0.272075
0.756554
0.0671055
-0.577043
-0.467566
0.686905
-0.0295194
-0.360349
0.995316
0.15426
0.361194
-0.286225
-1.54783
0.086264
-1.45196
0.379004
-0.0364678
0.00951068
0.492529
-0.10174
-0.502832
0.243162
-1.21618
0.500269
-0.369304
0.555917
0.844999
0.896382
-0.20927
-0.340634
0.258776
0.134918
-0.518729
-1.18371
-0.00383073
0.245387
1.81859
1.1509
-0.0949475
0.880196
-0.877042
0.235016
0.0334133
-0.960141
0.050183
-0.554286
0.833865
-1.01914
-0.631597
-1.32519
-0.424078
0.137665
0.63219
-1.62637
-0.20013
-0.267324
0.735649
0.66928
-0.362858
0.745387
-0.387831
-1.12263
-0.200314
-0.447848
-0.0196724
-0.12943
-0.316513
0.407444
-0.00332154
0.666461
0.0191382
-1.50577
0.386292
-0.242421
-1.17003
0.385301
-0.496583
-0.103785
-0.316096
-0.400536
1.36783
0.0996834
0.592745
-0.0494033
0.6468
-0.724396
0.854595
-0.805195
-0.368894
-0.334233
-0.703302
-0.604125
0.467057
0.337744
0.0749751
-0.792209
0.0501679
1.07714
-1.27332
0.346949
-0.101221
-0.294618
-0.0805996
-0.112128
1.1113
0.158026
-0.181033
-0.249647
0.165991
-0.434054
-0.440656
0.0538829
-1.34701
0.0209427
-0.383022
0.0433016
-0.315979
0.195111
-0.0978112
1.71908
-1.31361
-0.26444
0.356762
-0.937824
-0.294653
-0.732772
0.349412
-0.470196
0.789047
1.19684
-0.277043
-0.84298
-0.305119
-1.29528
-0.709758
-0.0180096
-0.686724
0.186917
0.457551
-0.0869854
-0.0642183
-0.680086
-0.427577
-0.870807
1.46914
0.860946
-0.610201
0.424611
-0.0753309
0.341841
-0.0214328
-0.739575
-0.412592
-0.435157
-0.533013
0.512972
-1.23624
0.529634
-0.422918
-0.521675
0.801235
-0.858955
0.894753
0.501538
1.80972
1.92828
0.718219
-1.22155
-0.0830797
-0.0337285
0.0899811
-0.279822
-0.224873
1.04186
0.109192
-1.25795
0.898432
1.40397
-0.678803
-0.505348
-1.14271
-0.41203
0.6563
1.22154
0.562035
0.327606
-0.0799691
-0.230966
-0.760499
0.0394503
-0.898882
-0.703654
-0.591523
-0.708701
-0.848442
0.541205
-0.306051
-0.321336
0.684352
0.288693
0.291852
1.09859
-0.407583
0.204755
0.0799088
-0.455953
1.08967
1.0016
0.360747
0.616702
-1.24128
0.184738
0.148268
-0.117182
-0.752177
1.15773
-0.676316
0.446203
0.605071
1.18212
0.322147
0.158302
-1.42165
0.728141
-0.478413
0.686059
0.410445
0.212529
-0.21633
-0.219745
0.295495
-1.02667
0.196116
0.487748
-0.124853
-1.33709
-0.102104
-0.662862
-0.129681
0.183199
0.317687
0.856574
-0.284711
-1.60441
-1.1037
0.631788
0.776685
-0.162583
-0.352138
0.23731
0.0681475
0.801412
-1.2322
0.190113
-0.574765
-0.347724
-0.244432
0.453236
-0.0616026
0.846799
0.680659
0.454991
0.0470742
0.116828
-0.489148
-0.300541
-0.6047
-0.914489
-0.644758
-1.14248
-0.113713
1.23833
0.513252
0.696644
0.293815
0.573191
0.0334181
0.0749251
0.577892
0.346128
0.701031
0.73735
0.364448
0.0792338
-1.12522
-0.59244
-0.460695
0.202248
-0.15117
0.657434
-0.498182
0.841403
-1.32224
-0.957659
0.496643
-0.188317
0.56389
-1.50512
-0.274763
0.57191
1.34126
-0.505564
-0.103849
0.870013
-0.185286
-0.706119
1.24775
-0.176222
1.27337
0.308235
0.047078
0.205364
1.78665
0.312274
-0.380687
-0.72687
-0.176612
-0.479654
-0.122329
-1.72387
0.847976
0.0684893
1.00499
0.487033
-0.48259
-0.856353
0.995292
1.5194
0.285201
0.27692
-0.344807
0.152873
0.265852
-1.28576
-1.08824
-0.279677
0.555559
0.408444
-0.94325
-1.40466
-0.0998719
-0.865135
-0.460813
0.540689
0.154157
1.03658
0.144496
0.102999
0.677455
0.249052
-0.444808
-0.188543
0.392579
-0.806207
-1.11463
-0.0455493
-0.873567
-0.517335
-0.171061
0.614546
-0.436511
-0.902704
0.0872054
-0.321905
-0.681585
0.839044
-0.0761498
-0.902369
-0.0496426
-0.180205
0.644298
0.416708
0.851635
0.872708
-0.161149
0.381282
0.276103
0.339157
-0.351261
-0.264963
-0.5808
1.04974
-0.214337
-0.380792
1.0068
0.35853
1.05098
-0.688535
-0.40546
-0.50947
0.277502
0.245706
0.102054
-0.311464
-0.563852
0.401957
0.648839
0.258736
0.12627
0.00431804
0.535668
-0.838825
-0.026996
-0.102654
0.152822
0.659447
-0.679958
0.43645
-0.841264
-0.379078
0.405191
0.830927
0.330677
1.0423
-0.799251
0.293301
0.0102687
0.142169
1.58382
-0.109423
-0.278657
0.887678
-0.915121
1.08765
-0.577431
-0.850017
-0.274902
0.702193
-0.655925
-0.638142
0.704124
0.193213
-0.242565
-0.121323
-0.814854
0.142563
-0.309329
0.436653
-0.431924
0.538756
0.161586
-0.17985
0.864301
-0.0223522
0.375482
-0.508196
-1.1383
0.380991
0.955926
-0.524488
-1.50838
-1.46561
-0.205435
0.330388
0.563434
1.50709
0.234869
-0.504633
1.21375
1.42964
-0.0154439
-0.891261
0.30376
-0.150357
0.33715
-0.0592088
-0.0100543
-0.957562
-0.387099
0.130445
-0.964346
0.686649
-0.138191
-0.10134
-0.232259
-0.648928
0.529812
0.309926
0.061673
0.436344
-0.562366
0.0419849
0.630701
-0.443381
-0.506566
0.420725
0.182237
-0.690034
-0.721534
-0.163582
0.67013
0.70455
-0.196011
0.294875
1.40251
0.444396
-0.272761
-1.03305
0.201513
0.452693
-0.2176
0.683165
0.786207
-0.831588
0.642264
-1.12979
-0.150922
-0.948089
-0.393485
0.432585
0.32897
0.422601
-0.939041
-0.320147
0.0756601
1.43079
1.38883
-0.950052
-1.00009
-1.10375
-0.355607
-0.653334
0.136092
0.0515144
0.602609
-0.729486
-1.47941
-0.385546
0.240498
0.76076
-0.0726282
0.279406
-0.281914
0.0688405
-0.148628
-0.298939
-0.447998
0.160427
-0.682969
0.464183
0.688854
-0.103221
0.284976
0.937698
0.380626
0.197424
-0.326421
-0.544713
1.21519
-0.878009
-0.173618
-0.353969
-0.917279
-0.641596
1.13436
-0.315916
-1.86675
0.340137
0.178865
0.548707
0.194047
0.509336
0.0364783
-0.536265
-0.233402
1.29244
0.369776
0.328531
0.273131
-0.907343
0.255836
-1.9263
-1.04811
0.301212
-0.154876
0.786136
0.147558
0.596131
-1.4383
-1.42845
-0.24425
-0.0965922
0.466367
0.533617
-0.0574556
-0.358292
-0.626427
-0.180612
-0.193926
0.590352
-0.765384
-0.48512
-0.962641
0.235364
-0.437948
-0.159711
0.124636
-0.803006
0.480169
-0.699073
-1.09324
-0.506679
1.18747
-0.699038
-0.265022
0.845499
0.399521
-0.823155
0.179827
0.588363
-0.169792
-0.720466
-1.49092
0.217922
0.0515756
0.400558
0.752921
-1.17788
-0.435127
-0.158082
-0.519311
-0.075855
-1.0237
1.04696
0.550348
-0.511028
0.702243
0.220843
0.958853
1.05004
-0.236622
0.837178
-0.181791
0.494125
0.781885
-1.3149
0.423827
-0.526221
0.440473
-1.22494
0.0543153
-0.0648488
-0.459637
0.759919
1.69573
0.214019
1.55044
0.301494
-0.308257
-0.715411
-0.136053
0.127365
0.96954
-1.51618
0.567519
1.39341
0.557571
0.208039
-0.189825
0.578317
-0.87246
-1.25081
-1.6049
0.620558
0.416807
0.243721
0.141544
0.310889
0.315391
0.235474
0.993659
1.44046
0.565584
-0.929657
-0.363538
0.385661
0.110978
0.582661
-0.180958
0.492999
-0.0814967
-0.098903
0.138308
-0.696134
1.38705
0.422758
0.194291
-1.35023
1.71963
0.582054
1.16662
-0.274182
-0.297918
-0.133843
-0.568899
0.11891
-0.402065
0.688325
-0.6006
1.14064
0.616936
1.10361
0.65192
0.300278
1.51242
-0.223671
0.323865
-0.881995
0.550505
-0.0587184
1.70857
-0.671938
0.0363714
-0.318996
0.720199
0.125541
-0.162145
-0.133431
-0.677394
0.210182
0.891085
-1.56446
0.232297
-0.538028
0.383813
-0.176706
-0.344151
-0.708287
-0.737565
-0.609754
-0.0801843
-0.546361
-0.855839
0.272213
-0.756463
-0.0963905
0.693052
-0.146226
-0.383396
0.0302274
0.247873
0.384891
0.457491
-0.411858
-0.981722
-0.1215
-0.0815554
0.330164
-0.17814
0.282431
-1.20302
-0.370939
0.0248239
1.17424
0.4973
0.113317
0.122861
0.505477
0.887824
0.204196
0.302689
0.489602
-0.322544
0.562273
-0.362833
-0.703154
0.842365
-0.580948
0.156241
0.183482
0.0796733
0.32046
0.212857
-0.193143
0.816201
-0.565798
0.0252458
0.881653
0.658738
-0.501935
0.440521
0.4116
-0.42336
1.35952
-1.0447
-0.168144
0.436296
0.235778
-0.0787526
-1.21317
-0.178993
1.28937
-0.544903
-0.963852
0.219645
0.0534009
0.357026
-0.472067
-0.254931
0.908433
0.0279027
0.131325
0.126781
0.80718
1.35379
-1.1948
0.145575
0.824874
-0.64141
0.0698931
-0.921173
0.440489
0.429192
0.305587
-0.686753
0.355237
0.338443
-0.498902
1.09723
0.0109667
-0.720394
-0.970599
-1.72487
-0.576006
0.343631
0.227525
-0.683965
-1.31009
0.825915
0.286679
-0.376261
0.556283
0.305424
-0.102128
-0.806934
0.178661
1.20129
1.55432
-0.985492
-0.427522
-0.716454
0.0111416
-0.650837
-0.395416
-0.756191
0.244149
0.729312
-0.398867
1.27234
0.77369
-0.807696
-0.57405
0.989903
-0.151865
0.844989
-0.665964
0.117347
-0.475476
-0.413416
0.86613
0.365105
1.27018
0.301828
1.08849
0.840879
-0.179587
0.341109
-1.21492
-0.926777
1.09779
0.0237865
0.90335
-0.205345
1.06375
-0.796722
-1.12056
1.48259
-0.568397
0.683965
-0.553561
-1.20108
0.502404
-0.76395
0.650399
-0.711623
-0.546168
0.823748
0.147535
-0.884907
0.0956525
1.04097
-0.823805
-1.33399
0.605417
1.01868
0.664444
-0.586429
0.377266
0.924199
-0.426422
0.806068
-1.08538
-0.877648
-0.12535
1.30129
0.565414
0.772468
-1.75564
-1.15082
0.339687
-0.0132782
-0.428343
1.20319
-0.85998
0.770594
0.00448943
-0.398962
-1.03364
0.428824
-0.928024
-0.298122
-0.626966
-0.275694
1.20274
0.921278
-0.203666
0.379135
-0.176967
-0.240708
-1.65221
0.73396
0.35817
0.5217
-1.24756
-0.588484
0.243337
-0.43714
0.659546
0.127711
-0.508363
1.13203
0.720094
1.68217
-1.33734
0.0212015
0.844248
0.610474
-0.0875987
0.844
-0.144164
-0.58684
-0.0485487
0.723409
0.0124094
0.454695
-1.05681
-1.7504
-0.725796
-0.729848
-0.166993
0.225768
0.806844
-0.885892
-0.0776371
-0.621128
-0.487272
0.241994
0.310806
-0.0322242
0.0688521
0.536064
-0.576987
-0.693629
-0.0918429
0.29081
-0.705678
0.130594
-0.241643
-1.85577
1.05347
0.167802
0.669112
-0.0819305
-0.166728
-1.46274
0.156913
0.0037447
-0.196569
-0.794054
1.12602
0.904845
-1.17747
-0.00185617
0.0880812
0.487687
0.772515
0.297925
0.34345
-0.717701
-0.518852
0.622965
1.67873
0.730428
-0.964712
0.589435
0.239097
0.000201454
1.0702
-1.06456
-0.0414054
-0.0877682
1.39333
0.10194
-0.265315
-0.438113
-0.307793
-0.309306
-0.730684
-1.14993
0.00933636
-1.57544
0.687755
-0.687071
-0.563907
1.10098
0.112234
-0.156287
1.75549
1.3639
0.508817
-0.0925754
0.750567
-0.104757
-1.05711
0.071671
0.327328
-1.22205
0.260362
-0.745787
0.0774714
-0.896759
0.449109
-0.330041
0.311878
1.12185
0.240279
-0.660992
-0.155358
0.114657
1.24543
-0.145257
-0.0938163
1.18344
-0.990491
0.147594
-0.380826
0.470321
0.0119148
0.8437
0.0572478
0.960933
0.372498
-0.270225
-1.51931
0.533257
0.440941
-0.00652371
-0.257911
-0.0978436
-0.688549
0.260954
-0.802545
-0.0639342
0.226369
-0.697809
-0.297594
0.415351
-0.903558
-1.4239
0.865116
-0.0104277
0.328974
0.487622
-0.00502933
1.01705
0.401654
-0.1345
0.602881
-0.0317018
0.714958
0.477521
-0.628063
0.337971
-0.352553
-0.193358
-0.650181
0.761564
2.26867
-0.01609
-0.551855
-0.312351
0.987871
-0.735963
0.185478
0.354346
-0.0797974
0.698198
-0.719501
-1.77289
-0.381554
0.0863297
0.289519
-0.230828
0.385494
-0.658145
0.573226
-0.836483
0.302487
1.41817
-0.847806
-0.574689
-1.03999
-0.790186
-0.328469
0.0706778
-0.732322
-0.00925109
0.259781
0.0477885
0.0335654
-0.801641
-0.711884
0.218571
0.819879
0.374586
-0.82458
0.0117046
-0.639283
-0.355754
-0.840009
0.63469
-0.888679
-0.618431
-0.705561
-0.23566
0.19185
-1.32743
-0.563153
0.927249
-0.655108
0.711655
0.316582
0.936532
1.09823
1.02538
0.160888
0.627054
-1.12513
0.0537452
-0.379239
0.392368
-0.293064
2.14659
0.51053
-0.0869225
0.561055
0.449042
1.37321
-0.276222
0.804055
0.538744
-1.07718
-0.901659
0.472699
-0.288036
-0.685358
0.398561
0.890625
0.511129
-0.515312
0.372057
0.195502
0.447001
-0.538621
-1.1828
0.0515887
-0.0279957
-0.407194
-0.254976
-0.55054
-0.798724
-0.174589
-0.223005
1.26627
-0.0871685
0.639613
0.105953
0.389354
-0.0861336
0.217128
-0.451119
-0.991115
0.931311
1.04851
1.09691
0.357921
-0.40627
-0.0275082
0.380273
-0.0651506
-0.370408
-0.814457
0.179506
0.571838
0.030294
-0.822304
0.00307259
-0.71681
-0.216998
1.07262
-0.521775
-0.556414
1.30162
-0.982446
-0.369564
0.350967
0.761434
0.241587
-0.228671
-0.686455
0.454559
-0.46912
-0.0576141
0.646398
0.924118
0.0680155
0.230358
0.266216
-0.784361
0.259876
-0.130491
-0.0388793
-0.117459
-0.639768
1.88208
1.03056
0.965186
0.0716045
-0.212175
-1.30923
0.232657
-0.0514791
-0.426618
0.222125
-1.34009
0.463388
0.393206
-0.0291554
-0.191354
0.277672
1.26884
0.631514
-0.924468
-0.0152739
-0.586021
0.470885
-0.00813771
1.17121
0.104928
-0.990729
0.133503
0.102387
0.492605
-1.47932
-0.534424
-0.441401
0.233238
-0.895474
0.0980514
-0.0863747
-0.980393
-0.137068
0.378452
0.0133988
-0.614554
0.852474
0.436845
-0.885093
1.17095
-0.137844
0.562015
-0.357337
0.546198
-0.885774
0.552285
0.275818
-0.158755
1.01763
0.0427633
0.293342
0.94572
0.419327
-0.745373
-0.687539
0.595042
-0.502142
0.983949
-0.285426
0.273399
1.79528
0.74512
0.651187
-0.383681
0.156699
0.69728
0.161831
-0.0336789
-0.773513
0.0746895
-0.314772
-0.786436
-0.667804
0.321752
0.754277
0.546323
-0.926874
-1.23147
0.206086
0.73108
-1.00108
1.50525
-1.06977
0.985704
0.0170685
-0.950902
-0.061782
1.05893
-0.68321
-0.460658
-0.0916601
0.244982
0.495933
0.566583
-0.0899891
0.0950885
-0.671076
-0.00567567
0.681326
-1.17798
0.509534
-0.160586
0.411381
0.244766
0.430558
0.41812
-0.140112
-0.0354075
-0.424326
0.125705
-1.15078
0.889512
-0.428689
0.698374
0.784815
0.47171
0.708607
-0.42694
-0.0787834
0.111089
-0.0220031
-0.170695
-1.59573
0.933216
0.464033
-0.988856
-0.459972
0.840857
0.262376
0.351205
0.0619303
-0.47222
-0.75843
0.302376
0.777768
-0.389767
-0.0156393
-0.269874
0.984529
0.854771
0.0473699
-0.349034
-0.739444
-1.32334
-0.609359
0.656524
0.4617
-0.297957
0.115461
-1.41146
-0.42439
-0.26389
0.27954
-0.4868
-0.280346
-0.52759
-0.301907
0.694573
0.834989
0.702622
-0.97818
1.00807
-0.0576184
-0.156941
-1.11509
0.94057
1.05854
0.28741
-0.330045
0.0512834
-0.207762
-0.799736
0.409236
-0.0633779
-0.957866
-0.297853
-0.575305
0.633958
-0.524665
0.246452
0.729902
0.873994
0.0138415
0.624522
-0.822598
-0.575687
0.671095
0.450592
-0.412329
-0.969466
0.560139
1.24945
0.132632
0.811292
-0.550239
-0.838149
0.223157
0.971459
0.0126637
0.262064
-0.287363
0.674692
-0.583818
0.164912
-0.203204
0.845313
0.744255
-0.669855
-0.579813
1.4024
-0.0385452
-0.274173
-1.97132
-0.076344
-1.18667
0.307888
0.0349779
0.684757
-1.37557
0.47615
0.743887
0.584978
0.558944
-0.437037
0.183881
-0.0871775
1.48153
-0.134504
0.250567
0.452267
0.388204
0.83548
-0.236948
-1.86387
0.677662
0.120569
-0.28631
0.198288
0.493017
-0.467908
0.982857
-0.602557
-0.57589
0.114391
-0.645698
-0.871508
-0.364833
-1.00223
-0.116072
0.778761
0.144212
0.241401
-1.69348
-0.475902
0.305058
-0.312327
0.69766
0.060622
-0.22133
-0.66549
-1.09177
0.305911
0.219221
1.18843
0.29678
-0.0382039
0.0707833
0.279627
0.5373
-1.67701
-0.633989
0.865357
-0.687647
-0.469728
0.495389
-0.475072
-0.0721729
-1.85629
-1.24991
0.126931
0.318615
0.64143
0.137165
-0.245896
-0.349974
-0.404529
-0.474432
1.12965
1.20205
0.332995
0.143835
-0.381022
0.461235
-1.06942
0.951585
-0.678549
0.197896
0.813498
0.205568
0.435894
1.09993
-0.238865
-0.5947
-1.06939
-0.28119
0.489188
-0.0629322
-0.899403
-0.626664
-0.645545
0.515565
0.112059
0.84017
-0.234879
0.0351926
-0.294345
-0.808365
0.884934
-0.499371
0.965133
-1.13788
-0.751845
-1.14298
0.0794553
0.948447
0.336642
-0.269698
0.089589
-0.352138
0.117014
-0.511735
-0.933389
-0.405793
0.295472
0.11299
0.984834
-0.0453846
0.536045
-0.952955
-0.242607
-0.345704
-0.652376
-0.146093
0.464997
1.37908
-0.101607
-0.0700019
-0.393195
0.275389
0.83888
-1.62409
-0.00353008
0.578617
-0.60317
1.20801
-1.15191
0.447501
-0.663826
0.0284989
-1.08705
-0.346017
-0.00656368
0.894607
0.357841
0.463291
-1.04495
1.62709
-0.545339
0.837824
0.0238008
-1.16339
0.0108502
0.454587
0.0921504
0.125752
0.228051
0.459315
0.77116
-0.242493
-0.0811525
0.642636
1.2487
-0.924113
0.21599
0.548046
-0.370895
-1.16168
-0.548661
0.449083
1.22915
-0.425581
0.198086
0.679778
0.0504396
1.18573
0.819128
-0.181218
0.85224
-0.713847
-0.344137
0.271293
-0.140363
0.339619
0.759036
0.51829
-1.36315
0.0673832
-0.985587
0.241583
-0.658587
1.06205
0.590158
0.0965068
0.225293
0.656998
0.199161
0.117938
-0.571836
-0.536971
0.373553
-0.596716
0.508519
0.440825
-0.212137
-0.603444
-0.0435469
-0.408939
0.246238
-0.740474
-0.868822
0.00801259
0.085544
-0.525033
0.347222
0.436433
-0.338551
1.63728
0.0404973
-0.717061
-0.678761
0.830467
-0.0747313
0.292943
-0.0599205
-0.427881
-0.37475
0.559235
0.232087
-0.837677
0.214938
-0.244301
-1.93759
1.87339
0.173739
-0.444423
0.810109
0.123458
-0.541041
0.316635
-0.150937
0.426769
0.197488
0.0863235
-1.17042
0.0732991
0.643939
-0.755992
-0.432227
-0.410528
0.963703
0.22823
0.0704222
0.552364
1.31486
0.159809
-1.63182
-0.0016888
-0.68911
0.347689
0.877268
0.990681
-0.186192
-0.161238
-0.169755
0.0244156
0.895942
1.38948
0.396745
-1.0671
-0.465
0.739984
-1.22459
0.190932
-0.332673
-0.0784613
0.776942
0.303217
-0.186988
-0.247433
0.856183
0.617082
-0.296398
1.05907
-1.38386
-0.138272
-0.0923865
1.09617
-0.526022
-0.368985
-0.0551991
-1.31177
0.345113
0.205805
0.408448
0.406061
-0.177665
-0.514785
-0.791786
0.167797
0.633691
0.1573
-0.522315
-0.384803
-0.103661
0.558535
-0.786882
-0.293531
-0.565009
0.176857
1.20513
0.843886
1.55984
-0.617252
0.64508
0.465859
-0.205031
-1.08544
0.458425
-1.42136
1.10743
-1.50419
-0.20885
-1.08527
-0.752903
-0.68282
-0.0603855
1.60371
-0.0520797
-0.564133
0.317277
-0.705168
0.243075
-0.436197
-0.475088
0.500474
0.769711
0.602166
0.481419
-0.00841373
-0.109162
0.334496
-0.737621
-0.35115
0.618167
-0.515613
0.0357086
-0.683804
0.779564
-0.661089
-0.205031
-0.509255
0.463555
-0.730223
-0.31479
-1.73558
-0.256849
-1.83997
-1.16435
-0.758072
-0.459578
0.624855
-0.70404
-0.0685229
1.53809
0.664783
-0.63783
0.149939
-0.466282
-1.06151
-1.34524
-0.28336
-0.177109
1.03116
-0.125789
-0.987814
0.966317
0.360924
0.000576232
-0.941223
0.195804
1.12286
-1.56822
0.284076
-0.448108
-0.8145
0.0349348
1.17939
-0.151356
-1.14532
-0.570268
-0.238452
-0.333988
0.798458
-0.544034
-0.23788
0.49022
0.284455
-0.357011
0.0270257
-0.0221503
0.0353641
0.150475
0.00912625
0.129662
0.73873
0.0954448
0.363109
0.772127
-0.370703
1.53857
0.749215
-0.650359
0.902747
1.06845
-0.0813513
-1.00693
-0.0193227
-0.762846
-0.608254
0.216211
-0.86007
-0.786324
-0.296526
-0.1582
-0.239968
0.35735
-0.721865
0.558718
-0.211839
0.470364
1.03151
0.125273
-0.782903
-0.615118
-1.202
-0.20783
-0.3018
-1.2317
0.0820221
-0.36152
-0.526692
0.189848
-1.34586
0.310946
-0.142884
-0.601743
0.0336831
-0.182434
-0.686978
-0.527902
-0.866028
0.583076
-0.465178
0.080157
0.032475
-0.900907
1.48928
-1.56373
-0.124494
-1.62029
0.985674
0.568586
0.37236
-0.106318
-0.226157
-0.712194
0.912211
-0.488469
-1.86775
0.900868
-0.208698
0.00282775
0.361076
-0.400973
-0.672653
0.940693
-0.453825
0.260003
0.271287
-0.891382
0.309775
0.630513
0.0476265
0.439211
0.66945
0.173065
0.162553
-0.134386
-0.0311989
-0.0217614
-0.0702469
0.186728
0.0883346
0.377851
-1.04259
-0.120639
-0.872613
-0.0783008
0.378743
-0.0470783
0.63346
1.0625
0.429291
0.0222722
-0.554932
0.491509
0.94268
-0.639593
-0.576071
0.411727
1.2607
-0.00399503
0.0348021
-0.212572
-0.0657798
-0.0261826
0.530313
-0.0149729
-0.553779
-0.526268
0.771074
-0.502082
0.604349
-0.36703
-1.28887
0.726299
0.23625
0.25511
0.520648
-0.711751
-0.620219
-1.37508
-0.845816
-0.857813
-0.673731
-0.376009
-1.26316
-0.230957
0.411085
1.18513
1.06019
0.877967
-0.783723
-0.436009
0.175462
0.388788
0.462602
-1.05879
-0.320102
0.373657
0.907239
0.777843
-0.135154
0.00415862
1.16818
0.222818
-0.203696
0.0604917
0.331613
0.214851
0.0925653
-0.0745528
0.0398927
-0.370711
0.147034
0.424337
-0.020487
0.048386
-0.204375
-1.9178
-0.00473287
0.088097
0.140187
0.42256
-0.556536
1.75677
-0.445832
0.916097
0.54644
-0.160287
-0.609928
-1.13264
-0.0945292
-0.171063
-0.983713
0.187871
-1.17116
1.73652
0.96536
0.800635
-0.514375
0.100166
0.538653
-0.283673
-0.759471
-1.25233
-0.00327808
0.951741
-0.571626
0.660227
-1.0537
0.0408593
1.69911
-0.35051
-0.0298856
-0.0856796
0.0473524
-0.824507
0.956519
0.646352
-1.21563
1.03236
0.227088
-1.16788
-0.230571
-0.696133
-0.046708
-1.25746
-0.15599
-0.0947071
0.604358
0.0709073
0.274145
0.770197
-0.354757
0.463172
0.384093
-0.620633
1.11925
0.981407
-0.529627
-0.206343
0.204592
-0.0728062
0.0820383
-0.616529
0.738515
-0.830584
0.660178
0.200657
-1.72386
-0.764781
0.310873
-0.460129
-0.585991
-1.49089
-0.691585
0.0287708
0.19474
1.10927
-0.454057
0.420262
0.91828
-0.124708
-1.03301
-0.690538
0.921673
-0.964226
0.895887
0.344433
-0.301852
0.160606
-1.09878
-1.21005
-0.0274723
-0.023089
-0.402009
0.979923
0.211372
0.743075
0.9458
-0.0289439
0.195512
0.34564
-0.449857
-0.732636
1.55801
-0.978771
-0.507168
0.235152
0.768614
-0.303271
0.601753
-0.520258
-0.481085
0.226822
-0.360083
0.477075
-0.123269
-0.0930189
-0.576924
-0.498873
-0.274484
0.989781
0.132177
0.0738393
-1.09527
-1.18804
-0.442114
-1.33029
0.0031689
0.106051
-0.582487
0.262368
0.447416
-0.411189
1.2982
-2.24795
-1.29024
-1.50163
0.41661
0.0691426
-0.559968
0.156151
0.160473
0.218885
0.0131987
0.84819
0.0391431
-0.517178
-1.00455
0.228282
9.01127e-06
-0.150144
0.319411
0.583882
0.829216
0.363465
1.19999
-0.682182
0.855277
-0.323773
-0.756039
0.575934
-0.0716943
2.07951
-0.898713
0.331109
-1.17636
-0.34873
-0.66067
-0.464102
-1.36853
0.195391
-0.64641
0.659594
-1.06358
-0.0831611
-0.0372122
0.200313
0.0567386
0.0231365
-0.796975
-1.09267
-0.381504
-0.0690339
-1.08342
-0.405731
-0.0625673
-0.690149
-0.683367
0.385864
0.80357
0.883502
-0.28613
-0.654105
-0.858728
0.544028
0.392966
0.125687
1.46972
0.333534
0.0361738
-0.750088
0.726327
1.12552
1.18295
-0.279033
-0.0616086
0.42139
0.369043
0.0319117
1.13995
0.435409
-0.696988
0.948711
-0.124999
1.02112
0.150306
0.222905
0.374718
-0.779236
-1.2256
0.254923
-0.440757
0.507024
0.706879
0.1948
-0.6487
0.340164
0.983542
0.080924
-1.98739
-0.387928
-0.756701
0.0378705
-0.285243
0.750094
0.227429
-0.0904161
0.531825
-0.424376
-0.078834
-0.0115847
-0.788144
0.364552
0.3426
0.036488
0.597358
-0.257328
-0.532703
-0.468744
1.62956
-1.66595
-0.447687
-0.454341
0.797917
-0.113777
1.63805
-0.310862
-1.95183
0.824345
-0.884617
-0.388188
0.509124
0.136884
-1.37011
0.106295
-0.123275
-0.205881
-0.523777
0.0757263
-0.0785734
-1.30391
0.0846211
0.725767
-0.040648
0.242706
-0.709663
-0.243107
1.06215
-0.808074
-0.552847
-0.31379
0.783616
0.110037
-0.129598
-0.727726
0.503648
0.114591
-0.729776
0.471143
0.221214
0.683984
-0.642944
-0.835708
-1.66811
-0.747095
-0.302501
0.201021
1.5784
-1.06155
-0.231147
0.488036
-1.20408
0.932321
0.328346
-0.800499
0.837014
-0.105176
0.048774
0.187435
-0.659319
0.832061
-0.0145866
-0.486446
-0.497362
0.794915
1.11016
0.275568
-1.02479
0.433852
1.12808
-0.141103
1.09702
-1.30057
-0.0456829
0.282668
-0.915635
-1.17134
0.048291
-0.0210628
0.59423
0.160761
-1.26138
-1.14252
-0.29201
0.481702
0.722862
0.634489
0.307402
1.52044
0.366468
0.280738
1.63158
-1.06547
-0.0880083
-1.10244
-0.711641
0.25302
0.576591
1.39583
0.162162
-0.031289
0.207068
0.108533
0.942462
-0.939045
0.165686
-0.118711
-0.193005
-1.37509
1.04421
0.401778
0.454307
0.629292
0.242823
-0.93399
1.52137
-0.0213271
-0.767556
0.478241
-0.232415
0.832649
-0.308328
0.078724
0.532751
0.538078
0.728125
-0.63377
-0.0653952
-0.312035
0.18199
-1.12849
0.748111
-0.360031
-1.55549
0.116303
-0.36222
-1.7052
1.69635
0.554709
0.559969
-0.0884833
0.778805
0.787139
0.989471
-0.578208
-1.14132
-0.945139
-0.162962
0.349886
-0.361614
1.64742
-0.879211
-0.0883478
0.82847
0.676182
0.167381
-0.231704
-1.46117
0.125107
1.38629
-0.520009
0.725567
0.520547
-0.963902
-0.662227
0.905653
0.827578
-0.327449
-0.260834
-0.00127155
0.242628
1.08042
-0.0887659
0.0140866
-1.07095
0.422888
0.188556
-2.20418
0.189196
-0.596081
0.446865
-0.627913
-0.221556
0.380683
0.121709
-0.917106
-0.221285
-0.36453
0.895413
0.637799
0.14154
1.36321
-1.12645
-0.0829099
-0.136786
0.429697
-1.55428
-0.529141
0.607888
-0.473203
-0.0989268
-0.355175
-0.0947847
0.515918
0.6845
0.623208
-0.245319
0.647998
1.94188
1.4284
-1.3591
-0.477649
0.247884
-0.318695
-0.339395
0.118188
0.356874
-0.497717
0.271355
0.233027
0.429658
0.192199
-0.390428
0.312297
-0.380066
0.139888
0.814547
0.246114
0.294939
-0.227189
-0.294636
-0.130062
-0.570238
0.751364
-0.91358
0.433458
0.0934753
-1.7168
0.202211
-0.794403
0.421867
0.0379236
-1.14478
-0.13379
-0.295542
-0.824552
0.406929
0.419253
-0.132317
-0.459872
0.684002
0.33223
-0.158588
1.0588
0.0587952
0.372456
0.249794
-0.0368716
-0.977288
-0.710537
-0.572415
1.00743
0.303741
-0.871513
-0.362625
0.971485
-0.41901
-1.44402
0.558825
1.34438
-1.1321
-0.612226
0.373237
-0.628356
-0.00784257
0.45131
-0.162887
0.022955
-0.110817
-0.507623
0.347416
0.29954
0.447342
0.244941
-0.963982
-0.286714
-0.395784
1.21034
0.222308
0.649201
1.64475
-0.463464
0.128028
0.200944
1.29653
0.669239
-0.0418141
-0.535764
-0.266816
-0.722053
0.404133
-0.0786034
-0.699102
-0.873521
0.0365199
0.0397689
0.145284
-0.613263
-0.389651
0.729008
0.0743343
-0.133074
-0.547168
0.810351
-0.00331576
1.3597
-0.222752
0.0620868
-0.716012
-1.59247
-0.892257
-0.335168
-0.194351
-0.178096
-0.834293
0.313349
-0.95389
0.118186
-0.322719
0.148946
-0.701048
0.501147
0.447452
1.31854
1.84526
-0.255867
-0.543018
1.24205
-0.686238
-0.83223
1.15977
0.815304
0.542844
-0.4413
-0.282367
-1.04846
0.258141
0.963742
-0.0668947
-0.893491
0.0110603
-0.0368335
-0.667651
1.14993
0.0685694
0.355731
0.06152
-0.217317
-0.353697
0.239497
0.485225
0.351371
0.851738
-0.168005
0.372493
0.226522
-0.279428
1.28424
-0.376859
-0.739619
0.881478
-1.01325
-0.189213
-1.57446
0.993587
0.181694
-0.0136398
0.462567
-1.10066
-0.567733
0.173189
0.459043
0.547456
0.880559
0.17687
-0.547874
0.344712
1.48714
-0.741543
0.370379
0.138413
-0.0932092
-0.614307
0.493003
0.920907
-0.0183984
1.33413
0.503955
-0.174719
0.123781
0.307238
-1.11863
-0.288025
0.0183491
-0.897392
-0.382805
-0.522908
-0.185645
-1.07632
0.0357219
0.816601
0.394364
-0.264502
-0.86944
0.408368
-0.0706528
0.0267809
0.010135
-0.117618
-0.380192
0.303565
0.648339
-0.255343
-0.170824
-0.0953875
0.134413
0.0266545
-0.359977
0.647723
-0.813482
-0.307677
0.740025
0.454868
-0.868089
0.890255
-0.234824
-0.437837
-1.51642
-0.152897
-0.44701
0.242196
0.84957
-0.324774
0.371036
0.0706937
-0.20797
0.735064
0.0506109
-0.340374
-0.595458
0.0701456
-0.328514
0.961868
0.55252
-0.555176
-1.13116
-0.996372
-0.418537
0.182209
-0.0862144
-1.10803
0.539684
0.195152
1.44243
0.59907
-0.408953
0.129227
-0.203977
1.14109
0.0802642
-0.365391
-0.364719
-0.778652
-1.88311
0.0608823
-0.419883
-1.32415
-0.503831
-0.646211
-0.61498
0.145825
-0.298983
0.694864
0.985075
0.0101859
-0.57043
-0.239684
-1.10182
0.113867
0.0831459
0.00758366
-0.420169
-0.38997
-0.00465463
-0.504096
0.0271543
-0.140681
0.261309
-0.585365
0.647058
-0.569926
0.50973
-0.237801
-0.471474
0.361377
0.0433823
-0.940204
0.615281
-0.398102
0.0556358
-0.238237
-1.29092
0.521408
-0.0885021
0.899637
-1.01554
-0.614598
-0.884055
-0.38405
0.1358
0.00253833
1.00994
0.17719
-0.282626
1.67106
-1.28949
0.853967
-1.07763
-0.298378
-0.394764
-1.16522
-0.991671
0.946979
-0.699413
1.31535
0.0833666
-0.634361
0.296467
0.487859
0.947402
0.947491
-0.81959
-0.633451
-0.307167
0.492052
0.85635
-1.23103
-0.456104
-0.0662286
-1.39952
-1.1821
0.116288
0.192305
0.212908
-0.143205
0.104996
1.00024
0.373748
-0.463283
0.432191
-0.158496
0.202341
1.39003
0.0650045
-0.0257792
0.0881426
-0.2596
0.697784
0.260656
-0.376211
0.224061
-0.791633
0.363931
1.51155
-0.0298394
-0.30308
1.21552
0.238677
-0.575811
-0.990711
0.683658
-0.74837
-0.269792
-0.181466
0.545958
-0.62943
0.49462
-1.06806
0.334569
0.873832
1.49661
-0.690137
0.238819
-0.718948
-0.188007
-0.708925
-0.513559
-0.375876
1.62051
0.872769
0.143067
0.57793
1.35359
0.756647
0.196368
-0.13881
-0.941045
1.45521
0.445226
1.27977
0.900351
0.679269
-0.137987
0.384862
0.267387
0.860935
0.278056
0.853839
0.0928255
0.180538
0.903654
-1.24009
-0.588865
-0.467101
0.490156
0.659934
0.618939
0.794942
-0.200589
-0.228824
0.603392
-0.259654
0.554048
0.354536
0.880853
0.328615
-0.751469
-0.112755
0.0362727
0.724883
0.463176
0.760782
-0.529715
-0.529939
-0.298745
0.22734
0.0518067
0.659083
-0.207864
0.441496
1.2919
-0.438229
2.35946
0.789086
0.162614
0.842643
0.591523
0.144314
-0.948506
-0.6823
-1.42119
0.64787
-0.65253
-0.332073
-1.87388
0.809197
0.438184
0.191971
-0.494852
-0.325641
-0.0866976
1.25754
0.198349
1.91693
1.08825
0.712201
-1.22408
-0.00604401
-0.209255
-1.15914
-0.672645
-0.27809
-2.07102
-0.0456092
-1.07563
-0.0185456
-1.02986
-0.422045
-0.00580327
0.351501
-0.184988
-0.659461
0.706934
-0.18526
0.875814
-0.00821484
-0.555968
-0.651876
0.341366
-0.979209
0.981901
1.07038
-1.01315
-0.0258977
-0.554711
-1.16885
1.00508
0.817942
-0.0344469
0.131131
-0.508789
-0.0532862
-0.566834
0.813872
-0.265875
0.0279008
-0.95462
0.531832
2.03101
1.10301
0.129989
-1.42784
0.131079
0.62519
0.38075
1.20608
0.95226
1.23128
2.07533
0.171332
0.454808
0.75837
-0.431173
-0.614298
-0.938533
-1.03264
-1.01834
0.347234
-1.28653
0.702016
-1.10124
-1.36131
-0.486399
-0.257641
-0.244448
0.37046
0.195616
-0.219394
-0.927404
-0.000779006
-0.737267
0.392525
-0.599657
-0.235582
0.960966
-0.326469
-0.391259
-0.205734
0.465329
-0.758097
-1.12852
0.496204
-0.0472961
1.17474
0.863333
-0.118992
0.531232
0.423723
0.217771
-0.386225
0.542413
1.5743
1.07279
-0.413474
-0.151258
0.187348
-0.58625
1.33588
-0.114636
1.0059
0.649462
-0.0561805
-1.28893
-0.00828854
-1.54905
-0.77895
0.730176
0.969034
0.358975
-0.678058
0.799943
-1.01174
0.164987
0.880043
-0.0306011
-0.871102
-0.329578
-1.02941
0.52675
-1.56371
0.191099
-0.865126
0.236197
-0.60114
-0.764221
0.675888
0.059992
0.157123
-0.250345
-0.446136
-0.634892
1.49686
-1.23957
0.702099
-0.735266
0.056963
0.805479
-0.972933
0.451367
0.0348551
-0.0745722
-0.629731
-0.261098
-0.0430865
-0.223787
1.22889
-0.390557
0.360941
-0.875978
0.232037
-1.20149
0.58626
-0.405157
0.62874
1.05284
-0.588108
0.839708
-0.0838747
0.160067
-1.90698
0.164736
-0.296677
-0.185447
0.40286
0.43418
-0.0214319
-0.205026
-0.0323666
0.576497
0.754819
0.28454
0.0769187
0.695222
0.210024
-1.04183
-0.478158
0.158612
-1.05421
-0.57654
0.681334
-0.245097
-0.546958
-0.40145
0.298285
0.225765
-0.193693
0.412967
-0.136067
-1.75511
2.29201
-0.180893
0.702394
1.01025
0.125785
-0.231268
0.810196
-0.12943
-1.68918
0.371093
0.888127
0.0642062
-0.612518
-1.44011
-0.95464
-1.11601
-0.128798
1.43332
0.225754
0.728364
0.176661
0.0832381
0.488613
0.0315593
1.18832
-1.06331
0.672889
0.627527
-1.12975
-0.310597
0.734219
0.163021
0.292294
-0.101001
-0.241527
-0.245754
-0.332219
0.0838936
-0.263822
0.0799856
-0.341509
-0.160116
-1.14665
-1.15226
0.0183576
-0.551243
-0.444716
0.372518
0.299635
-0.0853319
0.181215
-0.664194
1.26716
-0.0116935
0.197304
-0.48704
1.25558
0.929432
0.958897
0.780135
-0.157265
-0.762842
0.747278
-0.707842
-0.576415
0.694869
-1.22205
0.761535
-0.143785
0.095168
-0.0832567
-0.318697
-0.646922
0.138246
0.456587
0.963825
1.65001
-0.710472
-0.233195
-0.560543
-0.0669202
-0.76224
-0.434117
-0.611987
1.02076
0.483072
-0.704099
0.119499
-0.637332
0.164449
-0.727836
-1.99601
0.84596
0.586805
-0.781943
0.176707
-0.163188
0.15315
0.875086
0.672631
1.28163
0.389943
0.100882
-0.679111
-0.0408194
0.0910208
-0.790647
-0.0857295
-0.26395
0.00211411
-0.905072
-0.164619
0.482944
0.28856
-1.74692
-0.18237
-0.167575
0.129684
-0.752113
-0.497393
0.0840546
1.41199
-0.288571
0.40144
1.13571
0.107351
0.0965399
0.180889
0.835846
0.164456
-0.856135
0.962353
0.0455192
-0.5478
1.12053
-0.971807
0.361081
1.20373
-0.706155
0.893571
0.221615
-1.19135
-1.08808
-0.11151
-0.562739
0.354772
-1.01675
-0.00956834
0.944549
0.22775
0.252541
-0.14316
-0.12336
-1.21819
-0.522588
-0.283982
-0.080771
0.303019
-1.17914
-0.144238
-0.181386
0.704741
0.658475
0.580598
-0.206043
0.665192
0.027876
0.550713
0.795637
-1.34632
0.716813
-0.365612
-0.566498
-0.119643
0.122181
0.228014
0.349762
0.226902
-0.681597
-0.866272
0.230602
0.163855
-0.692946
0.638798
0.0461703
0.155747
0.656339
0.0160419
-0.0917164
-0.273198
1.21271
0.0324024
0.0595059
0.970465
0.316589
-1.49467
-1.13521
0.803645
0.424736
-0.689321
0.532923
-0.647201
0.0772844
0.153898
0.872109
0.172232
-0.745156
-0.422335
0.563871
0.442177
0.638746
0.179954
1.51138
0.555922
-1.32441
0.369212
1.72683
-0.182419
0.815604
0.173258
0.281894
0.165832
-0.201238
0.795769
-0.341198
-0.329646
-0.178347
1.10109
-0.479897
0.996101
2.34239
-0.452056
0.364575
-0.333743
0.399998
0.0764387
0.840835
0.246474
-0.00391041
0.253357
0.494525
0.712237
0.539375
-0.0100099
-0.882897
0.635046
0.513857
0.404669
0.0287301
1.39767
-0.0333558
0.642415
-0.843776
0.0956534
-0.911901
0.0464123
-0.491674
-0.803982
-0.828804
-0.241862
-0.147851
-0.774644
-0.492111
-1.48472
0.317988
0.891979
-0.781472
-0.65295
-0.87558
1.60624
-0.672269
0.379503
1.21257
0.732537
0.341711
-0.383254
-1.45265
-1.49645
-0.236592
0.173894
-0.253874
0.802806
-1.02557
1.06209
0.269931
0.332015
-0.779552
-1.16576
0.51346
0.757251
-0.0431508
-1.12693
0.762681
-0.456815
1.62013
0.99116
-0.00518928
-0.285653
-0.39987
-0.819197
0.851739
-0.187069
-0.38801
0.603111
-0.273063
-0.46667
-0.183448
-1.09888
0.799921
0.365586
-0.101497
1.25433
-1.32566
0.531472
0.157696
-0.0022223
0.280458
-0.369288
-0.756751
0.153141
0.667433
-0.989579
0.525223
0.728537
0.478827
-1.36789
1.09169
0.294931
-0.162972
-0.872664
-1.11892
-0.775469
-0.238656
-0.0158223
0.546927
-0.289415
-0.606465
-0.312822
-0.598116
0.502181
0.647351
0.216408
0.863359
-0.101129
-0.285355
-1.69769
0.181301
-0.462745
-0.133338
0.862893
-0.35745
0.16329
0.31125
-0.164472
0.846753
-0.177517
-0.173728
-0.031827
-0.00592582
-0.20692
-1.04693
0.930897
-0.272657
-0.976195
-0.368517
1.50564
0.601185
-0.132088
0.187651
1.21017
0.966695
-1.34591
0.209879
0.449451
-0.0302997
-0.605578
0.378933
-1.53766
-0.155586
-0.362052
-1.13073
1.76701
1.12186
-1.54401
-0.546504
0.51255
-0.274869
1.09452
1.32068
-0.0562565
-0.0014164
-0.0894962
-0.397116
0.427937
0.104212
0.0726237
-0.00262124
0.505103
0.0368477
0.0475777
0.870881
0.522221
-0.00496565
0.164653
-0.686063
-0.0989277
1.9253
-0.846701
1.09691
-0.975432
-0.758005
-0.413707
0.0190431
0.665899
-1.08516
-1.02077
-0.048716
-0.797284
1.30015
-0.391711
-0.108873
-0.470801
-0.477787
0.0745621
0.47855
-0.580599
1.09179
-1.22724
0.0435505
-0.305747
-0.0923455
0.0999595
-0.478289
-1.05175
-0.113098
0.00812819
0.705478
-0.0342145
-1.2212
-0.17584
0.408309
0.640452
0.112178
-0.550328
0.387989
-1.04841
0.977157
-1.06872
0.324105
-0.499404
0.385949
-0.27175
0.682298
-0.510847
1.92677
0.246093
-0.0547513
-0.257423
0.243961
-0.0810455
0.686133
-0.152189
-0.10283
1.31609
0.993593
-0.701522
-1.42298
-0.977104
-0.111841
-2.52155
0.277159
-0.164582
-0.436805
-0.24743
0.724035
0.130031
0.405302
-0.739496
-0.210194
0.027566
0.348142
0.195674
-0.704201
-1.18297
-0.800378
0.157027
0.193166
-0.708499
0.088979
0.00145114
-0.171257
-0.0467277
1.03709
-0.55535
0.187855
0.173572
-0.341586
-0.363243
1.19464
1.00358
0.902063
-0.174266
-0.377761
-1.02566
-1.47455
-0.30845
1.1864
0.683132
0.149514
-0.172286
0.531711
0.62232
-0.227531
-0.513976
0.799674
-0.476777
1.64979
0.086548
-0.0238843
0.466483
0.329565
-0.0313156
-0.0545583
-1.45288
-0.452383
0.630901
0.367336
-1.68338
-0.558159
0.841458
-0.0223646
0.188072
-0.181968
1.11162
1.13219
0.39
0.639954
0.116263
0.422051
-0.0474006
0.0111533
-0.855632
0.41968
0.393848
-0.100598
0.511189
-0.0922616
0.273119
1.28215
-0.740746
0.559417
0.809489
1.05855
1.23932
0.761678
0.413752
0.389278
-0.895125
1.25817
0.6268
-0.223387
-0.947244
0.201126
-0.23628
-0.306725
-0.444376
-1.19863
0.335819
-0.57744
1.14094
-0.0848771
-0.582742
0.514762
-0.252468
-0.347301
0.179026
0.887058
-1.12114
-0.519557
0.138855
-0.300864
1.68591
0.353181
0.360521
-0.509725
0.608428
-1.13821
-0.00459131
0.626683
-0.121721
-1.34333
-0.811942
0.106397
0.166703
0.15329
-0.759275
-1.77504
1.29689
-0.10785
0.760966
0.473521
1.29447
-0.825429
-1.3053
0.359933
-0.314242
0.0973478
-0.772704
0.115585
0.90575
0.365961
-0.163042
-0.462883
0.738504
-0.89476
0.2802
0.506782
-0.112238
-0.454101
0.73072
-0.6458
-1.11268
-0.28624
0.205277
0.355912
0.366772
-1.31587
-0.0550039
-0.183145
0.325507
-0.0641924
-0.988382
-0.252588
1.35093
-0.681428
0.193353
0.911896
-0.0291038
-0.656265
0.414309
-0.669535
0.285503
1.51458
1.16794
0.246182
0.39637
0.0312381
-0.541611
0.913801
0.575124
-0.0996995
-0.796972
0.818572
0.270107
-0.299475
-0.328151
1.76248
0.29613
-0.478926
1.56537
-0.374259
0.314483
0.906495
-0.91818
0.0454284
-1.20687
-0.210022
-0.285865
0.60466
-0.026605
0.264826
-0.648908
0.592748
-0.493012
-0.934365
0.707526
0.532095
0.521806
-0.633888
-1.1229
0.929565
0.194607
0.224558
0.396623
-0.284624
0.529778
0.327174
-0.0425048
-0.175142
0.768465
0.180724
1.40299
-1.1455
-1.27782
0.876245
0.125687
0.574664
-0.612804
-1.07102
-0.389164
0.404097
0.717068
-0.752003
0.801051
0.0424032
-0.49089
0.977187
0.2025
-0.0172804
-0.495707
-0.823404
0.760441
0.270555
0.134572
0.0223518
-0.586314
-0.566919
-1.2648
0.183828
0.320828
0.12832
-0.15922
0.721486
-0.100692
-0.141482
-1.03234
-0.971969
0.204907
0.402395
0.395184
-0.656254
0.42791
-0.977616
1.18942
0.655382
0.293361
0.223954
1.83644
-0.903013
-0.430896
-2.21583
1.86829
0.421767
0.917116
-0.0413125
1.25428
1.00922
0.0109232
-0.510088
0.837948
-0.122363
1.11958
0.288165
-0.178975
0.824019
-0.0254082
1.40506
0.910832
0.541706
-0.826879
-0.0453333
-0.395958
-0.00566332
0.626905
0.00624074
-0.274829
-0.962811
-0.417967
-0.173536
-1.37337
0.108271
0.0821262
0.725566
-0.316189
-1.63989
0.394437
-0.238015
0.177631
-1.27063
0.25019
-0.790763
0.154557
0.0282252
-1.19245
0.270882
1.0015
0.793752
0.324336
-0.163795
1.03109
-0.239749
0.508801
0.398477
-0.912679
-0.579714
-0.259957
0.655652
0.265886
-0.353962
0.330341
1.89726
-0.294696
-0.1803
0.772859
0.176661
-1.65699
-0.913573
-0.56713
-0.391785
0.298824
-0.860778
0.589371
0.242633
0.290032
0.694866
-0.370017
0.0435018
0.309888
0.627643
0.668906
-0.506177
-0.366917
0.653968
-0.091119
0.599867
-0.952584
1.18991
-0.166187
1.44051
-0.294397
0.231126
-0.187173
0.449653
-0.438252
1.73122
-1.47349
0.636207
1.41262
0.740311
1.31059
0.312364
1.20853
-0.352311
0.545117
-0.32383
-0.673706
-0.318392
-0.0995675
-1.006
0.0537134
0.7924
-0.746006
1.3386
-0.0798562
0.596509
-0.641883
0.124748
0.341295
-0.399654
-0.236871
-0.382742
-0.322782
0.226058
-0.0107564
0.678625
-0.363045
-0.814739
-0.803095
1.22459
-0.399165
0.0193665
0.48212
-1.00129
0.717544
-1.18004
-0.203072
-0.0212989
0.0795299
-0.849283
0.405767
-0.561617
-0.0119519
0.682551
-0.0418248
-0.0581585
0.173993
0.152476
-0.270934
1.1201
0.273686
0.717371
0.940232
0.570186
0.085453
0.137749
0.212661
0.559259
1.27836
0.520046
-0.484648
0.426567
-0.410005
-1.25093
0.391082
-0.241363
0.361823
0.690077
-0.403229
-0.389817
-0.069078
0.151372
0.129887
-0.7105
-0.622972
0.529757
0.28463
-0.0915124
0.667103
-0.380293
-0.814791
-0.124677
0.936527
-0.200246
1.11584
-0.0696033
-1.36823
-0.135038
1.07281
0.372187
-0.0457411
-0.274293
-0.498941
0.335529
0.14285
-0.251153
-0.0314773
1.07784
0.0540564
1.77405
-0.953927
-0.224881
0.0290101
0.565259
0.398813
0.626244
-0.75862
-0.710269
0.946755
-0.0452155
-0.022144
-0.352867
-0.47765
-0.257227
0.271861
-0.445557
0.881725
-0.507621
-0.485383
1.50477
-0.331069
0.416468
-0.148548
0.0972528
0.151619
0.206424
0.164677
0.0461238
0.110835
0.153494
-0.428649
0.458643
1.14596
0.0660832
0.0339794
0.638569
-0.696037
0.959689
0.208489
0.269715
-0.424145
-0.678212
0.247764
-0.152164
-0.848839
-0.0269387
1.56073
0.00332735
-0.468887
0.570364
-0.289944
0.634889
-0.0134577
-0.302848
0.557768
-0.221905
-1.85557
0.754835
0.591868
-1.45435
1.30359
-0.0150169
-0.236093
-0.0449241
1.38256
-0.5901
0.410381
0.977228
-0.906253
0.295852
-0.343052
0.20114
1.17562
0.718948
-0.931675
0.0361009
-1.07574
0.049746
0.192697
-0.0836292
-0.384457
-0.272739
0.629879
0.987465
-0.10665
0.0850844
-0.915848
-0.568693
-0.294225
0.0651218
-0.0772982
-0.0463259
0.675231
0.612083
-0.358526
-0.426554
2.00945
-1.42039
-0.0588324
0.174649
-0.299573
0.141392
0.216759
-0.732431
1.79014
-1.77855
-0.347171
-1.4418
-1.15509
1.00165
0.0624248
0.25014
-0.0207074
-1.06621
-0.161098
-1.31733
0.838757
0.550745
-0.402787
-0.651672
-0.750277
0.0690603
-0.864985
1.35402
-0.65144
0.885369
-0.414973
0.462067
0.313778
-0.265573
1.56794
0.0369225
0.614584
-0.477127
-0.336582
-0.323336
1.21014
0.598472
-0.0752533
0.21394
0.0729414
1.19017
-0.00374839
-0.17471
1.7075
-1.00302
-0.412163
-0.00391846
-1.01351
0.536242
-0.423772
-0.105041
-0.889507
-0.362634
0.29627
0.946575
-0.113416
0.392792
-0.636718
0.322069
0.279875
-1.65469
0.478606
0.67085
1.0165
0.792356
-0.811619
-0.0981368
-0.573415
-0.605302
0.688185
0.0558489
0.47868
-1.12075
-1.17382
-0.175874
-0.470935
0.00342275
-0.632328
-0.888565
0.47777
-0.261575
-0.822956
0.737776
0.00653007
-0.171602
0.367726
0.604153
0.295612
-0.151509
-0.763663
-0.292405
0.51501
0.203816
-0.030359
0.278564
-0.954747
-0.30967
2.29658
0.310393
1.10025
0.104704
-0.0593392
0.330143
0.301205
-0.460037
-0.457086
-0.711003
-0.416462
1.87726
1.05043
-0.284126
1.24428
0.754678
-1.65153
-0.900382
1.24377
0.0193049
0.490566
-0.58204
-0.683262
-0.596188
0.30386
0.336798
-0.628268
-0.652079
-0.174078
-0.168653
-0.328106
-0.898163
-0.884492
0.376707
-0.458308
0.0343277
0.629534
-0.258529
0.0208721
-0.164926
-0.0404394
-0.166962
-0.174665
1.15584
-0.568508
0.896999
0.913845
-0.219664
-0.77545
1.44166
0.126552
1.30589
-0.433991
-0.741499
-0.811741
-0.0994028
-0.300812
1.08978
0.839771
0.0359303
0.00573985
0.270408
0.0130559
-0.471573
0.34234
0.331617
0.728571
0.85702
0.248603
-1.02269
-0.0287958
0.365821
0.547938
1.50672
-1.01799
0.664152
1.60973
0.131364
0.945466
-0.645093
-1.30331
-0.317171
0.576501
-0.613172
-2.12453
-0.200255
0.53886
-2.13374
0.240632
1.12466
0.747293
-0.0680378
0.88023
-0.151894
-0.919038
0.108945
0.80776
0.264492
-0.455934
-0.280096
0.0415475
0.245809
0.49767
0.617176
-0.404146
-0.21986
0.17765
0.458723
-0.609607
-0.628245
0.161277
1.06007
0.622975
-0.419398
0.622801
0.149742
1.46074
-0.115023
0.17447
-0.93452
0.880681
-2.02369
0.659785
0.146917
0.290459
-0.0399968
0.230859
0.25727
0.36579
-0.55653
0.577517
0.255854
0.172804
1.55955
-0.0848245
-0.636089
0.74028
-0.42479
0.0722778
-0.938043
1.04995
0.261293
-0.41879
-0.174107
0.95059
1.13585
0.149127
-0.128713
-0.176207
-1.58047
-0.270688
-0.7629
-0.126769
0.411624
0.0924777
0.0857659
0.00909106
-0.398475
-0.334643
0.780816
-0.30592
-0.0829702
1.20726
-0.124852
0.315494
-1.15148
-0.483546
-1.68773
-0.316204
0.665852
0.787004
0.00779028
-0.958834
-1.00586
-1.26042
-1.47264
-0.215773
0.353424
-0.860273
0.607592
0.796784
1.24365
-0.395011
-1.39764
0.154268
-0.123626
0.554578
-0.00125093
-0.802188
0.580568
1.07118
-0.457712
-0.124421
0.630381
-0.161134
0.0537282
1.06473
0.0934677
0.680639
-0.630878
-0.325783
1.27109
-0.700678
0.790128
-1.20275
-0.0548228
-0.0631056
-1.52717
1.10175
0.355482
-0.0965666
0.443714
0.99051
-1.13425
-1.13627
0.466436
0.909036
0.363691
-0.330925
-0.254898
-0.176444
1.03689
-0.595651
0.338342
-0.0782642
-0.279045
-0.494124
-0.828479
-0.407871
0.250816
-0.607545
0.0642476
0.670025
0.778382
-0.468182
0.490085
0.208397
0.763287
1.05688
-1.19511
-0.48203
0.413463
-0.715866
-1.02372
-0.0565089
-0.0608809
-0.818213
1.00792
1.00964
0.294641
0.0280561
0.0310391
0.771332
-0.791503
0.403743
-0.139599
-0.774061
1.08554
0.90833
0.688746
-0.635481
0.314289
-0.429888
1.45464
-0.00190367
0.571595
-0.153489
1.72797
1.59062
1.9726
-0.187976
0.364414
0.994131
-1.20685
-0.421454
0.0914842
0.35172
0.939357
-0.186254
-0.134999
-1.46205
0.153077
-0.71096
1.06855
-0.377759
-0.145607
-0.118791
0.569933
0.307618
0.822302
0.0128141
0.353868
0.26507
-0.744188
1.16471
-0.124442
-0.623522
0.342751
-0.0700843
0.338855
-1.13741
0.577647
-0.708594
-0.436697
-0.383463
-0.166003
-0.43697
0.777169
-0.128101
0.557439
0.381818
0.12845
0.682207
0.355075
0.164127
-1.35229
-1.48969
0.84132
0.199898
0.165408
0.248594
-1.51265
0.482474
0.116814
1.0048
0.338945
-1.20855
-0.236394
0.173869
0.446827
-1.25311
-0.57797
-1.12034
0.833752
-1.26851
0.0900582
-1.61037
0.595092
1.37522
-0.152378
0.74629
-0.0495602
0.585431
-0.115723
-0.551838
0.763438
-0.671211
0.769435
0.0817978
-0.179324
-0.357694
-1.14696
0.0300033
-0.0999434
1.10998
1.04885
-0.763427
0.695359
0.663301
0.833176
-0.864741
0.200552
0.0512783
0.27296
-0.889809
0.216605
0.839194
0.0458271
-0.162577
-0.86839
0.0258189
-1.14251
0.379741
-0.675932
-0.573474
-0.227283
-0.569693
-0.227012
-0.415976
0.96614
-0.0958902
-1.17276
0.713214
-0.617492
-1.7372
-1.27697
0.650885
0.128658
0.0211353
0.861723
0.737611
-0.778593
-0.762568
-0.0500539
0.531537
-1.0026
0.355574
0.909877
0.223817
-0.160853
-0.583885
-0.165231
-1.0149
-0.271821
0.517466
-0.336201
-0.778652
-1.32083
0.146002
-0.00286542
0.475439
-0.389393
-1.28645
1.14305
0.288899
-0.2443
0.0166992
-0.688623
0.127967
0.151602
-0.437174
0.354015
0.713066
0.0380817
0.0602255
0.707818
-0.620683
1.28188
0.401272
-0.277412
-0.394813
-0.574524
0.880862
-1.01415
-0.541869
-0.961674
0.325159
-0.194657
0.0934144
0.400059
0.27472
-0.698122
-0.341224
-1.26856
-0.360546
0.586309
0.855955
0.477525
-0.99618
0.655962
-2.45901
0.978726
0.439873
0.0688192
-0.572708
-0.208917
1.44688
0.115055
0.4504
-0.347775
-0.47752
0.152811
-0.131984
-0.0503856
-0.203453
-0.377844
0.664917
1.41183
0.560593
-0.825996
0.366402
0.619209
-1.5933
-0.521093
0.0798334
0.139821
-0.0351526
-1.15371
0.75742
-0.0867073
-0.409612
0.503512
-0.117823
0.355824
0.556657
0.3867
0.31327
0.447147
0.653998
-0.268757
1.16181
-0.270993
-0.045098
-0.202958
0.0975729
0.098714
-0.599461
-0.711464
-0.668098
0.595936
-0.273226
0.123892
-0.716894
-1.50623
-1.2342
-0.55427
0.716627
-0.0202006
0.177622
-0.17918
-0.570352
0.694664
-0.440567
-0.00878568
-0.167585
-0.564838
0.211343
-0.295662
-0.476431
0.229348
-0.464114
-1.1493
-0.000392861
0.332102
-0.236507
-0.839605
1.22074
0.497057
-1.0867
-0.0241776
0.460771
-1.2426
0.3801
0.446049
0.412351
0.243152
0.718442
0.0339391
0.396842
-0.184829
0.38845
-0.523615
0.107326
-0.527905
-0.660568
-0.183606
0.52417
-1.0874
0.322313
-0.00395623
-0.0418064
-0.0250619
-1.31042
-0.780029
0.182624
0.363572
0.508428
0.525167
0.747386
0.939303
-1.47702
1.12926
-0.517147
0.018872
0.919343
-0.276019
1.13537
-0.551
-0.766417
-1.75987
0.680144
-0.437834
-1.35588
-0.110014
-0.650315
0.935017
0.841106
-0.553959
0.176787
-0.069267
-0.39063
-0.039781
1.14583
0.0775463
-0.196501
-0.399167
-0.199609
0.325613
0.0710273
0.0336208
-0.542063
0.980699
-0.529949
0.129882
-0.808095
-0.544
0.363141
0.370605
0.45708
-0.108184
0.302523
-0.225335
0.644409
-0.321944
0.620907
1.02609
0.136898
0.312062
-0.499547
-0.549636
0.55693
-0.0372458
-0.0522342
0.0432511
0.295232
0.28581
0.427363
-0.727099
-0.222703
0.288254
-0.452984
-0.448631
0.616546
-0.542793
0.170979
0.607871
-0.0522417
-0.290303
0.238869
0.773512
0.0825214
-0.528611
-0.298833
0.742469
1.24274
0.231717
-0.0817368
0.562666
-1.68495
-0.282804
1.16528
-0.989351
-0.130022
-0.158779
1.24531
-0.213148
1.48927
-0.437147
-0.369748
-0.0588172
-0.405502
0.276474
-0.305962
-0.407674
-1.69717
-1.34856
0.367946
0.117168
0.418692
-1.22399
0.365887
0.860026
-0.250606
-0.113266
0.907923
-1.23167
0.792949
0.281321
0.947446
-0.560317
0.479795
0.448985
0.662133
1.12127
-0.389195
0.907417
1.37649
-0.786735
1.25144
1.85111
0.362778
1.48819
0.797681
-1.47826
0.794482
-0.432608
0.3393
0.933283
0.673289
0.763995
0.0534231
1.99758
0.479931
0.490397
0.63728
1.36477
-0.538577
-0.578144
-0.278546
0.905442
-0.0802343
-0.468839
-0.967587
-1.28414
-0.577091
-0.67591
-0.71982
0.834627
0.472721
0.50895
0.709681
-0.485382
1.34237
0.213316
0.0270795
0.594344
0.842205
0.411117
0.0615601
1.30816
-0.0388504
0.195636
-0.312588
-0.773179
0.423492
0.290374
-0.289736
0.251131
1.05853
0.235272
0.103387
-0.364139
-1.25853
-0.582387
-0.683207
-0.453112
-0.590815
-0.571293
-0.315216
1.28511
-0.0847008
0.980692
0.400398
-0.0596772
-0.0362694
-0.0351159
0.928368
1.01664
0.130045
0.89638
0.721592
0.406625
-0.0185781
-0.316847
0.806369
0.378199
0.806784
0.47042
0.993037
0.41299
-1.05188
0.20005
-1.49638
-0.864247
-0.51329
0.720498
-0.761852
0.551332
0.0877621
-0.792153
-0.905279
0.996587
-0.312075
-0.56688
1.00444
0.347652
-0.197803
0.190425
0.106313
-0.332226
-0.59043
0.84144
-0.593562
0.0903201
0.79504
-0.226229
-0.776584
0.854586
-0.830396
-0.773247
-1.75292
1.01579
-0.302345
-0.730594
-0.633571
0.264117
0.0955731
0.141103
0.336776
-0.17484
-0.735014
-0.817383
0.471035
1.23412
0.91137
-1.79554
-0.216158
0.61395
-0.845561
0.823827
-1.21039
0.579813
0.653159
-0.397043
-0.545338
0.567359
0.556411
-0.0886447
-1.38839
0.459443
-0.0144009
-0.436516
1.47597
-1.43707
-0.283228
0.579862
0.499422
0.852812
1.36405
1.87178
0.379928
0.913768
0.964333
-0.120161
-0.336514
-0.367695
-0.48789
-0.326014
0.0222688
0.692433
1.09162
-0.0710882
0.340444
-0.0906488
-0.707
0.143817
-0.0307366
-0.26338
-0.831472
0.00205265
-1.38357
0.365237
0.10407
-1.74416
0.634289
-0.314629
-1.22648
0.305405
0.195653
0.0305471
0.974935
-0.851249
-1.43341
1.65215
0.854041
-0.498263
-0.196426
-0.661847
-0.247745
-0.819437
0.0239653
0.700882
-0.862049
0.251944
0.572454
-0.966945
0.0985
0.387786
0.45181
-0.36423
-0.131412
0.369338
0.702868
-0.723534
0.832545
0.19078
0.0481656
-0.351706
0.831074
-1.50317
-0.469461
0.438051
-0.0826549
0.0163738
0.468453
-0.395038
0.271996
-0.173423
0.827331
0.730954
0.495132
0.367361
0.270759
0.626666
0.0415581
-0.547689
0.428758
-0.7975
0.387244
1.74146
-0.727412
-0.818273
-0.822785
-0.655406
0.378211
-0.702619
0.621107
-0.965482
-0.132634
-0.222433
1.21292
0.0927542
-0.40383
0.961902
-0.080499
0.415994
-0.286958
0.786991
1.39852
-0.211065
0.0487741
1.66126
0.82187
1.00913
0.274046
0.449828
-0.917738
1.38937
0.181335
-0.39678
-1.12481
0.420672
-0.660003
-0.217922
-1.90871
0.969164
-1.36839
0.573976
0.314947
-0.30163
-1.13706
0.417684
0.832385
-0.841357
-1.16972
1.4227
-0.285964
-0.745461
-0.662601
-0.051803
0.409245
-1.15993
1.15336
1.07717
0.125348
1.06727
1.41488
0.503797
1.00841
0.392875
0.464406
-0.574344
0.206807
1.27965
0.121676
0.340572
-0.0569551
0.129441
-0.209441
-0.939679
-0.713286
-0.765664
-1.87838
-0.623325
0.817395
-0.657729
-0.181931
-0.13998
0.422295
-0.404985
-0.980803
-0.564257
0.48754
0.148746
-1.71833
-0.0820862
-1.03073
-0.717712
0.0959236
0.560731
0.604437
-0.0726685
-0.620734
0.226079
1.14139
-0.0774251
-0.937812
0.14161
0.482553
0.0349279
-0.73602
-0.866463
1.14872
-0.0929
1.26127
-0.335673
-0.00201457
-0.909178
-0.342056
-0.960079
0.276423
0.385098
0.727529
-1.66116
-0.207741
0.111758
0.161588
0.293718
-0.181771
-0.782763
-0.39247
-0.227269
0.204251
-1.11486
0.840114
-0.303933
-1.63509
-0.438486
-1.06333
0.0871468
-0.0703142
-0.81317
0.748757
-1.04387
-0.385873
0.20146
-0.324258
-0.106024
-0.466078
0.35574
-0.663532
0.7097
0.30008
0.634172
-1.08495
0.428165
0.111557
0.494978
0.208733
-1.17275
0.033054
0.426865
-0.490025
0.0453474
0.47642
-0.634251
-0.199321
-0.613441
-0.218794
-0.28473
1.32803
0.547042
-1.20551
-0.546066
0.346196
1.02627
-0.874357
-0.332066
1.25721
0.6748
0.431557
0.310421
-0.678493
-0.41351
0.527513
0.05254
0.178997
0.226585
0.260564
-0.198435
-0.205161
-0.0812494
0.233415
-0.691415
0.509118
-1.2983
-1.15203
0.202407
0.0431426
-0.265985
-0.657921
0.367598
0.306682
0.684775
1.46654
0.88055
0.0271721
-0.678318
0.625314
0.625109
0.338568
-0.103737
0.887639
0.871478
0.211074
-0.709327
-0.0318427
0.125071
0.548604
-0.884988
0.880441
-0.315304
-0.0107744
-0.364947
1.18048
-1.24368
-0.347726
0.0454857
-0.746269
-0.444173
-0.969946
0.832872
-0.610204
0.825413
-0.402625
-0.0405604
0.794374
-0.115303
-0.184293
0.93698
-0.367891
0.29878
-0.142096
0.904321
0.357646
1.17191
-0.041951
1.67385
-0.473394
0.963311
-0.680966
0.772488
-0.864088
-0.0946202
-0.119927
-0.535346
0.822879
-0.693557
-0.789695
1.36355
-0.448653
-0.765694
-1.12847
-0.984862
-0.354121
0.700025
0.14414
-0.0214101
-0.139762
-0.690122
-0.684329
-1.28639
-1.10014
-1.42614
-0.290003
0.0402969
0.307312
-1.12526
0.420205
-0.244305
-0.291913
-1.4355
-0.443975
-0.196972
-1.49572
0.0553033
0.11566
