-1.01512
-2.89831
0.565824
-0.0147596
4.38956
0.747261
0.00676289
1.51277
1.30525
0.515677
-1.20778
3.25336
-17.309
0.634582
-2.38472
7.26279
-1.24154
-0.217493
-0.0638764
-0.173048
0.277191
0.770224
-2.38931
-2.15489
10.5136
-2.13909
-1.13303
0.488537
-0.135807
-0.00387764
0.384035
-0.0403522
-0.495349
0.781582
4.46296
0.904367
0.305086
0.464892
-58.4837
-15.8914
3.49555
4.65434
4.09473
1.3472
0.288696
3.09906
3.77372
-0.241651
90.653
-1.01906
-0.529446
-1.12993
-0.0922068
-3.3948
-0.414615
2.31012
3.85538
-0.14332
2.23874
0.531266
0.471028
1.44107
0.167402
-0.435296
0.30043
1.61379
-0.45621
-0.786017
-0.267994
0.073403
-1.05195
0.244339
3.74791
3.77877
1.09246
-2.1802
-2.21995
-0.192789
-0.951509
0.721369
-0.92319
-1.62436
2.24283
-2.13919
-9.06147
-0.178473
-0.0991633
-0.163341
-0.42602
3.9207
1.1136
0.199643
-0.803483
-0.173416
1.95726
0.379631
0.910712
-3.55419
0.536987
0.48483
-0.413546
-2.44202
-9.84757
13.8368
-3.65259
-0.0571413
-1.16064
0.0225668
2.37449
3.40914
-1.69691
1.26417
-18.1758
2.07259
0.6331
4.94553
-10.2534
0.676791
0.433982
-3.5068
6.61403
0.001682
-0.175537
0.0390042
-2.48637
-0.439911
-21.5409
0.0336721
0.494944
-0.410721
-4.8832
-8.87039
0.0556049
9.08121
-0.76807
-4.18096
-0.75959
-2.18409
-0.126421
13.6901
0.0325703
-0.161568
-0.0903851
1.68332
2.35803
0.192369
1.23159
8.56875
0.534066
4.70794
-1.84171
2.4835
2.04131
-2.93703
-0.323514
-15.1871
-10.3026
-1.03836
0.197954
0.0905456
0.43755
-0.400862
-1.2715
-0.219516
-1.48267
-1.57782
-2.91083
3.42947
-3.52053
-0.433763
-0.157857
0.45522
1.9333
-7.69505
0.418617
-0.16721
0.515262
-1.23998
-0.368624
0.527337
-0.485786
-1.47793
-0.484356
-3.80386
1.36164
-1.03865
9.04998
3.84455
1.91949
0.0886868
-0.549607
-11.8353
0.158378
1.59191
-1.06323
-0.570041
0.538155
2.15425
1.10441
-1.0994
1.1768
-0.443269
1.18195
0.726835
-7.65635
-3.60065
1.36635
0.109303
-0.883807
0.240224
0.337737
-0.388687
0.0791477
-2.71175
4.23477
0.459093
0.00533787
0.229274
-1.17387
-0.448772
-0.638869
-0.772066
0.21933
2.66675
0.75937
-0.631337
-0.821318
-0.271939
-2.12963
4.35039
1.12717
0.917856
0.113669
-2.54176
7.30655
-1.53639
0.0156388
-1.08963
-2.41796
-0.0120715
2.60364
0.0184155
8.27588
0.370015
-2.88473
0.942344
1.57329
1.92329
0.662643
-0.710907
-9.6113
4.68156
-1.26272
1.41272
0.29217
-3.23452
0.0412814
2.29767
-0.856003
6.2521
-1.16053
-0.0307601
1.15969
6.09086
0.189399
3.38728
-0.407401
-2.0368
-0.101408
-0.0449609
-1.47226
4.47575
-0.655871
-0.252554
1.13777
-0.35635
-3.50983
-1.04386
0.170287
-0.876082
0.323277
0.0677375
-2.79491
1.06686
0.217963
2.68983
-0.593502
-0.800136
4.13722
7.13558
-2.5551
-3.47107
0.733498
0.885988
0.0607314
2.19152
-1.29508
-1.56531
1.44335
0.00675296
-1.62246
0.0602509
0.834324
1.04191
1.01661
1.80484
-0.67675
-2.14305
3.18464
0.627043
19.2602
1.40964
-5.01313
-0.454174
-1.19143
1.20535
-3.17144
-44.6234
-0.116137
-1.37473
0.508047
-0.653637
-1.87334
6.09898
1.09443
-0.776813
0.767124
-1.05496
-1.3367
1.37008
0.0119062
-0.271946
0.958728
-0.640318
-0.0342089
1.30265
0.819399
-4.17128
2.20169
1.1978
0.824719
1.04412
0.124583
7.43357
-7.56056
-3.26742
-0.128115
-29.7408
0.925035
-2.07799
-0.706065
-2.4685
-2.23515
-0.645275
92.7237
0.0250957
0.503985
-1.84728
1.8914
0.347874
1.67352
0.636646
2.97895
-1.026
0.52088
-11.4906
-0.260587
1.10465
-0.649116
-4.51276
0.259096
-1.6517
0.458338
0.379258
4.0627
-0.569231
0.955062
-5.90606
0.26896
4.29582
-0.505794
-0.329338
-0.345871
-1.07869
-0.65192
15.2389
0.616852
-0.529499
0.467434
-3.99559
-7.9753
5.99464
-1.81002
1.51718
2.19959
-3.9269
3.20075
-4.31513
3.66414
1.2785
1.0021
-0.525105
-1.6028
2.78409
1.18151
0.310742
-0.909336
-0.727374
-1.14736
-0.0123647
-0.0810092
2.83543
0.22354
-0.382877
1.4314
6.04827
-1.84131
0.389598
-1.96064
-1.59579
-0.0365563
-0.145091
1.13073
-2.84135
-0.591216
0.579068
0.292408
1.61094
1.45035
0.135771
-0.33778
-0.948604
-2.68872
-2.96578
-0.067588
-0.813496
-0.870815
-9.28349
0.956869
1.7972
0.191647
-0.677144
0.529934
0.566958
1.32989
-0.536715
-1.80583
-2.38506
6.28626
-2.19628
-2.39902
-1.08926
-1.13438
1.12177
0.339433
2.39318
1.32583
8.92473
-22.9273
2.36071
-0.203095
1.6845
-8.04437
-1.23689
-0.139048
-0.191219
1.26046
2.84859
-1.85295
-5.68752
0.555089
0.406196
-0.111868
0.392424
3.35742
12.5971
-0.56299
-6.05818
-0.49563
-0.620754
-0.383798
4.65165
-1.16207
-0.170017
-0.352448
0.0167876
2.7781
1.05194
0.474403
2.15291
2.06477
-0.521425
0.781832
0.0586987
0.920598
-1.99262
-2.4453
0.776651
-3.32267
-1.64308
-1.8905
-0.403077
37.857
-0.91022
0.0585155
-0.925148
11.19
-1.63728
0.78535
-0.117205
26.3982
3.48941
-0.302959
-0.138634
-0.0180994
-0.187543
0.354175
0.276186
-0.338826
-0.0788851
3.5507
-0.0234185
-1.04854
3.0207
-1.97384
0.147525
-0.916461
-1.14995
-0.439422
-19.0539
-2.44802
0.115211
-0.47598
-2.41228
-0.418803
1.11371
2.19311
-1.72723
-0.597845
6.39217
-3.81505
-2.68484
0.0834347
-1.57788
1.87809
-0.380503
-1.13454
-0.368162
0.422096
-0.699645
3.91626
-2.61292
7.03259
3.22653
3.12913
-3.5835
-0.993016
0.359899
0.53511
-30.6206
-1.10038
1.71052
-1.22475
0.767943
1.5757
0.483959
0.250882
-1.71438
-0.189281
0.308422
-4.17833
-2.66402
1.85338
-0.765052
-1.99304
-0.41943
1.3575
-0.195904
-1.75361
0.461474
0.827474
1.24933
2.1002
-16.625
1.28443
-0.421267
7.53584
-0.594066
0.128675
1.74964
1.38051
0.212448
0.826042
1.01942
-6.45529
-0.251992
-10.8183
-0.586829
-0.226033
-0.380065
0.976817
-0.840909
2.49141
-0.129899
-0.452998
7.90675
-0.645191
0.616417
1.5151
1.70524
11.5258
-1.4277
-0.0374866
4.1204
0.889202
-0.594793
0.0237265
-2.97341
-0.697086
-0.261983
-0.983616
0.74121
-1.11871
-4.8111
-1.34421
-0.347008
-1.64579
-0.275613
-0.743474
-0.0891863
-1.48398
-1.0203
-2.55883
-0.229514
-14.0682
0.669103
2.47454
-0.217523
-4.67166
-2.16229
1.69991
-0.524723
-2.69172
-74.1062
-4.70739
2.2467
0.612843
-0.93432
0.682066
-0.681296
0.229615
0.355945
0.581231
-1.08069
-1.97892
1.37106
-1.86514
-0.317998
-0.243053
1.05432
-10.5481
-4.01719
-0.319323
0.894265
0.12562
0.487164
0.107483
-0.281277
0.0207634
1.51836
24.0085
0.169695
2.84455
-6.18361
-18.0236
-4.82771
0.874925
11.2538
2.81672
-6.18997
1.97923
0.643474
0.545589
-0.841612
-3.18294
-0.17678
0.437343
0.545924
-2.5596
0.383922
-2.30337
0.00488836
3.65502
0.941914
-1.36275
-0.356505
9.36919
0.661945
-0.327301
-1.18383
-0.145259
-1.34497
4.31122
-0.834292
0.483468
0.481683
0.33709
-0.483084
2.70135
-0.758361
-5.27785
0.358077
3.04801
-1.1138
2.60492
-1.94494
0.0469341
-27.0996
-4.12581
-6.56098
6.42444
-0.495304
-1.54352
0.448435
27.3877
-0.0342745
-4.00812
10.2725
-1.57199
-2.0987
2.21443
1.63353
-0.577994
0.455261
-0.275778
95.3719
0.294115
-0.233718
-2.31462
0.297906
-0.0190943
0.216255
0.766499
2.19163
0.435486
0.0876938
0.685184
-2.84289
1.82237
-0.882913
1.80409
-1.01621
-0.458194
1.64021
4.40588
-0.415889
0.374735
0.533665
-2.96525
-1.161
-1.72688
11.6541
1.63383
-0.999704
0.498771
1.41086
1.14184
-0.228836
-2.05355
4.32075
-0.371941
1.26587
1.815
0.765215
0.153631
1.37343
-1.05829
-0.732481
8.95405
0.137509
2.21663
-0.307749
-3.3565
-1.18899
0.791917
0.705967
3.23847
1.16832
-0.487354
1.00903
0.410339
6.20418
-25.6045
5.83146
-0.754165
-2.20971
-0.260683
0.0699852
7.01433
26.896
-0.242477
-2.25633
-1.2028
0.517812
1.00299
1.44162
1.12845
-1.4028
2.1174
-0.191225
3.52439
-0.658201
1.73227
4.77395
2.70662
2.46733
-3.94441
1.07389
-0.309249
0.495877
0.982915
-0.53061
-0.30266
-1.82991
-0.606539
5.59242
9.35851
-4.23736
9.4908
7.59875
-2.97249
-0.378997
1.96102
-0.430527
-0.334391
1.40278
-1.5418
0.504505
-0.770873
-5.14143
-2.7703
-0.372498
0.143455
-1.01993
0.578196
-0.20265
-0.212285
1.01715
0.34715
1.16425
2.66168
1.45832
8.76463
6.9146
-0.992724
0.053922
-1.47802
-1.8164
2.09652
-9.19435
1.70464
0.379644
1.29424
-1.72367
-0.0142853
1.56576
1.35098
1.31362
-1.21241
0.860451
18.7509
0.989514
0.697727
2.45572
0.956013
-1.24366
1.82364
0.128951
0.270656
-1.69076
-2.3502
-0.359976
-1.30518
0.521149
-0.363308
5.71251
-5.02573
3.97808
0.399286
-1.58198
-7.2541
2.00948
1.94643
-4.06252
89.4295
-1.22541
-1.1891
0.504884
6.42878
9.02797
-0.130469
1.11776
1.82051
1.27695
57.7979
-3.19323
3.00093
1.35205
3.23379
-1.62935
0.115462
1.58791
-5.46307
-0.977574
0.785288
-10.0336
-3.7937
-0.214852
-0.389355
-0.709491
0.235643
4.90158
-0.106772
1.3112
-0.414777
0.0192326
1.24513
-1.49837
0.274332
1.36013
3.35143
-2.45173
1.45041
1.14331
-2.51829
-0.318193
0.770248
-1.32582
-1.92557
-0.0298967
0.541518
-4.48304
0.943005
1.39946
0.177858
-1.2502
-2.33225
-0.110292
-2.08676
-1.39017
-0.393546
0.381927
-0.161343
0.185999
1.87966
-1.62732
0.521427
3.30649
0.693849
2.4873
0.0259855
-0.39034
-0.186946
-11.8689
0.598168
0.146706
-0.177044
0.782659
0.000473332
-1.00645
-1.2051
0.0220827
9.63954
0.0643702
-16.3234
-3.2347
11.2921
0.626384
-0.584815
0.587812
11.8261
0.355191
-0.655112
-16.4117
-2.16729
-3.18516
0.54781
-3.6982
-0.565757
-2.17745
1.75101
0.232106
0.935555
0.882167
0.291922
0.732549
0.124945
1.09051
2.03575
0.509429
0.607545
-0.162173
1.30225
-2.2338
-1.10055
-0.295358
3.10167
-0.0282306
0.175165
-3.62828
3.73962
-0.31191
-0.17759
0.137009
-0.182825
-0.934355
0.262996
-2.30022
-1.13304
-2.23905
-1.91233
0.665785
0.774278
-0.707874
-4.18931
-4.7686
0.11788
0.233856
11.6302
0.0409203
1.78656
0.204166
2.48084
2.54742
0.0784059
0.573145
0.0546111
-0.0632528
-1.83266
8.08647
-0.176295
0.0990907
0.420629
0.473761
6.3786
-0.577065
-0.343878
-0.994428
2.18559
-0.929779
2.36519
-0.66107
0.862472
-1.30596
0.866393
-4.09143
-0.482701
1.45004
1.57527
-0.247508
25.9043
-0.440843
-0.708729
0.0368007
1.65775
0.103491
0.423502
3.28788
-0.775002
2.5311
0.220231
-0.0856413
4.29562
0.0321317
0.340206
-5.92202
-0.421433
0.74788
-17.5318
1.74111
1.50086
-0.0344049
-2.00006
3.14843
0.109476
1.41567
-0.18992
-11.5577
-1.00875
0.0377648
2.55727
-1.8404
1.82168
7.77925
0.09928
-0.963912
-6.49323
0.970491
-17.2169
-1.05607
2.14484
6.25109
2.30558
-0.985492
12.2182
1.35577
-0.0438713
1.61822
4.79145
0.874949
0.59655
1.03104
-2.0617
-0.10413
-1.45206
-0.175193
-11.6083
-3.89792
-0.0328296
0.119109
1.18862
-0.180817
7.00556
-0.289083
-1.32314
-5.53722
-4.4525
6.81645
0.520921
-8.75013
-3.93187
-0.810578
-0.211983
-0.862911
5.2065
-0.035311
-6.87926
-0.112279
-0.59455
1.16765
7.13137
1.25503
18.3868
1.57183
-2.8044
0.489231
-2.1652
1.49473
2.66849
5.74642
-0.94195
-0.805799
0.528807
1.2051
-0.800624
5.79284
1.07299
-1.85847
0.343872
0.127692
-2.36048
-0.688038
32.1979
-3.80296
1.5358
44.1287
-1.54933
-0.0400544
-1.62678
-14.4338
-0.407722
1.53802
0.0292257
0.0922015
-4.3218
-0.979458
0.643945
-0.770824
0.380506
-0.627907
-0.211797
-1.58498
-1.03464
-1.0667
-0.434316
-0.153028
0.656034
3.14855
-1.81395
0.258285
1.23416
1.46528
-1.89428
-0.198708
0.517528
3.43616
1.23637
-0.428095
-2.42383
-0.905294
-0.63215
0.739361
0.535322
0.824074
11.7031
2.17472
-1.12127
-0.990241
-0.936203
-0.32917
-0.525208
4.45721
-1.43197
1.01034
-2.37742
0.391231
-5.94987
0.367489
-0.230705
1.88346
-0.278991
-4.14074
149.089
-1.50932
-0.155668
-1.01535
-1.42325
0.381304
-3.79734
0.395943
-1.18913
0.317015
44.1419
2.32904
-0.266266
-1.35632
-0.0649014
4.08474
-4.72706
0.872805
2.86684
-0.0764955
1.5121
-0.00358833
0.318282
3.13625
0.20341
1.10663
-2.55281
0.934532
-0.0696668
0.469389
0.55244
4.54617
-2.15252
-1.37982
0.440354
2.18691
-4.34839
0.1564
-3.56243
16.7115
2.58111
-0.00217617
-1.84355
0.21922
-0.323016
-0.534887
-0.899394
-4.27324
-3.14848
-0.945209
-10.0826
-1.248
-9.86367
-2.31672
1.80421
12.6983
0.675651
47.9669
0.617322
-0.419612
-5.91959
-1.94092
-0.522737
0.31437
-0.738917
0.494863
-3.06286
-0.155528
0.933221
-5.79265
-2.84175
-4.64437
0.673897
-1.77954
-0.28341
-1.44264
6.15444
-0.666092
4.23609
2.97142
1.67502
-1.22808
1.40605
-6.24471
-0.365985
0.213133
2.43316
-17.8493
-0.629416
-0.474245
0.801797
-0.0420283
0.0874078
1.04953
1.30798
1.48108
-0.190886
-0.151845
7.15422
-0.563167
3.95094
0.111199
-0.555146
-0.116943
1.90917
-0.568301
-0.233395
-0.697899
6.06692
-0.252634
0.150558
-1.2945
-0.903836
-2.74813
1.47599
0.304075
0.254891
0.606533
0.279412
-2.30725
2.65613
-0.34321
-4.61384
-0.0529272
0.578661
0.662861
-1.75566
-1.09838
-9.35785
-1.14989
4.44638
0.0414781
-0.113692
-3.39366
-0.118151
0.246811
1.70765
-2.09377
0.609772
0.25418
0.354463
-0.0222729
1.09862
-4.38224
3.36763
-2.83278
-0.156704
7.05303
0.438104
13.9243
-4.6031
0.24269
-6.87522
1.18269
-2.10965
1.76024
-1.36584
-1.66771
1.92708
0.320923
0.474438
0.0665949
-0.537584
0.0763736
1.14884
0.839239
3.05307
1.06529
-0.977091
-0.494059
-0.260191
2.28285
-3.9262
0.182983
0.724042
1.47315
-1.46897
1.07957
1.06896
5.7605
-64.1677
-0.801928
-3.67461
0.510263
-6.42778
5.39008
-0.251341
-0.503884
0.901786
-0.214292
-1.31432
-0.507036
-0.0973868
1.08316
-3.52058
0.911555
1.71504
-2.92855
0.747271
0.612628
4.54191
-2.91586
26.8504
-0.243348
3.11144
2.16474
1.38553
-6.25741
-0.350387
4.62566
1.25406
-1.78474
1.26546
-0.435052
0.57546
-0.694767
1.18558
0.509411
1.05836
-4.22066
21.1719
-0.100086
1.05321
1.54118
2.64416
3.37884
0.442401
21.4955
1.60473
5.03963
-2.63297
4.28663
-1.65426
-6.33226
-0.666757
-1.12696
-0.767306
-1.34455
0.284147
1.01584
-34.8311
2.96297
-0.0940533
8.13312
10.2892
0.857348
2.03148
0.127062
0.0393346
-0.0249402
-0.267318
1.52646
-0.417854
0.617959
0.880182
2.28322
2.72674
1.18479
-6.59694
0.402035
-0.677875
2.10697
0.989867
6.53877
-0.843008
9.98868
0.957447
-0.0465868
-0.874673
0.259345
-0.792385
-0.951448
0.242816
0.559552
-4.3301
-0.716421
1.47106
-0.335576
0.311762
0.0900897
-0.27151
-0.545142
3.0992
-0.625339
4.71902
-0.770066
-12.2692
-3.18047
0.146056
-3.8013
-5.17472
3.84326
-10.271
4.63608
-0.193422
-1.82222
-1.10601
1.5399
-2.18019
-1.38051
0.397692
-1.70557
-0.44476
-0.536662
8.38147
-0.085782
-2.98869
-0.0354168
-0.797799
2.35851
1.26587
0.10123
0.774205
1.00727
0.184722
-4.20435
0.200023
0.479439
0.284091
-0.0156385
-0.359538
-1.81177
-2.34517
2.49575
-0.959899
0.748477
0.923618
-0.546194
0.494125
-1.1845
-1.19269
5.70977
0.617929
0.365539
14.421
-0.820201
-2.47897
0.0173629
1.2615
1.22929
0.414318
-5.89185
-0.118024
0.160379
0.255594
-0.726283
6.73811
0.812457
0.381119
-1.11741
-1.89624
0.503457
1.14474
-0.337538
0.114736
-0.279296
0.998151
1.71768
-6.89741
-0.615103
2.03949
-0.229036
-1.11945
0.839489
8.42153
0.454136
-0.810731
3.47935
-0.699388
1.13479
-6.57627
3.22231
4.5383
-0.763688
-2.17635
0.930266
1.21184
2.48462
-25.2346
-2.40912
1.63736
0.455823
-0.26443
-0.211209
-1.58046
-0.55765
0.0676279
3.54527
-0.714846
-0.8269
-0.291119
3.03564
-0.824499
0.59729
1.51905
10.4881
0.539311
20.6992
0.683612
0.792667
0.900484
-1.39082
-16.6949
-0.272347
2.71696
-0.00288056
-0.761905
0.24838
7.29097
4.012
6.03948
-3.08759
0.201109
-1.21016
0.262355
-1.17779
0.0649181
0.0417522
-0.269432
-1.44892
2.15188
-3.49056
6.91533
24.7543
11.2412
-14.5884
-1.25074
0.726217
2.98468
0.603709
22.5594
3.00434
0.875135
4.59589
-4.36352
21.0915
0.172347
-0.63485
-20.314
1.44435
0.605515
0.305044
6.05234
0.718932
-0.205545
0.636906
-0.651485
0.336106
-0.482081
5.05844
1.55247
1.65626
-1.06643
0.792287
10.4298
-3.73488
-0.44371
0.533295
0.879751
1.14951
3.5862
0.193035
-0.476787
-0.0203978
-0.656901
1.39936
-0.419746
0.117169
-1.04116
-0.373833
1.21547
-2.67823
-1.85593
3.29203
0.501624
-1.38842
-1.24281
-0.304242
-2.76362
0.280658
-2.83895
-0.632528
1.21354
2.20408
-0.279539
4.55306
0.492498
5.50452
-0.900592
0.254676
-0.193029
-0.744977
-32.3896
-1.00624
-0.585501
-0.154864
-0.884626
-28.7846
9.38907
-0.812616
-0.0395522
0.441341
-0.37497
0.242095
0.998389
1.28462
-0.432782
0.693279
-2.72992
0.528653
-12.747
-0.496641
-1.28687
8.40203
-10.1191
4.02517
-0.309962
-0.625528
-0.142956
0.106614
-20.8787
1.32387
-1.30491
-1.69244
-0.426351
-0.752146
0.280079
1.00073
0.476775
255.832
-0.438724
0.445041
-3.52997
0.660465
-9.86222
2.27195
-4.51408
-2.76459
-2.17854
-0.646826
-0.431722
0.180102
1.83348
-0.0687955
-1.04987
-0.500548
-1.3011
0.594167
1.00535
-0.649959
-1.54844
-1.03376
2.955
3.49469
8.27702
0.990168
0.793381
0.977161
0.680983
0.0490993
0.883939
0.0485949
0.731491
120.897
-0.974317
-0.608466
0.17815
-1.17339
2.69928
0.434814
-0.122296
-2.71359
-1.24041
4.71692
0.361982
0.643405
-58.7361
-0.134044
-2.41443
0.691643
0.194038
1.53101
0.350174
-0.509503
0.914868
-1.2932
-1.08991
0.499328
1.07259
1044.31
0.791177
-2.09098
0.0729929
2.58938
-0.562723
-0.123745
1.63805
-22.5709
1.44288
-1.8555
0.779866
3.51754
3.2742
0.0570822
-2.35879
5.23271
0.332027
-3.8006
0.222038
0.772464
-5.9057
0.895289
-1.89845
-0.389891
1.66699
0.903139
0.827013
-2.16139
-173.014
0.626494
0.226783
12.4121
1.02694
-0.240753
0.3089
-0.151625
-4.28474
-0.514166
0.258061
-0.0218385
-1.63305
4.71692
-3.78425
-1.71215
-0.262744
0.000348843
-0.159598
0.0787824
0.496779
6.63715
-0.83934
0.651588
-8.77277
-0.619637
-0.783206
91.0076
-1.05703
2.33722
-0.258002
-0.910009
1.05464
3.702
0.653361
0.360759
-0.470172
0.727929
-0.0910618
-0.943733
1.65584
0.597116
0.436018
-0.132623
-0.907856
1.48617
0.268319
-5.07478
-0.188943
-0.682537
-0.551873
0.796419
2.58408
52.8227
0.788233
-0.0671109
-1.22535
1.3742
11.4564
-0.345903
-1.75356
-4.6167
-10.798
0.601706
3.30564
3.13053
-2.58545
0.651663
1.85161
44.6029
-0.174936
2.36076
2.0701
-0.15504
3.20783
-0.74095
0.850477
-9.44066
0.175546
-0.175539
1.28437
2.41474
-6.13363
0.77712
2.94607
-2.79525
0.40608
1.24664
-1.35907
0.684086
2.19821
7.88197
-2.7017
7.2248
1.52855
1.32807
-0.360886
12.4473
-1.47828
5.86075
-0.0163671
-1.68778
2.19768
-0.198634
0.0086794
4.77109
0.762329
3.13818
-1.28772
0.247196
0.0831886
-7.00869
-0.671398
1.68591
0.177328
1.5457
-0.919702
0.66892
1.49282
0.522854
-0.224036
-0.00241586
-0.957965
-1.35083
0.801933
-0.99386
1.17745
0.740702
0.368599
0.940271
-1.54739
0.256195
0.766492
-2.87456
2.35948
3.76233
-0.141624
0.655029
-0.38302
0.156042
0.0460768
0.562229
-0.497742
-3.05279
-0.663952
-1.7274
-0.0169002
-1.56049
-0.0303867
-0.33781
25.281
7.53435
0.2725
2.11513
0.503159
1.34488
-0.779209
1.07554
0.0303976
1.76793
0.429702
0.589744
1.8599
13.5914
19.7535
2.01051
0.375354
0.0829018
0.137704
0.189403
-6.69029
2.00896
1.71934
-14.1923
-4.48538
4.88742
1.07052
0.106669
-0.0868583
-0.488828
-0.513085
-0.06057
0.219756
0.166966
-18.1944
-3.79176
3.02167
-1.46606
-5.39993
0.560287
-0.729088
-1.62989
0.356729
1.70678
0.790334
1.76541
1.90149
1.54296
3.08811
-0.464288
-6.33739
0.223031
-0.290143
1.24913
-1.59513
3.93973
-0.151656
-0.0513559
-0.95908
-1.92321
0.652692
0.636272
0.376754
0.230318
-0.123879
-2.42625
-1.40122
-3.94158
10.6028
1.31673
-17.9436
-14.5267
-0.313895
2.19364
0.231589
1.04362
-0.71638
0.267013
0.51307
6.02587
-0.577234
-1.14768
0.143424
0.400626
0.686879
1.12468
6.91794
5.32041
-0.785182
1.03651
1.27657
-0.399864
2.47225
-0.0284797
-1.37982
-139.326
1.23491
0.95039
-1.52546
0.600883
-0.939733
0.846647
-0.154327
0.280146
0.182177
-0.855271
-0.319362
-0.195638
-3.29546
-2.84044
-0.73937
4.55541
2.94904
0.548121
-0.993825
-2.12478
0.377676
1.81859
0.565375
0.0673727
-0.458757
-0.973645
-0.992389
2.78802
0.524193
-2.16494
0.665505
0.423925
0.208045
-3.12174
-2.33903
-0.803692
0.0336738
-2.22966
-3.26913
1.67339
0.68581
0.064346
-2.41836
-0.124587
-0.372798
1.61406
1.72248
-0.351632
186.245
-2.21753
3.92982
0.257124
-0.031983
2.56376
1.16743
-0.962543
-1.90776
-0.58435
0.95517
0.0285571
-3.07195
1.71876
-0.930226
-1.82661
-0.333448
-0.150838
1.26113
-22.1905
-0.667145
-2.95102
5.9784
-1.04819
2.00006
-0.291337
-0.0829036
-0.925297
11.3822
-6.80173
7.62295
-2.93831
25.4847
-0.0333118
-1.00931
1.51368
-0.394522
4.19718
0.884095
6.12367
-1.10848
-0.0174444
0.443674
0.535692
1.08952
-0.673895
-7.88114
-105.503
-6.61401
-0.946935
-4.5574
-3.34473
-1.47611
-3.01731
0.906225
3.4119
-0.542376
1.95934
0.79629
0.110573
0.511139
0.70624
-0.204846
-1.31509
-2.58301
0.0701157
1.36924
-0.301847
-0.472117
0.083584
-2.73865
-0.237619
-0.358949
0.520092
-0.302275
-0.185913
7.18853
-0.628522
1.37524
0.339712
-8.84712
0.00355501
0.3416
0.837064
-0.879671
-15.8091
-21.4333
-0.674841
-5.09419
0.692975
1.00234
1.00503
0.250972
-0.667385
-0.374155
-0.219092
16.1186
1.3605
-0.119975
1.13625
1.9525
-1.32298
5.41992
-2.78509
-0.151756
-0.658193
-0.832205
-0.393861
-0.333348
4.13937
-2.9363
-0.707559
-1.68717
0.804969
-0.571774
-0.726119
0.152349
1.19657
5.20223
-0.30012
-4.27461
-10.8795
0.0104567
1.62863
-0.139458
-0.319558
-0.0200542
-0.573818
-0.334758
0.490798
-0.2301
-1.33526
-6.79649
9.36732
-2.00002
-0.52523
1.65193
0.867294
0.277263
1.01113
-1.41531
0.40736
1.6912
0.728459
-6.89647
0.781815
-2.46256
-12.6974
0.846448
-0.0059145
0.538418
9.60571
-0.451722
4.1174
0.194402
3.43529
0.153608
-3.44303
-2.94557
0.12087
1.15181
-0.520526
0.684652
1.55729
-0.206978
2.39729
-1.80965
-0.0283733
1.00562
8.20807
5.88168
0.258985
-1.81898
-0.698834
-3.5116
0.0594445
0.00440478
20.455
-0.341096
2.59208
0.452482
-1.02039
-0.436616
-1.81345
1.73297
0.331419
-2.94992
-0.614063
0.139564
-2.78103
-1.18595
17.4601
3.30724
0.102022
-4.34471
-0.576809
-0.381926
0.813438
0.6078
1.03842
-0.998988
5.40999
-1.39298
-0.941634
-0.151489
-23.142
0.155219
32.1438
-7.99305
1.70653
1.38987
-16.7272
-0.85226
-0.497406
-10.1535
-0.301536
-0.0846658
-4.27361
-2.99624
0.374104
-1.01776
-3.1226
-0.286629
-1.63381
-0.87527
1.04053
1.10657
1.15757
1.70124
0.868871
0.13297
1.47578
1.47525
-0.242437
-2.80727
1.37036
0.234813
0.0837267
-1.81598
0.9126
-1.31546
-1.92395
2.99378
-0.0236957
-0.354279
-0.765995
0.761933
-0.0595464
1.19792
-1.2939
1.2787
0.947963
-2.82894
-1.2032
0.2578
-0.112998
0.966665
-0.821294
-0.275676
-9.95989
-6.00369
-0.404918
1.73452
-2.09729
1.06335
3.71559
2.09938
0.796702
0.665049
1.13092
-0.896547
-1.80819
4.79786
7.13172
2.03178
-0.284138
0.614025
-2.12341
0.212564
2.48329
-0.482556
-0.929844
-0.32023
-0.267703
0.287289
-2.79534
0.660881
-0.699769
1.45806
-6.41705
0.717692
-0.599835
0.0629659
-1.03126
-11.1709
-1.65427
-0.462902
0.138673
-0.746393
0.122923
-0.850546
-7.89369
-2.29996
-0.479898
1.83316
0.161583
-1.46975
-0.141156
0.109174
0.331623
0.107207
-0.207895
1.00745
1.62295
-1.34018
0.169442
-0.451662
-2.33495
-0.640657
0.139958
-1.32448
2.00471
-0.136227
0.127858
1.82697
6.38337
-0.44568
-2.11893
0.396725
2.18421
10.3426
15.7581
-2.15991
-5.67284
1.82677
0.0378002
-0.0170329
-0.176966
0.0732411
1.15364
-0.143253
0.344196
0.274227
-1.29452
-0.0780702
-1.0288
1.188
2.14999
-0.46504
7.31728
-1.42562
0.737738
-5.41142
0.71827
-0.592348
-0.233884
1.25159
-1.79034
-0.536726
0.853329
1.30592
0.391691
4.45056
0.713188
0.812235
1.57942
0.443966
1.59889
0.460915
4.08654
-0.503753
-0.879926
5.53303
-0.0971903
0.692721
0.395133
-0.946877
-0.0574456
0.268575
0.227608
0.424758
-0.0402984
0.139671
-0.852893
-0.170394
-0.444262
3.91507
0.854994
-0.31404
0.604199
-0.495721
-0.173541
0.378498
-0.175423
-0.691274
0.836106
1.11792
-0.660342
0.328268
4.00774
-0.429726
-0.539776
2.01242
-0.830275
-5.13402
0.463222
-0.25784
1.80023
0.0117237
-0.332146
1.43174
-0.768676
-6.77249
-5.9193
-0.332221
-9.03084
-0.158456
-1.69719
-0.0465691
-2.15958
-1.21378
0.15157
-0.0465022
1.44303
-1.03313
0.042548
0.564002
0.00887384
-0.477721
-741.641
1.43531
1.529
-0.725228
-3.16927
0.789243
0.348029
0.133082
37.5242
-1.81053
-0.169743
6.59536
0.0411392
-0.124676
230.261
2.49518
10.937
1.15577
-0.540249
0.507288
2.98572
-2.03996
-1.37708
0.0695775
-0.547866
-0.126674
-1.29309
3.10509
-2.3278
-2.71819
0.293515
-1.29938
-1.90097
1.28198
-0.655663
0.481901
-0.721395
9.99021
9.69628
-0.020158
0.827821
-9.54226
-0.5368
0.202003
-1.45943
1.22176
-1.80839
-2.05486
-0.315789
1.04101
-0.1112
-3.54943
9.71339
0.398471
-11.7558
0.900176
-0.392771
0.841395
0.362553
-1.15785
-0.907962
-1.2125
6.4418
-0.44757
-27.7088
-0.0759463
36.9455
-0.751118
-1.93587
2.62935
1.39651
0.669406
1.16008
-0.26836
3.72409
0.340548
-0.841019
2.55243
43.983
1.81966
0.129594
-0.0393516
3.24219
0.690852
1.10024
-0.0284
6.31011
2.23278
-2.24234
0.635411
6.36313
-0.472884
-6.37109
0.604651
3.46091
-1.26902
0.930768
-0.0449856
0.424746
2.12653
85.4066
1.91332
-0.0740901
-0.202619
2.49475
-2.15296
-0.0980138
6.19938
-1.58218
0.636945
1.88854
44.4998
-2.68018
-8.25124
0.905836
-1.78067
-1.57799
12.7691
-10.751
-4.63481
0.415394
-3.55373
-0.589204
0.772528
-1.45084
0.863691
0.932388
1.49782
-1.19974
1.75854
-1.51319
0.46838
-3.4582
-0.820184
2.1533
-6.08081
-2.3591
-0.673829
3.14797
0.288493
-0.344792
-2.59472
0.853612
0.151017
-1.31004
-1.43901
5.01702
-0.670517
-0.564823
-1.07669
-0.142932
-1.00317
5.63165
0.263448
6.83306
-0.14983
-0.468522
-0.26369
2.13788
0.308778
0.609741
-7.38095
-0.850424
0.262775
-6.3849
0.312956
-0.724945
2.91546
-2.18356
1.53582
0.546918
-0.479304
-0.0606077
0.40725
6.47463
-3.31305
-0.277234
-2.39286
1.07044
2.39007
0.0728231
-1.20761
1.62718
1.39028
1.4448
-0.437619
1.57095
0.898696
-0.00154292
0.186749
0.7327
-0.427997
-4.31713
0.427536
-2.19965
-1.42123
-52.7869
-1.98445
6.88468
-46.7849
1.17173
-0.203603
4.1908
2.11693
-0.0748652
2.49295
5.32363
-0.24772
-0.756845
13.1117
-4.31592
1.13697
-0.66053
25.9254
-0.673869
-0.347332
-1.36422
-6.28231
-1.59362
0.241609
-3.2224
0.00176157
-1.75526
0.665599
-0.324658
-19.6783
-2.51281
-0.25971
-0.167414
-1.1286
0.105624
-0.593075
-0.112532
0.453946
-3.65486
0.385911
1.06461
1.78472
-2.3296
4.48183
-1.77524
-0.626256
0.86696
1.80518
2.69672
0.362722
0.763624
2.16946
-3.40909
0.353455
0.959289
0.032783
-0.36492
0.598503
0.975969
0.0450599
0.838966
1.69921
0.702052
-0.132492
1.05794
-3.6067
-0.285141
0.0319666
-6.63745
39.8649
-0.197561
-0.239807
-0.467261
-11.6873
-14.6572
1.87001
-1.37858
0.179525
5.39546
-14.777
0.112173
0.194503
-0.484163
-1.52252
-1.39236
0.0985371
0.550574
3.41094
0.0803476
2.74644
-0.857685
-0.844649
-4.1341
0.311066
5.00046
0.242025
-0.122469
5.51581
-2.53059
-0.767983
-1.13521
-0.869971
-1.65528
3.64729
0.780129
-2.48277
-0.392248
-0.755282
2.26768
-1.87492
0.610803
-22.8477
-0.399278
0.45371
8.62662
0.115054
2.02789
-3.32418
-1.1035
-10.5422
0.562892
-0.184151
-0.775646
-1.28668
-1.57691
1.69263
0.159453
1.95556
-2.1451
-4.18912
-1.1573
-0.0324163
0.283609
-1.83156
0.322824
-0.581288
1.8702
1.27888
0.138893
-1.21507
0.574055
1.96772
-18.0429
-0.407153
-0.90739
-0.319277
-0.770312
-0.20369
3.7686
1.18545
-0.268268
1.17438
-22.8671
6.65709
-5.75746
-5.1041
10.4889
0.124195
-0.396545
2.72995
-4.59575
2.57756
0.326131
0.178978
-1.94612
0.4225
0.454719
0.080457
-8.1812
1.45221
2.37242
-2.93475
-1.44052
0.688278
0.299074
-2.84568
2.31893
-1.72409
0.93203
13.931
1.10542
1.97461
-6.88603
-1.81978
1.78085
-67.1505
-1.43506
-2.49994
5.87255
-2.76842
-0.18999
0.0235316
0.122074
-395.678
-6.14096
0.869732
0.163681
9.12372
0.182856
-2.08413
3.45482
-0.10599
-0.547606
0.190327
0.115525
-14.7769
7.16966
0.599043
39.4691
-0.0817702
1.39549
-2.0494
-0.480295
-3.48714
1.97195
-0.0334753
-0.408797
0.162044
10.9639
0.300234
-0.510191
0.329534
-0.160673
-0.437895
2.30746
-0.22626
-0.464231
1.0621
0.977394
-0.165513
-274.098
-7.74473
5.47651
-1.18098
-1.03158
0.89015
14.788
-0.575226
-25.1467
-0.00656391
-7.93133
-2.69581
-0.267226
-1.2378
-0.465993
0.48294
-1.31544
-0.995547
0.95058
-3.40632
-1.39604
-0.729186
-1.92996
-0.219783
2.3075
0.248008
-2.44129
0.647446
0.696542
-1.02036
-0.689992
0.532417
-1.15451
3.40869
-0.0982224
0.522082
-5.14202
0.1609
-13.1429
-7.77379
-0.201642
4.53843
0.833336
0.571906
-1.51131
-0.97968
-0.474208
-5.02247
0.531399
0.791486
0.924489
0.402504
1.15829
0.847326
2.30601
-0.104136
-0.127772
-1.03943
0.0397083
10.9347
-0.382974
0.0979976
-0.79684
-0.175522
0.473432
-3.176
-3.159
0.531079
-0.251347
1.55585
1.00044
-2.24975
-3.096
0.502138
3.87409
0.206599
-0.0355543
0.603902
-2.57787
-0.124838
-1.62169
-1.06785
0.448032
-0.448882
2.09608
-0.374588
-1.40576
0.0331882
-0.597645
-99.0562
0.00563287
-0.339495
-2.59698
-1.44259
0.471559
0.197402
0.221864
0.543194
0.264702
5.74319
-1.11457
-2.44329
-0.0875586
0.94842
0.0208138
0.110223
1.14946
0.657646
-0.0878092
3.44838
4.55057
1.70767
-1.21904
-0.681007
2.71196
-0.897005
0.644092
0.179896
-0.129771
-1.54629
0.0145792
-0.0076567
0.352702
-1.61207
-0.0394889
-2.30939
-1.04749
3.53797
-0.726744
0.338654
-2.16117
1.49074
4.0168
0.334932
0.908847
0.307056
-1.05017
-14.0781
5.17687
-0.158855
4.28344
-1.77225
-9.7934
0.0480644
-0.0144452
-0.977968
1.39896
-0.902185
17.4942
-0.69633
2.69438
-1.31953
-47.5805
1.55991
2.85429
2.97412
5.04362
-1.19439
-0.160988
-0.0908659
-0.427943
-0.447969
-1.36352
-1.90024
1.57889
0.0918571
0.393807
-0.405987
-0.254429
2.67003
-4.36427
-0.107494
-7.03405
-1.15115
-4.04313
1.48043
0.0830238
0.708233
-2.11272
-0.534823
-4.20448
2.78495
0.780059
-3.51716
-0.238634
3.48245
-1.93604
1.15607
-3.70009
0.255713
-1.0389
1.92597
-2.3721
-0.0849171
0.465619
1.26133
0.601897
0.948702
-0.41743
20.3513
-2.01028
0.0087917
-0.089455
0.638597
-5.31471
-0.285168
0.710881
0.92206
5.8683
0.791607
0.616317
-0.549962
0.195907
-0.0969488
-4.16714
-1.39492
-25.6802
5.02774
1.36448
6.37144
-0.246536
-0.384894
6.54908
-0.0167146
0.0769338
-0.202693
-0.337728
-15.1318
-0.790986
3.40736
-0.45795
0.621984
19.7089
0.23622
6.26477
-4.95625
1.11933
0.135137
-2.498
5.52134
0.21568
0.713398
0.689797
0.153614
0.584263
-1.72865
1.14828
-1.01493
-0.846335
0.338647
-0.175207
1.56588
-0.251209
-0.717614
0.0701082
0.220219
-1.35671
1.90965
0.319767
0.0647729
-0.663803
0.433538
-0.559998
-2.22859
-0.229993
-0.709531
2.45822
1.44032
5.27482
-5.48263
2.38628
1.10714
-1.35911
4.88714
-0.223048
-3.82738
-1.26692
-0.117993
1.3613
-1.72107
-3.51427
-0.171839
-1.64519
-0.491312
30.1595
0.0143202
-0.382935
-0.197433
1.42373
0.640476
-3.45638
-0.230762
-1.8871
-0.43683
-13.3625
-0.312964
-0.349527
-7.48212
-0.212911
-5.52172
0.34595
-1.61383
0.107459
-0.191351
-1.0733
3.04234
-0.0765262
-37.3914
-1.29106
3.89092
0.881273
-0.389208
-0.762901
-4.11936
0.0384768
-0.0549879
-0.573477
-0.987041
2.24582
1.76633
0.21463
1.63406
-0.2502
1.10229
-23.5073
-1.15939
-8.75291
1.00418
0.727663
-0.363957
-6.5004
-1.78102
-1.1615
-1.71528
0.235494
-0.165649
18.3011
-1.06997
-3.20974
-0.875601
-2.8394
-0.989358
3.7723
-0.0561002
1.66922
-0.353442
-3.27066
-0.109011
-1.37338
-4.00303
-1.37809
0.588038
-1.9183
1.36115
-0.782685
-2.74011
-4.72056
0.156832
-2.86613
-0.297319
0.251725
1.02973
-7.44089
-0.156906
0.994171
0.699454
-0.941428
-11.2419
0.985142
0.00569759
0.0651572
-0.442184
0.538264
0.830738
0.00891977
-0.728594
-0.486165
0.978991
-13.3394
-0.659893
-0.033454
0.171523
-4.24322
-0.100908
1.03083
0.71572
-0.317916
0.146804
1.19462
-0.422022
0.458841
-1.20815
-1.68796
-0.367141
-0.136058
0.066088
0.146927
-1.02144
0.434156
1.64568
0.775053
0.143719
-1.73322
1.50414
-0.281899
2.43556
-0.968663
-0.41339
-0.344834
-4.02317
4.38639
-1.18796
-0.913861
0.481494
1.18063
-0.03551
-0.156308
-0.513682
1.54919
2.43397
-0.538233
0.726609
0.218039
-1.48466
-6.81364
2.12627
-3.65309
-4.36238
-1.10159
0.569392
0.1287
0.696779
0.056273
0.612013
1.47295
-0.417007
2.25798
0.417855
-1.15299
1.6817
8.52092
162.206
0.794064
-12.9298
-2.19356
0.450294
3.03726
-0.115645
1.54669
0.58516
0.738418
-2.41798
-0.935235
0.389079
0.241682
3.6999
0.874135
-27.9256
0.70415
-1.0616
-0.406002
0.955113
1.19011
0.467262
0.5523
-0.0514638
0.744798
-4.26215
-1.19942
0.495842
-1.10475
0.425754
0.901611
1.95503
-49.1434
0.615045
-9.54799
0.599651
0.363028
149.454
1.40327
-1.08096
0.159231
-0.698728
-6.76734
-1.00193
0.248252
5.85366
-1.21021
-0.472882
-0.155764
-0.0825768
-4.40336
3.91575
-1.02692
4.13891
0.302078
-0.295504
0.461451
10.7696
1.21478
-2.40374
-1.99425
-0.996224
0.680109
0.79784
-0.72618
1.04898
-0.495463
2.10006
0.0229903
0.391595
2.06715
-3.58853
1.8226
-0.121658
-4.30085
0.126353
0.225029
-58.9648
0.13174
9.56916
0.0760468
3.79956
-0.274004
-5.10797
-1.17341
-0.672248
0.40171
54.3019
5.94901
0.807949
41.0018
1.86309
-18.3266
1.01192
-0.752653
-0.360114
1.28692
-43.0105
0.000261542
7.11978
-13.0913
-0.0994269
-0.652249
0.67941
-2.08211
15.0794
0.131601
2.53458
1.21328
-2.11654
-0.821947
1.14382
3.33262
-0.571198
2.13758
-0.648289
0.700208
-0.139099
0.133682
2.28821
-0.110782
2.4991
-2.84245
0.286068
-65.4048
-1.16064
-1.78621
-0.619111
3.28162
2.26312
1.36115
0.561713
-0.23705
0.503317
-5.9377
-1.6477
0.583213
-1.58499
0.307623
0.215334
-2.17998
1.03616
-2.0737
-0.412533
-0.268459
0.121591
-0.163392
-4.2155
0.899794
-0.157849
-7.26002
-0.2177
-0.257216
-7.15237
-0.0512386
3.52451
-2.03927
0.586407
-1.03349
0.0248071
0.132453
-5.07976
1.35174
-0.0421406
-0.464262
-1.27548
-0.406888
0.889235
-0.913218
-1.58889
0.168018
-3.12117
-4.83955
0.151646
0.040933
-0.734653
2.88922
-0.475614
4.03828
45.4648
20.0949
0.0455884
2.15312
-0.997529
-0.831028
0.681269
0.0410102
-1.26973
4.07689
-1.10681
0.0593402
-0.556969
14.2955
-1.43552
6.70511
-1.44803
48.4252
1.40228
-1.42012
-0.979009
2.06648
-12.3243
-0.787915
-0.712303
0.324879
-0.545985
-12.4299
0.668512
0.33382
-2.41682
0.898637
-2.37399
-1.44129
1.77997
0.706248
-1.69863
0.119364
1.74421
-1.48187
-1.78851
0.611383
2.89549
-1.50723
-0.223935
-0.00572158
-0.441093
0.700101
1.88929
0.695651
5.97818
-0.214001
-1.74676
-0.579356
-2.82672
0.871928
-0.687399
1.59688
1.54591
-2.09854
-0.0230377
1.5534
0.614226
3.7151
-2.30707
1.5349
0.196204
2.55454
-2.3091
-0.154505
-0.14925
-0.715026
-0.101731
1.39872
-0.0105428
-0.397497
-0.33611
0.759512
1.76241
2.38498
-0.21139
-0.669342
27.0191
0.76924
-0.0652709
2.45478
1.78012
0.00191748
-0.531556
0.355408
-1.9792
0.899695
-3.11401
0.37672
2.75066
2.17195
0.162978
0.719015
4.13021
1.57462
0.732882
0.803671
0.620548
-0.869829
8.8108
1.55977
-1.22707
-0.416554
0.294737
0.111028
0.568875
0.313273
-3.74739
-18.9245
0.603129
-0.880662
-5.96485
0.96223
0.331093
0.716044
-0.3879
0.783201
0.0840764
0.620235
-0.248419
1.93694
0.945504
8.71402
-1.26772
1.59516
0.121704
-1.70965
-0.631689
-3.38632
1.05473
0.350733
-6.60163
-1.35117
-0.26982
-0.666842
1.41558
6.03751
-0.225614
-0.19457
1.96946
0.723717
-0.37527
-1.51709
-4.95933
-0.0530902
955.964
1.2464
0.35296
-1.97066
0.282074
-0.149518
-0.105636
-0.581266
2.56967
-2.06675
0.609619
-2.43406
1.66877
1.24704
-1.01858
12.2887
1.49999
-86.9956
-0.174152
-3.73655
2.65465
-0.216929
4.28386
-0.545157
4.35369
-7.46417
-2.79585
7.26763
-9.73872
1.32263
0.676194
0.342983
-0.554904
0.452697
0.909932
4.17382
0.941968
1.03109
-0.558945
-1.27931
0.933977
-0.865135
1.26161
-0.36617
0.358996
-0.216328
-1.17705
3.38265
-0.583701
-4.39997
-0.657894
0.91779
0.0101326
1.39083
0.234587
0.469034
3.97792
-3.18901
0.0564024
0.462213
0.224584
-0.27837
-66.8172
0.701404
-0.277597
0.735657
-1.96592
-5.25081
-0.355118
-2.90322
0.852684
0.0858667
-2.05834
-0.105374
-0.605516
-1.36188
1.60364
-1.06054
2.03552
-6.42503
-0.0870417
0.707028
0.673153
3.36403
-0.822099
0.218947
0.561877
-3.63245
2.93321
0.73456
0.238164
9.39037
-1.50063
-0.692337
-3.68817
10.065
0.178098
-0.641861
2.92377
6.30407
-4.79611
-0.06166
1.76992
20.8789
-0.0632761
-0.928946
0.832194
21.9234
-0.299413
4.29416
0.659033
0.211724
-2.58088
-9.31347
-1.02005
6.93675
1.4724
0.778476
9.2285
0.854191
1.90462
-2.6839
1.05054
-1.1534
-2.30879
3.28593
-0.642276
-0.833816
7.24929
-2.20675
-0.0360569
-7.46433
-0.227966
5.19951
1.38922
3.35462
-0.487275
0.640778
2.03278
-3.23272
-0.575165
1.1552
-76.5491
117.098
0.785785
-2.14967
-0.223776
1.40854
-2.83552
-0.746313
0.347953
0.287846
-3.42121
2.39175
-0.969315
-10.6089
-1.55495
-0.773599
5.23366
0.197202
-0.931191
0.674858
0.24697
1.71551
-1.3094
-0.895708
0.0939169
-0.345479
1.38865
-1.58233
9.27943
38.3041
1.17586
-0.476665
-0.526182
0.131793
2.28956
-1.2153
2.67074
0.918659
2.15365
-0.982843
0.102122
0.225168
-3.12362
-0.627949
-0.864673
-2.19383
1.25137
4.47951
1.08303
0.896489
-0.178809
-3.04227
-0.231109
-1.59978
-42.224
0.398049
-9.4299
0.567643
25.9484
-0.0996226
0.423953
-0.0649995
-0.207285
-5.52441
0.78237
-0.706241
1.01856
0.108769
-0.973487
32.5477
-4.43573
0.489732
5.08553
56.0879
-0.510447
-0.043069
5.12918
2.17185
1.54199
0.636001
-2.33175
-13.9771
5.76802
3.61598
-0.976082
5.27884
-10.941
-1.5543
-1.29012
0.346464
-0.0960502
-1.12881
1.506
-16.0273
-21.8676
-0.799093
-0.011683
-0.0594559
-1.10225
3.78461
-0.801838
-1.58666
-3.55938
-0.137838
0.532069
2.67732
-1.2694
-0.443734
1.22769
-6.11738
-40.4446
-8.54611
-4.51022
1.10767
-3.27065
-5.4952
-0.403955
5.17672
0.647773
1.62994
-3.70218
0.0444065
6.52074
0.787442
-6.28666
-2.72344
1.80645
0.0396279
-2.29131
-0.0246582
1.56272
4.81492
-0.756883
0.118567
-5.61095
2.59319
0.00578695
4.76117
1.91992
0.295345
1.46429
0.367099
-20.866
0.508161
0.606964
0.429488
1.33526
5.87627
-1.14122
-1.12978
-2.94522
1.23296
0.0441748
-12.9186
0.252827
-1.38723
0.538182
0.961425
0.411029
-12.0236
-0.219124
-5.35128
-0.520123
0.612675
6.93089
19.6674
1.01382
-2.27733
0.287891
-2.02545
-2.24281
-0.13056
-1.88178
0.438923
-2.12997
-3.39978
0.596342
-0.803686
-0.0231185
0.805338
-1.59151
0.753607
0.201362
-0.59082
-0.484425
-1.0251
0.997749
-0.413446
-4.47211
3.60328
-0.345183
-0.133538
0.552323
-1.15818
-0.0830203
-1.63297
-0.240904
-144.593
1.53487
0.879315
0.312382
-1.35055
0.394898
-0.449126
-0.587755
-5.3232
0.693082
2.67939
-1.17789
0.104846
-0.297866
0.271041
-1.2965
-38.1586
1.18484
-0.10954
-3.37354
-3.66574
-0.150514
0.216453
-0.989543
-1.17637
0.154467
-5.00003
-0.715329
-0.574462
3.5236
-0.078128
1.47852
-0.52102
-0.360748
-0.559328
1395.27
0.0224011
-0.011581
0.37805
-6.68256
7.194
-24.8871
1.36236
4.47696
2.3069
-6.26715
-0.500771
-0.25228
1.17181
-2.60432
0.352835
3.53837
1.10375
-2.39394
2.29882
-1.48698
0.135027
-4.04704
1.08656
0.138709
4.15942
-0.12736
-0.681127
9.07336
0.213215
-1.98764
-4.17238
-0.901525
4.22249
0.300662
0.349485
0.444091
-0.634787
-2.36207
-0.423303
-8.63586
-0.0208808
-252.01
-9.5931
-0.411201
-1.44151
0.809427
-0.726631
-0.879992
0.154142
-7.40182
-2.01662
-0.0865216
0.912534
3.95759
5.56715
-0.0910526
0.354077
1.31288
-0.231071
0.405524
-0.518034
0.895881
-0.51397
-41.1285
-1.1309
-0.32903
-0.279915
-9.57851
-0.0715613
-4.63199
0.922931
2.24299
1.09448
10.8584
0.383344
-0.874772
2.51424
-0.0683581
3.66538
2.68678
0.47112
-1.2375
4.51336
10.6424
-0.0932238
-0.0392698
-46.8622
12.2275
2.16473
-8.97462
0.1558
2.3367
0.630294
0.250071
-1.42389
-3.30158
-1.13666
-2.88396
0.900757
-0.340656
-6.8016
1.65939
0.567964
-0.14879
-2.88373
-2.32834
9.10379
7.57907
-3.8059
12.9214
-0.405094
-1.20055
-0.727359
1.71105
-1.46254
0.243346
-3.41216
-0.694932
0.673424
-0.458024
1.23278
-3.0221
6.62603
7.69324
1.77435
-2.05871
-2.4734
0.872797
0.325588
0.626059
-1.09131
-1.04316
-0.0884711
11.7456
2.68096
-0.368515
-0.49903
0.780351
1.86952
1.28465
-1.40318
-0.961598
2.67125
-0.312836
-2.07331
-1.38638
35.1777
-5.95231
0.186145
1.84917
-2.35769
0.714951
1.21131
1.50157
0.699448
-0.203676
-1.47652
0.125417
-0.0974392
-0.0403862
-0.286961
5.07885
-0.825259
-1.11409
-2.35817
3.11174
0.595666
2.47521
0.125526
2.85682
-3.85918
-0.70165
0.369786
0.140564
0.504194
0.415562
0.463569
-1.1269
-11.5687
7.6758
-0.0973211
-0.167789
0.70256
1.59847
-1.23346
1.25725
-0.1113
0.45238
1.62317
0.158877
-0.915296
-0.666193
-0.534352
0.658994
-14.7435
-0.00671529
38.7563
0.964539
0.528866
-20.3288
-2.05833
5.70207
2.19717
1.03561
2.24872
1.80216
0.40811
44.4552
1.3712
-0.17645
-6.0583
0.539497
-2.21387
-0.0969761
0.259041
-2.5801
53.9558
-3.17915
-4.34742
-0.046422
36.154
-5.32171
0.314462
-0.0778341
0.352881
1.71279
3.05981
0.254549
2.80256
4.22609
4.73184
-0.951487
1.09946
0.527401
-1.71499
-0.133802
-2.33145
-0.288499
-0.899977
1.82533
-4.16314
-0.0530741
-1.61871
-0.264051
0.946594
0.0160784
-2.14198
8.231
-3.75249
0.810276
0.197791
0.558045
-0.431414
2.34422
-0.011601
-0.0335755
0.164783
0.198448
0.0294827
5.38014
-0.656537
-0.457655
-0.286173
-2.60699
-0.971752
-12.3049
-0.660646
30.9937
-180.224
-1.37114
-0.769715
0.0186029
-0.221412
-1.73245
-5.42109
0.314225
0.223303
1.39462
33.4759
3.00686
547.91
0.835355
10.9811
-4.14735
-1.84957
4.78667
-0.656928
80.6597
10.2465
0.0643708
2.05744
-4.24217
1.40403
-0.642259
-0.305739
-5.18435
-0.779384
-1.00055
0.567694
-1.20452
0.478506
-2.69433
-0.226082
0.209262
0.425485
-5.16442
11.9938
3.44697
-0.746975
1.45592
2.57785
0.0636835
-1.15958
-0.850575
0.770468
0.685049
11.4334
6.99787
0.410184
0.336906
-3.12265
-20.9263
31.5975
-1.59622
2.99789
2.99807
0.0408086
0.427741
-0.358748
6.35962
-0.167871
-1.63191
-1.35002
-1.29183
-1.32304
0.0993763
0.723213
0.232837
1.12432
1.26345
-0.502295
2.38028
-0.69778
-4.82736
0.258077
-0.365792
0.249571
0.682131
0.2643
-0.263016
0.37135
0.672501
-0.619888
-0.982855
-11.6251
-0.178497
0.597426
-1.3673
0.884447
1.01443
-0.368372
0.733527
0.807392
0.912848
0.310351
1.37955
0.824947
-38.5097
0.381642
0.218246
0.705926
1.49526
-0.450323
-3.29719
2.40674
0.800141
0.0708041
-0.178008
-0.249818
8.71317
-0.147571
-88.5232
-242.366
-1.81779
0.193144
0.294215
0.164872
3.28033
1.6157
-2.5645
1.75788
-0.771618
-0.594783
1.57649
-0.181285
-1.58082
0.232845
-0.210744
-0.227805
-0.670499
-1.9
0.0440071
-2.27198
-0.968136
0.566214
-0.679493
-0.142655
0.373312
-0.267363
0.0157186
-0.286025
5.26954
-2.62763
-0.329994
-0.151646
-1.53995
-0.506837
1.55479
-0.322357
2.81773
-0.527724
1.164
-13.9712
1.18256
1.76897
-0.220636
0.939375
0.167663
-2.31495
1.25828
6.18715
0.15714
6.87362
-2.10323
-1.56163
0.638159
2.00524
-0.993861
-5.269
0.301697
0.895857
-0.360789
7.29007
1.04152
-0.501001
0.0350122
-0.00201772
2.19571
0.463542
-0.148482
1.7026
-6.14225
1.04934
0.40016
1.38743
-0.428055
3.19093
1.42317
-1.21193
2.50167
-1.14056
-0.166488
2.06281
-1.83028
1.17279
0.453183
-1.84473
0.515034
-0.124771
1.64595
-0.00863859
0.356737
-1.45475
0.0702046
-0.944791
1.04025
-1.32194
-3.81787
15.5316
2.90492
-0.992904
-4.34549
-4.36926
13.9878
3.76296
-1.54299
-2.02562
-9.52599
-2.0564
11.4622
-0.054096
-1.3401
1.86416
0.349833
-0.00513709
3.48716
6.06443
-0.521372
6.99994
0.0344454
0.539072
0.215204
1.19479
2.74323
2.17178
0.17884
-0.0270833
-0.590023
1.47761
0.686313
11.3471
-1.80961
-4.23538
0.532091
-0.958981
-0.306605
-0.341687
-0.177646
3.44025
2.95084
-0.0572538
0.348024
0.958069
-0.0676066
-0.641487
0.462648
1.51106
-0.4309
-17.3219
-11.7596
-0.767373
-0.95736
-7.46791
-1.22226
-0.824376
1.29315
-1.39077
1.15298
0.368894
-3.45029
-8.63134
-1.66479
-1.01672
-0.681438
3.66696
8.27333
0.947356
-59.496
-0.245057
2.73105
-0.0229459
2.07062
-0.796972
-1.52188
0.264625
-0.860839
-5.36776
0.250773
-1.82043
1.5779
0.290418
0.275091
1.95338
-0.00806148
0.0033592
-0.0881361
0.602712
-0.422272
-15.4141
-1.00319
1.51696
-0.40857
8.55903
-0.286986
-1.18402
-0.838713
-4.26329
3.89577
1.39129
1.04138
-0.27733
-1.50213
1.1131
-0.405768
6.70604
-0.255731
1.79946
-0.568645
0.0942487
0.0390777
-2.01997
0.489727
-0.46919
-0.419584
-0.801269
-0.0170611
-2.2359
2.1001
0.302875
0.613415
-0.163261
1.44548
0.334479
-2.80367
-1.75526
0.17876
-0.229147
1.21963
0.303782
-6.14572
0.804502
3.36205
-6.91048
0.107711
-0.918246
-0.0175373
4.75383
9.48029
0.425845
11.4428
0.274054
1.96818
-0.0661213
-1.61553
-0.4981
29.0891
-2.31337
-0.757519
-0.972441
1.20159
-3.3716
0.771699
1.15912
0.858988
0.0276467
8.92282
1.6252
0.397787
-0.0827355
1.10566
-1.16925
3.42507
-1.1414
0.0844427
4.15675
0.436344
0.370966
-7.4876
-1.31863
-0.329421
-0.000460948
-0.821545
-2.80855
0.0145223
1.47116
373.187
-0.533552
0.343435
0.227664
5.09335
-0.130987
0.677807
1.5865
-1.79747
-0.834194
-1.09669
-0.204097
2.96346
0.552447
-0.0558993
0.103149
1.55938
-4.60639
0.149973
-0.31754
0.434639
1.49466
-0.642706
-1.02165
-3.65021
-1.45591
-0.109634
0.836556
-1.30902
18.3437
9.51181
0.311137
0.813797
-0.0455013
1.61396
-2.62164
1.14574
1.08558
-0.214145
58.3783
1.44348
-69.4486
1.21488
0.461303
28.3709
0.633383
-0.794657
-0.601133
0.124834
3.92382
-60.4512
1.82821
3.29812
-0.244085
2.07899
-0.496355
0.19494
-2.60286
0.37544
0.732103
-0.179735
-0.430493
-0.821021
8.96693
-1.54071
-2.46331
-6.5407
-2.16915
1.60971
1.52714
0.818834
-3.17283
0.444765
-0.130509
-5.2205
-0.596692
0.492277
0.973651
-1.0494
0.415857
2.44722
-0.639235
1.62123
-0.685023
-19.7664
1.36857
2.12658
-3.19538
-2.16222
1.62314
1.31845
0.117804
-1.84396
-0.611658
3.84673
0.284225
-1.52267
1.44534
-0.368516
-0.701267
-0.818656
-1.64894
1.00965
-0.491372
0.612685
-0.872205
1.76429
4.47163
-2.60529
11.3079
1.59895
-1.06615
-0.263253
-0.864297
0.259989
0.855398
-0.0394443
-1.05033
2.24292
-3.57042
-0.845376
-13.1908
0.0708375
0.760241
0.2201
0.795451
0.153562
0.208152
0.314835
0.0184207
-4.18293
3.00126
-5.77556
0.530946
-30.7932
8.13876
0.196131
1.36136
0.0590119
5.64526
-0.474008
4.5959
-0.490908
0.134498
0.505982
0.716312
-0.1623
0.132669
-1.46737
1.70334
0.227014
-2.66762
0.0325139
44.9902
-1.06302
2.57895
-0.531859
-0.110664
0.750777
-0.674533
34.9831
-90.6749
-0.27522
87.6896
-0.282819
1.06334
-1.67495
-4.85897
1.16053
0.565245
0.0857544
-0.105434
-1.09832
0.684314
-15.2292
-0.0573504
-1.72713
0.123634
1.20027
0.0192164
-0.323874
-0.00492644
0.715287
-2.19545
4.52963
0.81648
4.12805
2.58558
1.89455
-2.21848
-0.473297
-0.145731
0.756216
0.00995782
-0.979797
0.208596
0.822216
-1.86217
-1.5384
0.0318038
0.361672
-0.968164
-0.262183
-0.604705
-6.98439
0.546816
-1.03222
-2.82859
2.10582
0.311072
0.762807
1.41524
-0.169718
0.646874
0.071729
0.0802932
2.70282
-0.0434133
20.5251
1.04917
-1.3622
1.33335
-0.381012
0.94493
-0.384134
-0.257461
11.0567
-0.285207
-1.00092
-1.00555
-0.029327
-0.548252
2.31273
-1.83725
1.31673
2.21387
-0.33127
-0.923643
-0.0436064
0.357403
-8.11132
-8.4829
1.24815
0.289015
5.95629
0.155281
-6.67014
0.241421
2.93368
3.85121
-0.225072
-64.3587
-1.18114
-1.06298
3.85652
6.47046
7.42274
-0.432484
867.669
-11.4099
-3.32696
1.40016
-0.31575
-5.76838
-1.07447
0.131813
12.8659
-0.554954
-0.271239
-0.203491
-0.231856
1.98163
0.153606
0.376145
0.432068
2.84474
0.430564
1.21169
1.5401
-0.931923
1.05687
-0.149883
-0.691312
3.83723
-1.9357
0.04656
0.451024
1.53348
-2.71815
-0.480391
2.12077
-0.633024
-2.15285
0.503727
0.375467
0.415344
-0.356103
-0.0611669
-0.11853
9.12857
-0.857813
4.9565
0.202991
-0.227716
1.51808
0.219539
0.33999
3.55471
0.920819
5.22308
-0.363233
-0.930676
3.05276
-0.926231
-0.259224
-4.27577
-1.06469
1.07763
2.8814
6.10981
-1.41635
-1.92611
0.864299
-1.22774
-1.92094
-0.14123
2.38472
-0.869507
1.41146
-1.11206
-1.92719
0.305857
-3.77445
-0.0745956
-1.49687
-1.19065
2.34573
-1.10313
0.0474833
0.707337
-15.0273
-0.317254
-0.148854
-1.09324
3.06522
0.445381
-0.698372
4.91517
-1.61656
-0.354539
1.48229
1.19763
0.311502
2.27532
0.0525999
-1.78867
5.1885
0.225955
1.35456
59.7899
-0.846172
-0.13494
-0.544065
-20.2166
-3.30438
0.616622
1.16034
-0.113136
-0.536304
-0.562777
-0.564437
-1.45503
-0.631476
2.07276
0.297815
-0.464489
-0.956926
1.19219
0.0287382
0.391081
-0.554491
0.221556
-1.2551
-0.00291739
0.255024
0.890163
-0.0134755
-0.0420648
0.27313
4.77737
1.78129
2.15639
-1.73638
-0.416487
-0.00994146
2.98872
-0.96714
1.80174
1.08107
-0.676902
-0.380404
23.3541
7.37646
0.701417
0.855487
-0.395283
0.725608
-2.36997
-0.522232
-3.27369
-2.91802
1.03191
2.72244
-12.3695
-0.00405717
-19.3496
0.282124
-6.4341
-0.275316
0.590918
1.30106
-5.20496
-0.35899
-5.25413
-0.58026
2.47803
1.40037
-0.477496
-3.25954
0.14191
0.945552
4.09658
0.273187
-0.443749
6.41704
0.589247
-0.608695
-3.9836
-7.75218
-0.382519
0.317632
2.42344
0.0379247
0.051162
0.699775
-1.52713
-0.377382
3.48763
102.855
-0.436725
-1.75294
-0.0660416
-0.750393
-3.39225
-4.95983
0.718246
1.30854
0.283131
-0.0678444
-1.64386
5.16585
-4.77955
-13.4498
-5.22733
1.75404
-2.50623
-0.433613
7.3495
0.163833
-0.722337
8.45095
0.530382
2.49518
-0.12975
0.227692
1.04508
-2.98072
0.373405
0.231461
-0.306728
-0.553106
1.78499
8.13951
39.5929
-0.432587
3.9147
-3.83794
-0.422685
-3.59775
1.96126
2.36026
0.37323
-0.0850592
0.319318
0.429036
-1.72652
-1.96105
-0.232859
0.197733
-0.454187
-3.39113
-0.241586
-0.976877
0.751981
-3.28704
1.63574
3.11409
-0.753913
0.104575
1.32858
-0.772414
-0.556983
17.4843
1.00936
-7.50366
0.0124302
-0.261311
-0.372245
1.89488
-0.0423302
-0.481112
0.637072
-0.603614
3.48928
0.436379
-0.627823
0.542112
25.244
-0.135947
1.19195
-25.4916
0.461399
-0.319559
-1.31631
-1.92334
-0.462035
46.8886
0.470964
0.0785464
-0.634019
3.60947
-1.27041
1.0138
-1.96364
-0.88131
-0.69884
3.1049
-0.650442
0.499943
0.119186
0.476985
-0.592441
-2.16416
0.536845
1.56427
-0.440134
1.6515
-0.88059
-4.54538
0.597589
-0.542305
-0.168227
-1.32411
1.54612
1.38923
0.777242
-120.38
0.333837
-1.48274
0.947303
1.15145
5.79698
7.27158
1.10748
0.00275424
2.34994
-2.31489
0.114084
-9.48202
-0.294314
1.68896
9.21677
-0.0179063
3.69556
1.95879
1.01177
-0.42877
-3.43118
0.0548929
-10.0225
1.96382
-0.333969
1.05238
0.536594
0.0488419
13.3157
-1.93491
1.35373
0.181223
2.81072
-0.371988
-4.27737
-0.146599
2.51063
-0.931015
0.00409798
0.550024
-2.38275
-2.2841
-0.136138
-1.2518
48.8474
-1.92118
-1.28833
-1.68472
0.245424
-21.7182
-2.6322
-1.06611
-0.481383
-2.92152
-0.929179
0.300845
-0.00340838
0.707747
-0.196888
-2.68336
-0.546961
-2.48375
-1.41972
4.6029
1.21109
1.64334
-4.96376
-0.688872
-1.08192
-0.924868
0.545083
-3.95531
-2.24767
-22.4181
-0.342275
-0.753734
6.65125
-1.93471
-1.10097
-0.581357
-0.660133
-1.63498
1.38217
2.40199
0.408019
-1.66693
-15.3481
-0.118306
-3.04759
1.498
-1.50495
3.26778
1.32929
-7.86416
-2.29735
-1.3119
1.10311
4.60129
-0.165724
0.853106
-0.0402593
-50.3286
-6.5486
-0.407912
0.848177
0.602259
0.0578915
0.0633679
-1.83844
0.885201
11.1939
1.78518
3.53231
0.0792536
-0.210827
0.510469
-1.91651
-5.74226
4.51372
0.209054
-0.920961
-13.8818
3.62557
-0.0375678
1.10636
-0.576043
0.112531
0.623253
-0.32288
-1.60512
0.123166
0.932606
0.0715077
1.12089
0.931191
2.69664
-0.453148
0.33217
0.191315
-0.394821
0.624897
-0.901487
5.0289
-1.49288
1.40092
-0.955983
1.72525
-0.412869
-0.783781
1.01325
-1.93843
0.821817
0.436941
-6.08399
-1.41459
-2.30113
-0.0121679
0.158224
1.61537
0.990607
0.585318
-1.85902
5.31151
-0.733172
2.39991
0.00849114
-4.38489
-0.006055
-1.5125
1.44553
0.927011
11.6858
2.04945
1.39679
3.8644
-2.35812
0.693615
0.366724
0.215844
0.226119
-0.513773
-1.70721
-1.57943
0.377193
0.310744
6.02197
1.482
1.20253
0.689203
9.98573
-1.0999
-0.0446378
0.368563
2.34958
0.762126
1.44985
-6.31192
-2.26762
40.063
-0.346351
-14.83
-1.68669
2.28293
2.96496
-0.800622
-0.617532
0.887299
-0.364046
6.22169
0.491866
-0.0986668
0.0751135
-1.74973
0.710191
-0.113433
-0.377521
7.99416
0.175338
-3.79903
-3.6182
0.197248
1.32542
1.02436
1.45722
-1.19177
-1.17692
6.12188
5.33044
-31.5967
0.588814
0.74421
0.688823
-0.14912
-0.828284
0.626357
0.572912
0.547496
-2.42902
-8.03846
0.276007
0.925077
0.751063
-3.96645
-2.63832
-1.03266
-2.29035
1.89229
0.204661
-2.66186
6.53532
3.26847
-0.129512
-1.11493
5.43486
0.308064
-0.576189
0.259514
0.849585
2.52512
0.892939
1.16675
-1.61005
0.468286
16.6045
2.20194
0.836039
-0.692918
0.504174
0.0163796
-0.984426
-0.928633
-0.953792
4.10175
0.37869
-6.2396
-0.257965
0.226424
4.04413
1.50435
-0.157251
0.812068
1.83899
-0.0577073
-2.1395
0.16051
-0.319692
-0.933408
2.25991
-0.898785
-0.299602
-0.639522
4.93303
-1.78002
0.199116
1.04035
1.03143
0.0104212
1.6934
-28.1953
0.0933781
1.37648
-6.41037
0.103425
-5.25597
0.885132
0.244113
-0.0270237
-3.95195
-9.44664
1.10908
0.277217
2.20805
2.71063
3.59529
0.918667
-0.740252
-0.908479
-1.45618
-1.70983
0.146768
-19.4375
8.4757
0.412306
0.576164
0.583353
-1.2857
-1.98245
0.991335
0.159676
3.09272
-5.48562
-0.758197
-0.0871599
1.12376
0.951616
-2.9458
-1.93025
1.15115
-1.00008
-0.158305
-0.0160294
0.0761693
-36.9091
-0.681459
3.16132
-1.82809
-0.187609
-1.87414
0.308812
3.07007
1.92238
0.41786
0.473282
-4.37546
-3.68215
-0.723367
-0.122628
-0.16498
18.1625
-1.70954
-1.41331
2.14572
1.51769
0.907813
1.24236
-0.802637
0.478741
-0.171253
-2.36646
0.687463
-1.94387
0.0805622
-0.045234
-0.0429309
-0.87124
0.079925
-0.314899
-1.95713
-12.92
-2.18992
-1.59427
1.44793
0.765026
3.78783
-1.33855
7.58988
0.976462
0.57526
0.0962595
1.94869
0.99538
1.619
0.856567
-0.293738
-7.77213
-0.0348455
0.31504
2.67092
-12.0967
0.834957
-0.094836
-1.86243
-1.63015
0.424807
0.111337
9.6307
-0.150781
-0.175342
-2.85255
-0.833223
-3.66198
-12.6625
-0.317571
0.330537
-0.398267
2.42643
-0.131752
-1.94779
0.698465
-0.018066
6.77114
-0.421145
1.83354
-1.87259
0.365845
0.3378
-0.452753
0.287916
0.0623618
-1.91181
14.0334
4.61535
0.182764
-4.74171
0.260984
2.44637
-2.21117
-1.08911
2.35167
0.146566
-9.4009
7.50262
0.296259
-1.71953
-2.52634
0.594065
0.390724
-0.595711
0.106208
-0.147698
1.14122
-1.96365
-0.729139
-0.550895
-0.173441
-1.74013
0.379828
4.08554
8.57654
0.140346
5.2357
4.23808
-1.50662
-0.4015
1.18901
1.90877
14.7432
-0.225456
-0.575144
1.27472
-0.836711
0.347415
-1.14252
1.22721
1.26648
0.651051
0.987623
28.6553
1.27909
2.24706
2.79717
-2.35566
0.975421
0.450191
-1.70519
-1.06685
1.06591
-1.06595
2.90922
1.23269
-0.213707
5.37225
5.05533
-0.498109
-0.540898
0.950677
0.884858
0.381552
-0.549971
-0.00792413
9.21889
5.62023
1.87838
1.95174
-58.0406
0.518551
1.21804
0.755821
0.973392
0.274011
3.40437
2.25775
0.0857675
-0.778927
4.30672
2.16803
2.14454
-0.389131
0.0940153
2.38773
-2.5523
0.0315508
2.12208
0.228327
-3.72392
-11.3371
0.288768
-0.657081
-1.43496
-5.27592
8.75751
-2.26755
0.0369898
1.30818
32.2414
-0.0137875
0.668129
2.04547
1.83266
0.482852
-0.0659779
0.316261
-0.86096
-1.59164
-0.176593
0.0325223
-1.20865
-1.29296
-1.5928
-0.411599
3.10598
-0.742493
0.307192
1.24765
-3.8791
-3.95206
-2.61933
-1.24522
-5.23395
-0.397031
1.80433
-24.3182
-0.401222
1.26621
0.306923
-0.110609
-13.5653
0.774499
2.17298
-2.74528
-0.403669
-0.10886
-0.105537
3.63565
0.479746
-0.172036
-0.432581
0.455895
0.430245
-0.559923
-0.466944
-0.158175
0.317973
38.332
-0.333512
0.127161
-2.10839
-2.232
0.0199984
-1.86182
-0.0877306
0.912019
0.780446
1.06372
-1.43082
0.521347
-2.9173
0.990304
0.327931
5.75391
-2.06358
0.247759
0.424391
-22.313
-38.935
-0.317572
5792.9
-3.53121
0.941687
1.49059
-1.29193
-0.777322
-1.88971
0.352048
-0.253641
-2.63246
0.0303721
-0.628602
6.56715
-2.32202
3.14528
-0.102873
1.38228
-0.419012
-0.117512
-8.34508
3.02893
1.0989
8.09719
-10.079
-32.1012
0.673036
-0.204206
1.5153
-11.4371
-0.571414
-1.40413
0.806575
2.70449
4.01071
5.16748
0.82772
-0.131507
2.14288
-22.5534
0.381709
-5.15239
1.54428
10.3682
-2.83346
-2.20009
-0.328362
-0.140195
0.378936
-17.5543
-0.712044
-0.515487
1.05396
0.320851
2.65914
0.00147442
0.285268
-0.877467
0.331331
0.798617
0.793455
-0.786329
-9.79099
-0.663449
0.731439
-0.717423
-0.196852
1.32483
-10.9199
-1.88795
-1.0538
-0.212142
1.73185
-1.07521
-0.146595
-12.5182
0.313881
-4.32395
8.20445
-8.86216
-0.0327777
3.27089
0.0654385
12.396
-0.211481
0.769918
-1.83853
0.0244374
-1.3855
-5.37225
-4.95185
-0.688159
-0.379063
-1.84538
0.519356
0.336166
-0.413548
-1.6997
0.818142
-0.579525
-5.99382
0.494449
4.72431
-0.270205
2.33451
-1.82193
0.757514
-0.727464
5.71793
-2.16199
1.25798
-0.633312
-6.05123
4.7362
-2.22666
1.44671
-0.642449
0.259898
0.121745
2.31917
-2.97178
-0.170377
-2.85373
0.683763
-62.15
2.7904
-3.7349
-0.202682
0.00248796
-0.381209
-35.6762
1.32477
0.397069
0.240086
5.33055
-4.32739
-3.32195
-0.748157
0.301925
7.77608
12.2663
-2.11658
0.269997
1.15787
-4.07723
-1.24898
0.434378
-0.183369
-0.944679
-3.71502
40.6327
2.32362
-0.758139
-0.103113
1.06941
1.22553
0.430988
-0.334837
18.3403
1.97844
0.943567
-0.249989
5.11529
3.0701
-1.83426
-5.53877
-1.10788
-0.498369
6.1229
-0.0676952
-0.389244
2.87492
1.77254
6.32935
-2.5439
0.0123702
11.5847
0.0768865
-0.761382
0.413994
-0.953573
-2.41672
-0.0826002
-2.80224
-2.1107
-0.00355585
1.211
1.02556
8.06605
-2.97895
-1.14802
-0.0662016
-0.320955
0.0691905
-0.378664
-0.38995
20.5423
-0.728443
-0.0479231
3.57709
-2.07276
-0.626291
-0.329949
3.12486
-2.11594
-0.615453
-6.64167
-34.7572
0.710285
-0.34836
1.12562
-8.90996
0.953397
-2.53552
0.609728
-5.11268
-0.474831
-0.108399
1.26314
-0.522168
-3.81936
-0.0176359
-0.359716
2.02316
1.06205
-0.196277
31.3527
1.12393
1.43356
0.589476
-3.87087
-2.71933
0.490153
7.59491
0.929447
2.67425
0.120974
4.43632
-0.851035
1.35909
0.987041
-0.878621
1.23532
1.6687
0.16854
-0.312052
0.137447
-0.893938
-0.713339
2.18603
1.35938
0.68982
-2.00548
-0.463311
-1.14113
-2.9829
15.6111
1.08868
-0.614984
-0.224323
-0.192528
-1.35316
-0.308433
-2.08714
0.0853251
-3.12398
2.34402
-5.59841
1.16194
0.178309
1.88056
3.07929
-0.991627
1.0388
-109.571
4.36407
0.451165
0.300481
0.275674
-1.8928
0.339279
0.337286
-1.81417
0.486721
-8.01044
0.93977
-1.24287
-15.1561
0.364155
1.59009
0.727744
2.45312
0.894385
0.193015
-0.337189
-0.758395
0.487601
-0.286469
-1.96413
-2.18815
-1.45376
0.100448
-0.561586
-0.968456
-2.41006
3.20863
-6.83674
-3.48567
-0.177961
2.68688
4.38915
-0.0300488
-2.08844
0.622057
2.48526
0.388169
16.5822
0.130888
-4.18663
0.0856821
0.619201
-2.31245
0.433545
-0.621835
0.728167
-0.211254
-0.395048
-0.51
-1.98098
-1.19513
-1.29005
0.272415
0.766058
-0.604161
1.45913
25.1945
-0.567488
0.308917
0.489323
0.744168
-4.89395
-0.646018
-1.72852
-0.086106
-0.507246
0.470786
-0.537053
4.91676
-2.78174
2.66111
-0.50221
0.0166747
-0.539254
-0.204714
5.08983
0.00154644
2.40227
-0.37238
-1.68117
-2.5581
1.79914
0.104997
-0.847516
1.55301
-1.06272
-0.480316
-1.06119
0.19493
-1.08489
19.2777
6.48175
-0.403439
-9.16931
5.85398
13.7807
-0.161191
2.13416
3.79577
-0.126605
0.652767
-17.5991
-2.42328
-62.5038
-12.2921
-1.5839
-0.647197
0.0521508
0.916083
2.09599
-1.94245
-0.15586
-3.36192
-0.533014
-0.44709
-0.462097
-0.172842
0.324977
17.6939
0.0541052
1.58142
128.05
-49.1349
76.9472
-0.94924
2.71621
-204.138
0.0220282
-0.875305
-0.0651085
4.60244
-1.66458
-4.39346
-1.01859
0.199917
-17.6341
6.54011
-100.907
-0.474363
0.892375
-0.809663
-3.16433
-0.449611
-0.250634
-1.04811
-1.95862
-0.260473
-0.434617
0.0325332
1.89292
0.703643
4.32358
3.43693
-2.73773
11.4937
-0.765012
-2.55003
-0.328737
9.32024
0.126847
-0.828536
0.0164238
-7.24695
-0.374601
-0.718882
0.980513
2.36178
-8.38225
4.24516
-0.69001
2.98053
-0.0632746
3.61002
2.10688
1.02927
0.877542
6.34726
-0.147348
-6.45555
-3.62217
0.925418
-3.26001
0.0478817
-1.47835
-3.90183
120.876
-1.25762
0.292106
-1.31715
0.147383
0.345536
-0.222138
4.16391
-0.402281
-0.624969
-0.768516
6.51907
-0.750021
-1.3357
-8.8298
0.968197
-0.831123
-0.580933
2.72472
1.10635
-0.249201
1.06943
0.550342
-4.93719
2.05121
0.236422
-3.84356
1.30606
1.39553
0.216184
74.9753
-0.417351
0.641633
1.50253
1.21094
1.86328
-1.53844
6.07017
1.49768
-18.1544
0.577308
-2.3129
-3.69756
2.04934
2.46926
58.5955
43.1305
-2.8426
-0.329696
-17.6476
0.579509
-0.156569
-0.0603202
0.381604
0.376879
-3.34459
2.8873
2.86692
0.00793585
0.131584
-0.0255046
2.20362
-3.53216
-1.37803
0.218026
-0.33437
5.29828
1.25166
-0.260993
-1.37094
-3.63106
0.372832
-0.361549
0.0918839
-3.74365
-0.00191576
-11.1438
-0.112757
0.341873
1.04752
0.429497
0.788375
-2.74413
-0.271716
1.02978
2.16297
1.98468
0.108475
-0.304479
-0.224799
1.11831
-0.586572
7.20275
-0.844449
1.93452
1.21212
-0.749025
-75.3221
0.123793
-0.534963
0.781039
0.395987
0.585988
0.102205
0.61503
0.0298311
-1.00627
4.00009
-2.23929
1.55637
-18.3267
169.984
-1.46854
0.350054
0.971847
0.217396
1.51196
-0.66153
0.0164243
-0.576874
0.890462
-0.353714
-1.87246
-0.93057
3.5076
0.755937
-0.259707
-0.0254867
0.616015
-17.4242
1.20789
-0.954639
0.602726
-0.622345
-9.79575
0.0204922
1.04392
-9.12662
-3.09391
-2.43267
0.692508
-2.19846
0.248125
0.317568
3.77127
3.98326
0.407381
-1.89794
-2.68086
-0.0960554
2.51161
-0.0881317
1.00117
-0.484589
-0.731139
-0.0693617
-2.55579
-0.166709
-0.531945
-3.83724
0.856491
-1.61395
-3.1259
-0.594772
0.270935
-7.38202
0.00329175
9.03065
-0.726083
3.47241
-13.4134
21.7885
0.137413
7.70877
0.370932
-4.24989
-1.30952
-4.43328
-0.877424
2.97427
-1.07489
-0.452093
-29.4883
0.704373
1.02524
-1.67924
0.218
-0.106032
8.03056
1.00187
0.901968
1.11788
1.18561
0.493263
1.44707
1.53453
0.398909
1.74113
1.69678
-0.161752
-4.32225
-0.0841639
60.5209
0.67533
-6.83424
0.236471
-1.10194
-0.474638
0.159945
-0.324617
-0.819373
-0.360453
-0.470816
2.39795
0.026928
-0.437181
-1.85596
-1.60702
-0.458354
-0.484744
-0.0521094
0.235071
6.41927
-1.14956
0.6296
-1.70083
2.73067
0.254083
1.27867
0.817235
0.184593
0.555094
5.57843
-3.20666
0.639632
0.527931
-1.13174
32.4228
-1.82551
2.047
0.496137
-0.0157762
0.182044
1.02218
3.17748
-0.139915
0.575617
-0.100067
-7.53489
1.0254
-0.747683
-1.11412
3.01393
0.11319
1.64449
-0.119788
-3.83655
-0.810559
4.65633
32.861
0.234162
-0.839314
-2.37586
-2.00438
-1.1749
0.0635694
7.21726
14.495
3.09228
0.371574
0.194685
2.21917
-2.76877
-5.60113
-1.38242
0.138093
-0.241558
-0.541228
1.92234
0.740165
0.121143
-1.55974
-0.85859
-0.140379
0.13189
-5.04159
-0.357144
0.140519
1.44036
0.344647
-1.11518
0.316356
-0.740137
-1.41999
1.22656
0.358211
-0.545259
-226.605
1.4327
-0.395152
0.747326
0.371708
5.29251
-0.295733
1.06073
-0.515169
-6.76089
3.98418
0.740503
-1.61165
-2.05475
1.14025
-7.45618
1.62987
-0.0436925
22.8873
-0.718052
0.853875
-2.1931
-0.963149
-0.684009
-1.43873
-17.2395
0.150897
-1.46272
0.91852
-1.0407
2.03711
1.88344
-0.823373
0.456038
0.560184
-1.8
29.2003
-14.8143
-0.251575
-0.0310732
-1.22054
2.19807
-3.85493
-8.49083
-3.22908
-0.676732
0.989799
-0.887823
0.465583
-0.836849
0.840289
-0.00237694
1.20648
1.33445
0.324312
-1.25218
10.6451
1.88529
1.11299
-1.66171
-1.58093
-1.99785
-0.41665
1.04774
-0.420237
13.4442
0.596048
0.520091
-0.602723
0.589198
-0.551709
0.93173
0.645954
-1.60801
4.50392
1.06149
-0.978561
9.82644
0.362582
-2.12306
38.9786
4.89169
1.84823
-1.10455
3.01766
0.504219
-1.37851
6.67236
-1.16554
-2.38997
3.06509
-0.552211
-1.47526
-0.90139
0.180204
-0.969331
-1.59242
0.269544
1.12063
-0.430264
-0.957049
1.74213
-5.17062
0.0900632
-3.60659
1.0434
-8.11997
7.07973
1.34429
-3.74504
2.68714
0.0348452
1.4919
-0.468951
-1.92413
-1.45553
-3.25975
-0.497533
0.261372
-0.0921174
-1.53417
1.5774
-86.9872
-1.67677
-2.14782
-0.00554925
0.105041
0.65139
3.41992
5.73868
1.48461
-1.1248
0.322186
0.0454283
-0.7519
-2.97933
1.71634
1.01309
1.7353
-0.332008
-0.831579
0.846257
-0.173922
0.88282
-6.13498
0.492297
-0.160417
3.3736
1.95249
-0.756221
-0.566064
-9.03018
0.478679
-0.943144
-59.0297
-0.182886
-0.430763
0.439927
0.536173
3.6669
-0.532777
-1.61703
0.475972
0.976179
-1.26802
0.988126
-0.764866
-2.04278
0.636365
-0.0913052
-5.41108
0.686719
0.0875651
-3.8145
-0.270141
-8.76698
-0.0880055
0.163337
2.58645
0.00198577
-0.240446
-0.122755
-1.7184
-2.5746
0.638094
-2.28423
3.48396
1.92349
-0.286916
2.65048
0.367153
-8.96238
2.94874
-0.627096
-4.05938
2.05156
0.105227
0.410078
7.5816
0.260056
0.386688
1.47271
-0.0337779
0.418257
6.02931
1.16891
-1.05407
1.29344
1.01114
2.47396
-0.589187
2.01854
-0.393402
1.93642
1.60657
-0.431225
-0.181276
0.352735
1.18135
-0.569635
-2.43253
-1.24409
-1.80276
-0.431232
0.0135374
-6.20587
-0.266745
0.8453
1.48747
-0.644987
-0.513535
11.9281
-0.745942
-0.581332
3.42159
0.95829
-0.843275
-0.261378
2.17895
0.147179
3.45831
0.906726
1.22222
-0.880487
-0.823264
-0.413305
3.14567
0.641593
20.1128
0.402705
-0.208891
-1.87527
1.49737
-0.306676
0.0618982
1.94103
-0.522727
1.02556
-0.150175
-0.0269684
-7.55881
-1.93547
0.157525
-0.0120485
-6.97013
49.9475
-0.553628
-2.70338
1.25092
-0.0831023
-8.31232
6.8172
-5.5874
0.78772
0.850702
0.264679
0.316468
-0.572727
0.178957
-0.620817
-1.43906
-0.762772
16.3033
0.38872
-0.913679
3.88052
-0.447464
0.715048
-0.433433
-8.74942
20.0287
85.4782
0.290197
0.62561
4.98495
-0.0054725
-0.152171
0.0545785
0.0781567
-0.632468
3.77994
-0.452839
1.31084
-0.00594713
-0.147329
6.42672
0.138435
0.839855
1.48262
-0.469776
-4.85457
-1.57254
1.22974
0.00099093
-20.6933
0.177818
0.965205
0.122159
-0.0477271
-0.0685988
0.477788
0.358701
1.94181
-0.171168
0.0447406
1.23465
1.60698
0.51799
0.0314089
-0.263518
0.667811
0.57664
-0.382588
2.40719
-80.2736
-3.92581
3.3584
-2.937
4.31976
1.03488
0.742751
3.9929
-0.752511
-4.58625
-0.511995
0.35465
0.494932
0.0309855
4.56457
1.07677
-7.63834
-0.146869
0.0779087
0.271335
-0.147725
-5.39346
0.267562
1.57933
-0.0560603
0.672777
-0.538168
0.602221
0.0818171
0.23955
0.690407
1.48523
-2.56195
-0.247977
-0.0756939
-1.30592
-0.833839
-0.420475
1.92919
-0.548836
-6.77522
-2.20693
0.0201294
-0.57195
-1.02786
0.37677
1.37749
23.9425
-0.0292708
-0.751922
0.577184
-1.85064
1.55127
0.547221
25.2557
1.06406
0.200453
0.811426
-0.0180854
-7.76099
-0.0601931
-1.25725
-2.275
6.00791
-1128.71
-0.6044
-0.0262373
-0.190246
-2.18764
1.93833
-0.753274
-0.603306
-0.827283
-0.505167
-3.68556
1.13248
9.73703
-1.36011
-0.161062
-0.121472
-2.58442
-2.48057
1.5219
0.73602
-2.44743
-1.04075
0.982299
-0.441072
2.50242
-2.26082
1.29054
-9.38106
-0.975075
-0.601384
-1.42503
-1.10256
3.61817
0.998786
3.64652
1.24996
0.34143
-0.160392
-0.156687
-6.3957
-1.18992
-3.85208
-0.313874
0.145905
-14.6084
-2.76577
2.38315
-32.5973
-1.28214
2.56815
-0.159452
-0.996796
1.14639
-0.0161058
1.52916
-0.308245
0.275571
-2.82866
1.14044
0.0975867
0.281345
-0.836909
-0.162207
-0.77762
0.472422
0.865893
590.15
0.302819
1.2794
-0.646299
-1.8832
0.798711
-0.461785
0.978355
0.376714
-1.91087
0.760167
0.778517
0.648036
0.092734
2.31333
-5.19858
-1.08702
-0.387426
6.12451
-0.894365
2.46056
1.96667
0.928965
0.604484
0.694617
-6.9624
-0.733683
-0.732757
2.0002
-1.86649
0.844547
-2.31734
-0.81357
-7.8058
-1.0674
1.40519
6.58815
0.643175
-0.620635
0.232629
-2.65321
-0.312204
-1.38291
0.457579
1.10394
-0.908467
-0.175388
0.898644
-0.716825
0.0162537
0.717706
-10.3999
1.8257
-1.98331
-1.10577
-0.405964
-2.9628
0.462527
0.241167
7.50578
0.0506836
-0.552278
1.97589
-0.97027
2.86714
-0.0519521
-0.305332
-0.908444
0.168774
-3.21812
0.403406
-0.259019
-12.0534
-7.21292
-3.0343
-1.11984
2.9746
2.03103
0.34659
6.09157
-0.610556
0.116237
0.0128272
-0.888514
-11.2428
-0.0623359
-2.20718
0.131757
16.3836
-0.0655855
0.0847799
1.74927
3.39756
-2.77837
-0.433286
-0.97011
-1.56051
0.814208
-3.3229
-0.594439
0.00894608
-7.3871
-0.681765
0.72362
1.01752
0.0562261
0.981498
0.750683
-0.762684
-2.03326
-5.92838
-0.159416
-0.140005
21.5013
-0.40463
1.9606
-5.18667
-5.78774
-0.40458
-3.26227
-0.163182
-5.19001
49.2852
-0.307884
0.0315049
-3.48668
4.55069
-0.321965
0.584775
-2.31634
4.68919
0.351771
-9.60464
-1.12215
-0.0206875
-0.38247
0.328105
2.44421
-0.908085
60.5738
-2.76954
1.30205
1.95304
0.897663
-7.09922
-0.234977
-0.143488
-0.515485
-0.206285
-0.231162
2.09504
52.002
-5.15492
-5.89156
0.373573
-2.16502
3.2962
-3.08516
-0.884985
-1.54669
-0.650943
1.01019
2.09169
2.54447
-2.61755
-1.39493
0.968049
-3.40845
-0.0779518
1.75509
-0.320099
-0.512421
2.84471
0.379875
-0.345834
-0.197964
-1.35501
-0.387915
-3.07649
-0.578321
1.39322
1.86482
3.43433
-1.10208
0.529145
1.54105
-1.96538
1.41092
-0.574328
-0.741488
-2.64618
-1.03356
-2.56606
-1.28818
0.270604
0.93262
0.788299
-10.2389
-0.369898
-0.920815
0.477298
17.6232
-3.22682
0.372422
7.35338
1.00214
-12.4599
-3.99632
-1.64903
0.304064
0.0626957
0.371623
4.64162
0.311507
-1.88514
-0.179168
1.1685
0.167411
-4.46305
52.1007
0.581055
0.212284
-1.07165
-1.84939
-34.3187
0.246915
-2.98416
0.656275
-1.26532
0.413108
0.583723
-0.227552
0.198855
-2.27385
1.58293
-1.14396
0.898534
0.162231
-0.953908
-2.90852
0.100672
0.714625
2.56625
-0.164881
-0.370954
-0.257797
0.975716
-5.29749
0.577733
-2.72107
-0.357844
1.9512
1.98414
-1.36168
0.435179
-11.9131
-3.18312
-2.59826
-1.57272
0.717099
-4.0551
-0.152128
1.51262
0.158059
1.37809
1.70325
0.615745
5.4939
-7.70638
-0.814939
0.502412
-0.67686
-1.40123
-0.752599
5.42545
0.801167
2.38556
2.99406
19.2729
-3.14411
1.88242
-0.170477
1.15414
-186.89
1.20294
1.95479
1.45229
4.75246
-1.26774
4.7066
2.17869
-0.945619
0.576725
2.16213
9.73691
-0.138292
48.1108
-36.998
-1.0697
-1.12519
-0.637234
0.245749
-0.716911
0.190422
-0.874142
-0.244222
-1.55297
-7.73731
-0.699765
2.97487
-0.625285
0.0152989
-1.18077
0.771788
2.53188
0.857712
0.386263
0.902557
-0.931174
-1.21078
1.23382
0.0428329
50.0139
1.75092
-0.8579
3.15214
-43.6649
-0.450725
3.13474
1.191
-1.58062
-0.223347
1.33337
0.587516
-71.6821
2.26641
0.700757
-0.22752
-0.152516
2.84257
0.164882
-11.6014
1.04339
-3.34176
1.6589
-43.9938
47.4452
-0.723306
0.235229
-1.97934
-11.0125
0.313865
-13.9759
-1.66672
0.896028
1.65013
-0.517307
0.55587
-0.986263
-0.0394704
0.0678278
-0.381173
0.40403
0.249141
0.328848
-0.315073
30.2694
1.4245
0.844248
-1.15876
-2.51378
0.425004
2.63643
-2.48111
0.296625
-4.85685
-5.05144
1.34927
2.53235
0.273348
-2.73357
-1.14076
-0.304425
-2.99964
-0.175859
-0.35519
-3.50384
13.1698
3.43579
-2.13677
-6.85584
0.82039
-0.869987
-0.707896
-0.845563
10.5792
1.78673
-31.85
-0.549567
-1.03592
-1.15994
11.7378
0.917493
0.0360064
-2.5244
0.94657
0.302489
-2.40751
0.205912
4.63361
4.3397
1.37464
0.363171
30.3934
1.26385
2.66283
0.697864
-4.97762
-0.13796
-1.10684
-1.68039
0.45803
-1.15587
-0.265476
-0.990549
-0.0329984
-0.638229
-0.241335
0.255553
0.56915
-15.126
-0.194012
1.41682
-2.38355
-1.44176
0.660019
-0.135371
0.736814
0.0792415
-1.63148
0.384951
-0.472442
0.0902771
0.0794629
-0.0913301
0.477963
0.468515
1.6989
0.729283
0.417116
-1.77669
-3.42031
-0.544336
0.596018
-0.0673777
-0.891261
0.20261
1.08977
-8.94281
-0.955718
1.68833
1.47434
0.143141
-0.189269
0.856041
3.50762
-0.307934
-2.8534
-33.4185
0.42915
-4.83134
0.297493
-2.22695
-0.124563
0.861167
3.29146
0.559472
-1.54176
0.366897
-19.79
-1.93392
-3.01425
-14.6428
-0.451376
0.454472
-0.274876
0.204815
-1.121
0.800269
-0.460699
-1.21697
9.94347
-0.270939
-0.941409
-0.86846
1.96628
0.655975
-1.57823
-0.0339074
-0.182291
-9.48109
0.0918421
-2.87147
-3.08149
-1.195
-6.96103
-2.54582
-4.50407
0.835378
-0.954639
1.16088
-31.2913
-0.793752
-9.44157
2.82977
-0.136005
-0.0825522
0.533263
-0.175379
0.256545
-3.83238
0.421447
-0.597335
0.471018
1.73845
-4.54922
-0.54863
3.36629
-0.383669
0.586443
-0.137476
4.13232
1.983
-0.357292
-0.180314
-1.20236
-0.718925
41.7092
-15.0737
1.01981
-1.45057
-0.767604
26.2042
-154.899
-42.7771
-0.653295
-0.99933
-5.36728
2.43154
-0.799312
-0.841119
-18.7357
-0.17021
1.84258
-0.312235
-6.68088
-8.52268
-1.52246
-1.13729
3.70623
4.22805
0.554348
-0.294099
-1.69467
-0.0940328
1.42471
1.72811
-0.655719
1.48094
0.116399
2.53842
-2.05623
0.034618
3.23835
-0.265219
1.1254
-0.648109
4.4189
1.10858
-0.599307
-5.78579
-0.710379
-0.728767
2.70902
0.355416
-1.17756
0.918529
-0.0803707
-1.69326
2.23737
8.08316
288.5
-7.67851
-7.92224
-1.02419
7.55436
2.93496
0.367393
-0.161096
-1.31529
-0.0944267
-1.29799
7.37632
4.43517
-0.550648
0.289307
-1.76912
-0.0683608
-4.4626
0.224661
2.75356
0.0741034
-1.36581
-0.498211
0.30307
-0.0974384
-5.21835
-5.22805
-0.711504
-1.0132
-1.02749
2.44272
4.13343
-1.38118
-2.5232
0.966307
2.5083
11.2192
-2.1155
0.217419
0.782378
-0.345097
-2.51953
-0.260652
-0.962609
0.180669
-0.543615
0.590501
-8.40258
-0.597603
-6.31121
-1.56227
-0.197521
-3.14989
-0.101392
1.16629
0.915588
-0.501089
0.908515
31.1298
6.5626
13.6981
1.15731
-0.151275
-0.534863
3.49475
-4.06872
0.407677
6.5893
-0.0146715
4.53858
-8.02495
0.00195293
1.92371
-2.25272
0.685443
0.831083
0.76123
-0.314945
0.0875384
-0.112723
-14.2155
-0.462216
-0.408694
-1.33968
-0.969095
-2.05394
-1.5201
-0.602003
3.23203
1.6487
-0.190534
-0.512729
0.0179377
-0.613757
-7.03662
-0.432409
0.494091
-11.4033
0.658279
-4.40963
-3.99307
-2.93924
0.811526
1.04589
-0.354232
-0.365922
0.152177
0.645851
13.4241
-0.718702
-2.81798
0.0611765
-3.98708
-1.95761
1.13105
0.187474
9.53828
-10.4548
0.262425
-0.296878
1.60601
0.631709
-1.31276
0.652828
0.249958
-6.03553
1.74228
1.49338
-2.16588
1.31936
1.00827
0.132718
-1.87727
0.754555
-0.486941
-0.125115
0.61744
1.62728
-8.07329
0.220482
1.13727
1.56788
0.704257
-3.07381
13.9041
0.439142
-1.40421
-4.46794
-0.15657
-73.2405
9.05072
1.0217
1.12864
0.978085
-1.50426
-2.31472
-1.28909
-2.00916
-19.8806
-0.0109094
1.22305
-1.22516
0.00476432
0.380637
0.448155
1.19172
0.117575
42.2987
0.875333
0.183243
4.01992
2.30614
-0.291982
-0.730857
7.78856
-1.15818
-2.03544
-0.148524
1.83866
-2.41293
-2.82348
1.25245
-0.0304912
-5.81759
-3.25043
0.394959
-0.985625
-4.94944
1.18319
-1.02743
2.20575
-0.927853
-0.284398
-0.679746
4.05979
-1.06143
-0.213784
1.91238
-0.140788
2.62677
-3.14125
0.227035
-0.0288379
-0.472691
-0.177378
0.507889
-0.81146
-0.0669877
1.15593
-0.444696
-0.981772
0.20213
4.23541
2.85842
-2.13141
15.1474
0.504668
-2.31398
-0.812877
-7.25686
1.44438
1.21948
0.211463
0.277608
-0.290251
-1.3296
-1.87806
-0.622793
38.1323
-2.9768
0.861092
5.6135
0.252157
13.1971
-6.3438
0.256077
-1.56331
1.31492
-0.485347
0.200323
-0.0988755
-1.15193
-0.889886
-0.650381
-0.570234
1.36526
3.78634
-2.53823
0.598336
0.0526059
-0.558941
0.143678
-0.0223705
-0.8286
1.67824
1.90402
-1.87551
5.99215
0.911948
-0.0141297
0.910038
-0.831669
-1.20712
1.12672
0.0783317
1.8425
-7.66876
0.251724
-0.249695
0.189412
-6.84029
-21.7048
0.999671
-0.68419
1.69799
-5.84393
0.101601
-0.837712
0.230183
1.55539
1.19286
0.592151
17.6243
-0.145602
3.22995
0.327765
-0.925279
-1.29341
1.46018
-3.44454
-1.0873
-0.341824
0.00143492
-1.21482
3.83255
0.472408
0.997852
0.31433
1.54824
3.29635
-0.285672
-11.9973
0.130696
-10.0621
-0.432389
5.33107
0.742626
1.8202
-0.915123
6.62848
1.75099
2.51456
-14.5008
-0.18813
1.04668
-0.657012
3.97584
-2.39635
0.107551
-1.80389
-0.229632
-2.5486
-0.660851
-0.174385
4.22094
-1.9993
1.32357
1.38088
-36.3961
-1128.28
-5.05502
2.34291
77.6471
-0.713889
1.11693
-0.189704
-0.0624491
-0.10408
-3.52835
1.34183
-4.51387
-10.6337
-1.46544
-1.76892
-6.25541
-14.8767
1.41203
-0.535287
2.36618
2.76609
-0.736628
0.551211
-0.229598
0.705831
-2.11071
-1.99925
1.36743
0.435715
0.785776
-2.72385
-4.3726
0.643743
2.14519
-5.88722
66.1035
1.05641
-3.96534
1.34469
0.423317
0.069083
-2.198
1.14388
19.538
-1.06323
-1.7487
-4.97399
-0.543366
-0.330802
0.431069
-1.46283
2.67133
0.541192
2.93689
4.63414
-0.433912
0.820695
-1.02136
2.6269
-0.445752
-1.09973
-0.474806
-3.01558
-0.404177
-0.963058
-0.254781
-4.33953
1.23327
0.737032
-1.20871
0.382865
0.29042
0.433826
-0.465812
-14.7554
0.750091
9.0711
-2.12512
2.14801
0.0911834
2.38741
-11.5272
-0.0997132
6.4324
6.39744
1.71841
2.82665
-3.55841
-1.30214
1.02567
-1.18971
0.344509
2.49808
-1.45768
-0.371287
-0.82967
-259.083
-0.209959
0.382652
-3.89119
-0.00668712
0.2099
0.955464
-6.81569
-2.42905
6.38274
2.94282
-1.21635
0.201215
0.666614
12.9526
1.49613
0.539996
-2.08004
-10.5819
0.685606
-32.3694
-12.404
-1.38235
-1.93131
-33.1954
-24.7717
0.892222
-0.141323
2.58217
-0.290645
-0.0582463
2.31882
-2.65199
-3.1351
0.885297
7.20206
-2.23382
0.431319
1.85155
-3.7789
-0.385301
11.3051
0.0952985
2.72846
2.8345
-0.219376
-3.82672
-0.143918
0.0953294
0.661152
-26.1386
1.94635
0.791775
1.66472
6.48787
0.598603
-0.654521
0.444735
-0.694439
-34.0453
0.776373
7.15376
32.1714
-0.327813
0.107759
1.1811
-0.475938
-7.0041
-1.11226
1.93282
-8.55149
0.102846
-0.357529
-0.0557285
0.161173
164.758
-13.5106
-0.216305
-2.50426
-0.461436
0.240976
-0.736579
0.43868
-0.0688546
-0.21396
1.59081
-199.108
-0.241701
-25.6047
3.74934
127.501
0.590093
-0.290513
0.0979763
-1.56864
-0.878749
-0.589449
-0.676058
-2.04891
10.6597
0.0275037
0.464836
0.579554
-1.8322
0.385496
0.103814
1.23026
1.11581
-1.87758
-3.35063
-1.44248
1.04214
18.3259
-5.24787
0.943757
1.98395
1.81785
-0.3663
3.73777
-0.586761
1.8699
0.670156
-0.513209
-0.932237
0.985395
0.481613
5.3971
0.43694
0.598062
19.5463
-0.0215257
15.4159
0.579518
0.882134
-1.48957
0.568201
-1.23788
-4.2412
9.94739
1.55256
0.827399
0.280258
-0.606868
4.15809
4.01256
-1.89926
-2.09753
-4.11211
0.522256
-6.01386
0.203912
-0.932885
-0.343326
0.0613764
-1.01335
-2.86506
-8.80202
0.591977
-2.4755
0.132357
-0.486451
-2.38218
2.6934
1.31195
1.02842
1.11794
-1.37899
0.135436
0.148384
1.0355
-0.0259007
-2.91971
0.646612
1.55814
-2.18676
-5.0141
-0.0388923
0.601902
0.535017
-0.253119
-0.571942
0.31154
-0.584496
-1.6216
3.01847
-0.462333
-0.847869
-4.84312
0.549929
6.95369
-0.973735
0.915776
3.71197
-0.406684
-0.123838
0.550612
6.17452
-1.47235
0.351911
1.09827
-25.6116
0.438249
-2.66058
-0.677838
-7.35496
2.86139
-0.454938
-1.38655
0.775974
0.230929
7.35354
-0.483257
0.876113
6.18285
18.2093
0.352619
2.11102
0.217683
0.23694
0.0786603
-0.741138
3.62907
0.54254
8.58725
-0.755144
0.277015
1.76479
0.435774
1.36524
-0.395599
3.85904
-0.726628
-1.19488
1.0384
0.795893
0.698323
0.0808833
-2.47392
-0.741146
-1.3048
0.482222
1.23007
-1.93693
-0.714531
0.507549
1.97888
-2.11521
-0.0791308
0.00403418
-0.653559
-1.28992
-0.44044
1.71222
-1.5505
4.56068
3.84947
-3.6876
-0.427827
-1.29221
-9.91301
3.26514
-3.39885
0.593122
-0.0823788
-0.0935914
0.647918
-9.26028
-0.295254
-0.0972229
0.148789
-4.17269
3.38744
0.0531308
-0.132084
-2.31276
-3.50968
-0.2964
-0.778886
-0.29207
-1.12901
-9.80124
-0.222179
-5.42942
2.61937
9.82805
1.10619
1.55629
1.08028
-0.511012
-0.63008
0.748427
-1.81042
-6.13008
-2.07037
23.249
-1.78941
0.128359
2.16099
-0.184534
-0.860099
3.39896
21.0553
2.45186
-1.02541
8.79985
-0.394966
0.568247
-2.40592
-0.76278
0.762549
-2.41145
-0.500348
0.88755
0.346549
-1.5314
0.521634
0.103707
-1.1143
-0.109503
-1.24767
-50.3531
1.88578
12.4552
-1.5265
1.16878
-0.339331
-0.854609
1.58111
1.62768
4.68677
0.684618
-25.4013
2.06395
0.330608
35.4281
0.201506
-0.661943
0.0264973
-0.869528
-0.784496
22.7374
27.3905
0.936458
-1.79419
2.01594
-13.1176
0.935576
-0.372507
-0.0591558
3.76342
-5.52243
-0.98833
1.20422
0.606897
-4.52439
-0.966436
-0.371026
41.2719
-5.97672
-0.512668
1.09884
3.87862
0.705943
5.90251
1.15494
-57.3405
1.12541
7.28856
7.7432
0.630913
1.71122
0.0255796
4.84324
-1.27152
1.80774
21.83
-0.470837
-0.431865
-0.465772
0.87338
0.287971
-1.91896
1.7606
-0.422322
0.873587
-38.9436
0.177936
1.71346
-0.196868
2.48182
3.22077
1.33671
0.386394
-0.632099
-0.681628
-1.88712
-1.07233
2.22433
-0.128143
0.810717
1.29901
-0.14772
7.80929
-4.06452
0.556722
-1.52356
1.32918
0.499816
-0.117553
-0.997593
-3.76337
-16.3441
1.93866
0.0825727
0.0095576
-0.115528
-0.53264
-0.655142
3.069
-1.2545
0.419332
0.300579
0.23264
2.79882
0.104012
-3.08572
-2.65332
-3.33992
1.56588
-6.02169
4.45038
2.08123
0.759195
-2.72067
-2.0627
0.555758
-16.4321
0.956818
-7.11611
-0.719868
48.2596
-57.8128
0.994744
-16.1702
0.165127
-1.88297
-48.6423
-1.06385
-1.2559
1.16111
-3.07044
-0.775434
-1.92414
-0.566421
-1.51097
-0.245044
8.1807
0.239968
-1.23219
0.584601
-2.4804
-0.708229
-0.911986
0.869251
-1.53094
1.38963
0.453728
-10.2908
-0.336255
1.68807
-31.1093
0.308615
0.292745
4.09919
5.56908
0.305618
-3.97734
38.0333
0.756474
-0.81568
-0.940889
-0.445842
0.283764
-0.0305792
0.0648194
-0.70641
0.37095
-0.161234
-0.421517
-1.33534
-6.34261
1.26448
-5.68882
-0.281221
-0.983664
0.790366
4.52773
1.62789
-3.11581
-0.0257403
2.21844
-0.525305
0.494396
-1.63413
0.7694
1.99586
-0.263356
-0.47176
-0.43963
-2.05446
4.19931
0.504371
0.13857
0.411601
-0.405251
7.28398
1.23292
-0.702474
6.87291
-0.570935
-0.708871
-0.864505
-1.51829
-0.511691
-0.843122
5.13168
1.01171
-16.8665
0.323948
-3.71117
-18.8706
-8.49625
-0.871107
1.16233
0.39655
0.0662837
-0.171277
-1.32876
-8.9085
-0.781039
-3.1412
-1.14256
2.66619
-3.78184
0.499912
-21.263
-0.070001
3.87616
-1.11955
0.476278
-1.76974
0.474919
0.813108
-0.0796843
-1.8961
0.80329
1.8254
-0.17916
5.29875
0.139463
0.2485
0.588054
2.08335
-1.33272
-0.83564
0.236128
-2.34125
-2.41757
-1.43587
-0.416065
-1.23154
-0.82326
0.156965
0.93788
-14.9942
1.36271
0.389052
18.4563
0.197193
-0.784324
0.111228
-0.87483
1.44432
1.79838
0.680545
-0.339845
-0.864785
0.4195
-8.71296
-1.0026
-0.158408
1.77804
1.84888
0.317215
86.7923
0.496147
-0.530995
-0.486852
-0.538442
94.0119
-2.92203
0.104743
3.00947
0.668333
-1.66356
-0.174696
0.630203
2.14223
-0.0415192
0.453941
2.87975
-0.159521
-0.645622
-1.07041
6.12487
2.13641
-0.271474
2.92852
-0.0714341
0.290509
-0.226711
0.836969
-0.398331
-2.14988
2.80816
0.723168
-0.336796
-0.293008
0.540284
1.60964
-0.0308817
0.0395771
-0.378411
1.85569
37.0937
1.42268
1.8703
1.42001
-1.36728
-2.07656
-0.480582
-3.84948
0.0351386
-0.826591
-1.4955
-0.383991
-1.67098
-0.0198334
0.0888063
-0.380642
-1.7345
0.851672
-3.51284
-4.25476
-1.42516
0.0397531
0.937295
0.515626
-6.55955
4.23833
-48.2322
-0.0317228
0.210755
0.313359
-0.326379
-5.74876
-0.467063
-0.622935
1.61439
-0.27644
-0.365344
2.38832
-4.84657
-0.292269
0.593515
-0.442255
-1.28625
-0.662049
0.912687
0.327346
0.993552
-107.233
-5.92106
-4.78935
-19.1234
0.70201
0.0321755
-5.23645
32.1906
-1.77073
-1.77252
0.825934
0.331825
-1.65899
0.634623
-1.0766
0.349113
0.0447952
-0.732514
0.912398
-0.313705
-0.0985809
-0.510261
1.15712
-0.311939
-0.597448
0.141813
-0.179126
1.62057
0.57542
2.12931
-1.54579
1.9728
0.713261
-14.3266
-0.582354
1.14744
-56.9805
1.01052
-1.20662
10.7025
-0.689054
-2.27528
1.51493
1.83374
-0.974161
-9.43528
-0.524565
-0.695599
0.185339
0.0433303
0.805142
-0.98825
-0.979851
0.885626
1.1277
4.37473
-0.182177
-1.54467
-11.1274
-1.349
0.421555
-1.99863
-0.849845
5.54926
-1.44658
75.0579
-1.88343
-0.803241
1.69931
0.744156
-1.84282
5.5894
-991.786
-1.12849
2.1423
-17.4781
0.835873
0.10215
5.11062
-1.28244
-0.65281
0.418992
-0.167538
-0.139366
0.527236
-0.601366
-0.70993
-0.626404
-1.54383
0.851053
-0.800044
-4.7425
0.902668
-2.24103
0.648216
-3.90298
2.2555
1.45605
1.11029
2.34783
-0.728729
5.16233
-1.08227
-0.366183
0.42836
-3.19895
11.698
16.1819
14.4421
-10.7301
0.582375
1.76329
3.22654
-1.67935
3.80944
-0.967068
0.711948
-3.71022
-1.18627
-0.567775
-0.375845
2.39467
-3.64796
4.4466
6.0558
11.958
0.139563
-1.54433
0.0734989
-3.50812
-2.00091
-0.174598
-0.889023
-2.27654
0.252112
-0.519576
1.70207
6.35858
-0.876128
0.872568
-0.234166
-1.34961
0.650544
0.788921
-12.6854
-2.84853
-1.59521
-0.0799807
-2.99484
-0.101349
-0.965546
-0.725025
0.0553854
0.441982
-0.800146
1.43141
-220.393
-0.935998
0.934735
-0.771511
-5.51779
-2.00784
0.472694
3.60219
-0.893659
-0.991653
0.749959
1.96098
-0.25999
0.274068
-2.09606
8.59515
1.69337
-4.84447
1.67831
-0.259442
7.43763
1.80615
0.166908
0.506178
2.3783
-1.094
-4.23097
-1.32386
0.165493
-0.798154
-1.24805
-0.518045
-19.1002
13.8991
-2.31061
-2.42152
-12.1304
2.45121
-15.4092
1.25188
10.4457
0.477087
-0.870081
-0.32421
-0.143489
-2.84604
-1.33533
0.247555
-0.187935
-2.94901
-1.63416
-0.216322
6.50218
0.931719
1.58373
1.91891
2.99362
0.240121
5.56698
-0.499018
-0.0262557
0.516329
-0.411287
-0.198031
-0.326357
0.251857
0.454236
12.8781
-2.59493
0.530812
-11.4848
7.68864
-1.55118
17.3117
2.67381
0.126589
-0.092425
-0.193112
38.1353
-3.36304
3.31976
-5.0669
2.749
1.36986
-17.6395
-1.53705
-0.49651
-1.51053
0.253806
0.441279
7.46042
0.230557
0.123532
0.277979
-0.51105
-1.19273
-46.269
-1.29249
-2.02655
3.4867
0.0305962
-0.938986
-0.470736
0.797343
-0.446659
-2.33884
-65.2328
-0.0645139
1.85284
0.242618
-0.561822
-7.99402
6.35249
-0.548763
-0.185588
0.439618
-2.5527
-3.19762
-1.27479
-6.85475
-0.0251231
-0.246246
2.09297
-17.0101
3.83731
0.966406
3.89058
0.295094
0.276815
-5.78831
-0.889108
-0.701498
-2.10518
1.26896
-2.33583
3.02938
0.609266
1.8922
4.312
1.36106
-0.69283
0.334416
-0.0685409
-0.771551
1.56737
-7.61303
-2.01515
-0.264069
1.02349
77.8608
-1.30799
13.4899
-5.70058
-2.41025
-0.185078
0.0986511
-0.530939
0.331607
-0.315018
-2.91152
-0.0353245
1.56217
3.64983
0.654176
2.2592
0.267521
1.15941
-0.702379
0.0433506
-0.295182
2.27684
-1.223
0.437627
-0.0929251
2.26167
-0.600922
0.0411947
0.485713
-8.14316
-1.88858
5.9206
0.170013
4.13141
-0.730178
-1.10644
1.02329
0.166827
0.208812
-2.18067
0.894513
-1.47541
-0.45664
0.544945
-0.529829
0.819424
2.96707
0.074537
-1.60799
-0.197516
-1.00075
0.451563
-2.99819
-2.58097
-0.17515
-0.232224
0.0825958
0.702844
-0.119394
1.22108
-0.694218
-3.55038
-0.704847
0.436824
0.548988
0.715065
-0.299007
-0.926269
-1.20829
0.552906
0.707255
26.416
-0.532906
-0.00138883
1.59441
2.82943
-0.470269
-0.761934
0.324958
2.6126
-1.14492
1.44938
-0.541391
0.938875
0.297336
-0.784225
-3.87155
-2.56986
1.41153
-2.47153
291.585
2.97578
1.48026
0.965352
0.206819
-0.21748
91.6522
0.187365
1.05682
-0.358851
1.15928
-11.9947
0.674273
-0.409592
-4.20115
-0.531284
-6.10986
-0.433599
-0.482453
-0.6254
-4.31389
0.0506869
-0.0690636
-0.296046
-0.157315
0.383672
-1.55706
0.49984
0.348718
-6.32675
-4.36588
-1.15377
-0.530446
-1.38418
-2.31382
1.69716
-0.107543
1.92456
-2.56174
-2.13562
0.203838
0.529961
1.62664
-0.156571
-2.03821
0.426542
-7.90841
0.745589
-0.161479
-0.100753
0.350236
-0.030055
-0.54856
0.129783
0.762564
-0.454578
2.20654
1.33868
7.19377
0.112366
-0.196987
1.0259
0.464674
0.546446
-5.01942
-0.269134
0.454521
1.03683
1.23439
1.68848
-7.55733
0.106168
-1.67005
0.606219
-1.91992
0.362311
0.796029
0.43177
-1.99679
3.46768
-0.37939
1.77431
-0.686986
-1.03212
0.425021
-0.80809
0.761074
0.390691
0.519612
0.890861
1.39972
2.30942
-7.08727
-0.48198
3.71794
-56.8386
2.32738
1.03835
4.9724
-4.08583
1.15974
1.08047
-0.545007
-2.39548
-1.99802
-0.127319
-0.0116834
19.0485
2.43473
-1.5307
0.555004
-1.0118
1.3872
1.02752
2.17038
-0.338274
-2.34722
1.65181
-0.986802
0.37715
-1.27045
0.0178619
-0.642292
0.910809
-2.01674
-2.14886
0.953244
2.30654
0.28419
1.1474
-0.518283
-0.367332
-1.14223
1.77737
1.02101
-0.410824
-6.3578
-0.903607
0.0750366
-0.50078
-0.739669
-14.9533
-12.0962
1.05427
-0.960207
1.0409
-0.781974
0.170053
-3.34713
-0.120446
-3.6472
-0.196939
-16.412
-5.83995
0.320282
-5.3011
14.3678
-1.07159
-0.134767
0.545766
-13.465
-110.083
50.5898
0.170881
-0.497608
1.67893
-0.775037
0.21317
2.9965
-0.167595
-1.46151
3.15165
1.02619
-0.150967
6.79679
-0.934579
-0.289143
0.112986
1.11764
-0.332635
-1.05851
-8.17032
3.35715
-0.262274
0.223482
3.79828
3.41866
-0.410659
0.399952
0.0434283
0.956002
-3.70195
1.49176
-0.371919
0.145606
-0.87911
-0.137679
-0.873262
2.09617
0.0415126
-0.555265
-0.522065
-0.0693899
3.05175
0.421514
0.613396
1.06229
0.262259
7.61936
-2.57361
-0.637289
1.27072
-0.018212
-1.26259
-0.397656
-1.43317
0.0592068
0.0600097
-1.05771
0.59914
-0.284784
0.120148
-1.2423
-0.436664
-1.42578
-0.173711
0.296381
9.73125
-0.0857177
-11.9848
-0.369612
-1.13255
0.0286578
-1.29076
0.0332328
7.23038
9.24569
0.864199
9.20483
68.7648
-32.2564
-0.686142
0.373921
0.750666
-13.3907
0.301671
-2.43068
-1.08951
-25.1857
7.11396
0.978143
-0.630327
-0.279564
1.05279
1.21498
-1.65429
0.971217
-1.03021
0.452161
-7.09636
-0.750556
-0.962945
-0.110435
0.20425
0.288014
-2.6318
-4.87799
2.65392
-2.42235
-3.64402
-1.91681
2.43187
3.49642
-0.272615
3.62389
-9.71337
0.409842
1.24004
0.970362
1.76795
-1.21705
-0.615457
-5.15065
-2.93278
8.51252
1.31177
0.944445
-1.18991
-7.61813
-2.29167
0.897891
-0.176415
4.63701
1.29659
-0.0592414
1.23303
-5.68992
4.94459
-0.155091
-2.21419
9.93007
3.82736
-3.9555
0.187521
0.0503461
-1.04804
-1.91801
-1.67235
-0.313533
-0.58843
1.92188
0.155585
-6.30037
0.208714
0.0181062
-0.649148
-0.793379
2.55146
0.571168
0.522734
-0.820681
-1.12723
1.07173
0.192852
-0.0408765
3.01925
-0.833272
-2.3218
0.419272
-0.639681
1.27235
1.51848
0.494338
20.0473
-6.79836
-0.267981
3.00753
-0.470573
-2.11581
-0.0274931
1.3556
0.192667
-4.67375
-2.94491
-3.76135
1.68762
-1.65326
7.18192
-1.5151
-0.0578209
-21.3392
-4.76111
1.88619
0.929289
-0.653971
-0.0549345
6.50727
-0.167809
-0.66369
-0.580326
3.27955
0.669485
0.51191
-0.71023
5.33018
-1.64052
0.115196
-2.1132
0.0346317
0.487312
3.34365
0.387665
3.13462
-0.622848
-2.7469
1.14645
0.600927
-0.431579
2.94835
-100.945
1.31444
-18.9024
0.0857089
-0.778219
1.39739
8.80955
-1.02552
0.241361
1.6479
-0.0850231
-0.635962
-3.74424
0.822859
-0.852791
-2.85048
-0.169546
-1.5432
0.786462
-3.29675
-1.07413
1.33303
-3.26978
-1.58831
0.179601
-2.48173
0.419489
1.39067
-1.44419
-0.92121
7.48031
-3.13103
1.24784
-0.328441
1.12112
-0.483342
2.09652
-0.448247
-1.76688
1.57918
-0.335955
0.185162
-2.11707
-0.04344
-0.103454
-2.01471
-1.6716
-2.1633
-0.564472
0.926815
64.645
-0.0852216
0.938869
-1.16938
3.90853
17.1587
0.518932
-1.96291
-1.59165
-2.31344
0.59088
2.8827
1.55263
0.0976862
-0.245533
-0.512582
3.82722
12.5361
-1.39125
-0.786257
-2.13719
0.0777876
6.19861
1.35684
-2.94625
-2.15625
-0.458824
-0.9936
-0.322309
-0.213431
0.636199
-4.94655
-3.5871
-7.54305
-2.68541
1.44491
3.23784
-0.380765
-0.381831
-0.963701
1.55913
-0.641951
3.78956
3.00177
-3.28567
2.70234
-0.428388
-28.0709
0.963985
1.64836
0.0790732
-1.33997
0.361853
-0.0167035
-0.897708
-0.0678201
-0.889914
4.34856
1.35237
0.00287883
-17.2398
0.255194
1.02466
-0.561329
2.06722
-0.181465
-0.340976
-16.3711
-8.08952
-0.429409
67.4497
3.13681
1.99413
2.75907
-0.846686
1.36721
1.71396
-0.709778
-9.50314
1.49748
6.7311
0.976232
-0.151094
3.99086
-0.453837
0.255191
-0.537928
0.801726
5.81551
0.104119
-0.923141
2.76271
-1.10427
0.415063
5.2552
0.524271
1.13968
0.0339635
0.090401
-1.39818
-0.213879
1.90649
8.58813
0.616677
-0.807053
0.952749
-0.385753
-0.311334
-0.0375226
0.953206
-0.0802687
-0.518417
-1.64041
-2.31466
-0.673213
0.526936
-1.63304
-8.00459
-0.376889
0.0742118
-0.282173
2.15354
99.1127
0.988286
0.180444
-10.9808
2.04539
1.31511
-0.602542
-0.156035
3.57102
-0.441938
-0.0150841
1.16554
-0.729224
0.148744
6.05371
-1.07276
-0.695211
-3.55847
8.41064
-0.953986
-1.27338
0.181991
0.30366
2.22506
-1.54855
-1.3804
-0.00839943
2.43788
-0.269752
-0.471144
2.19855
1.11483
-1.19753
-0.962901
8.50876
39.9207
-5.28981
0.187089
-2.06773
-0.871319
-1.73881
0.0664866
-0.356179
-0.15852
0.683539
-0.194242
0.115497
-0.749701
-2.05394
-0.859549
-1.91785
-2.08455
-3.25285
13.1207
0.938818
-14.2223
0.453803
-4.86053
4.89501
1.32585
-1.3556
-0.0629945
1.1262
-0.88206
-0.535463
0.487287
-3.49558
-1.64865
-0.492162
0.665892
0.672265
-0.0628556
-3.24344
-0.554562
1.1411
3.18735
-0.0841129
-2.40142
0.0898192
-0.0531687
-4.16699
-2.59403
-8.85065
8.22063
-0.880881
-6.22341
-0.269266
-0.745545
-1.543
0.112386
-0.0484604
1.36612
0.073812
-2.52159
0.392412
-0.798404
-2.62133
-3.20623
-0.168125
1.26873
0.575334
-0.615074
0.580602
-11.4171
2.53498
-0.482386
1.15698
-0.203179
-0.181253
-0.170435
-22.4272
-2.16646
2.48244
-0.434563
-0.90195
-0.113088
-1.11803
0.0996153
1.2387
-1.25919
-0.181001
0.693085
0.132763
-0.24878
1.17726
-0.00855776
-3.82608
2.18315
1.06946
-0.541542
0.569484
-3.72361
0.0452341
-3.95735
-6.06891
0.0708216
-0.0994411
0.25798
-0.725977
-0.761046
0.00936187
1.83416
-0.254635
-0.0821436
3.46527
-0.151825
-0.698337
-0.390181
8.21667
4.43528
0.294708
-3.25897
-23.0287
-0.428317
0.721387
0.279304
3.53371
0.430577
0.144775
4.51388
-6.15619
6.25421
0.978619
-1.29104
-4.66855
0.460684
1.06108
0.688089
-1.60389
0.128541
