0.907513
7.10453
2.47606
2.49861
-0.61985
-2.39533
-1.86134
-0.331064
1.38697
0.516101
0.540858
1.52786
-1.01024
1.37586
0.462364
0.633084
6.79725
1.02744
-0.766144
0.941127
-1.04482
1.87345
-13.1081
-0.721769
-0.101625
6.21615
0.746481
0.229691
0.488346
0.10612
1.3245
1.69652
1.97384
0.451119
-5.32452
-1.82953
13.3767
-3.40465
0.344345
7.13106
0.60702
2.01571
3.06599
-2.03795
105.683
-0.0358069
-2.23331
-6.3507
0.334437
2.23386
1.09642
-0.214745
0.0408468
-1.07706
-2.56792
0.562935
-0.86867
-0.0464024
0.407801
-0.189292
116.006
0.983509
0.390031
-0.28004
0.818551
-0.576239
0.549517
3.40067
-0.703718
-3.83251
-0.626649
-1.40615
-0.559817
10.6663
-0.303975
0.124112
-0.421886
-5.47069
-16.4781
0.0447366
9.28201
169.068
1.435
74.5285
1.30306
0.450693
-0.699836
7.24217
0.5236
1.04401
-0.243708
1.19761
2.49922
-1.22087
0.251072
1.382
-1.49213
-1.60504
-6.00797
-3.40555
0.453199
-1.99698
-0.83672
-0.496665
-0.516742
-0.181412
-0.525385
-0.421168
-1.09461
14.8299
-0.787604
-0.446172
-1.21715
-6.38242
2.13761
-11.0265
0.751367
0.0464218
-0.299855
7.92544
1.82426
-1.60524
1.53421
-1.83054
-0.545829
9.83243
0.653658
0.931794
0.00689083
-0.0457605
-0.398044
-1.5263
1.43303
0.564203
-2.40136
-0.648847
0.382098
3.08492
1.35455
0.29458
-0.394097
-15.4115
-2.96027
1.23153
-0.426333
-0.849176
0.517798
-1.13565
0.173306
0.289615
1.22303
0.911421
6.69841
2.29758
1.17332
0.182308
1.51533
-1.49799
0.43716
0.504149
0.769151
1.63679
1.0771
-0.767433
-0.00686192
0.951522
-0.134814
-1.4684
-1.31464
-1.16436
-0.0786733
-3.88305
0.00784284
0.832343
-0.320361
0.17744
0.207876
-0.751699
0.910666
0.09534
-0.598956
10.4691
0.607861
4.84644
-0.266731
0.894157
-9.94216
-3.80154
0.121486
-0.668739
-1.06508
-0.100243
3.2864
0.0756261
-3.79022
0.12115
-4.1365
0.656092
-0.441825
-0.791865
-0.430583
0.381256
0.874976
2.65671
-2.3062
-0.483836
0.521662
-0.572471
-0.580409
3.6841
-0.442157
-5.56255
-5.13089
-0.291074
0.952615
-0.63359
0.25933
-3.56979
-1.98156
1.87001
1.095
-0.41104
1.83299
108.243
-3.24401
0.424848
2.07215
0.11225
-0.609766
-0.285229
10.439
1.68405
-1.11544
2.37112
3.43519
0.430615
1.03222
-1.2742
0.698682
2.15861
-1.42576
-35.5158
0.621834
-0.827871
-0.0512453
0.858354
-0.386668
-0.283015
0.542049
0.180291
0.560422
0.840059
-0.492848
-1.89849
1.07221
-0.101249
-0.448428
1.30198
-0.743429
0.884672
-2.51672
0.657303
5.1418
0.896405
0.968119
3.17804
-1.07097
-1.74332
-0.257042
-1.28999
0.350629
-0.14886
14.0841
-10.421
1.73136
38.1684
-0.615254
-1.74378
0.730588
2.6073
-2.12206
1.3427
-2.61116
-0.642941
-0.97142
25.1964
1.61921
13.9193
-0.50317
3.05236
-0.559489
-0.795792
1.96191
-2.49609
-0.833982
0.109014
1.16495
-0.550325
1.58182
-2.36593
1.92346
-0.667188
0.501317
-0.918313
0.658177
-0.370954
0.627165
-1.47095
0.394826
0.419758
0.51707
-29.7725
1.38464
0.811384
-0.157585
1.10839
0.215374
0.0209732
-1050.4
0.295562
0.0993484
1.17982
0.657808
1.72405
17.2571
-1.39792
-1.14875
0.186227
-0.0522146
0.18514
-1.32223
-0.238484
-0.809495
-0.380817
-0.868472
1.80043
-1.24075
-0.124349
-0.215726
1.94023
-0.799738
0.461257
-0.211232
1.14687
-0.292194
0.072518
-4.31198
-0.0580872
1.93319
-2.95074
1.31355
1.1602
0.186872
-1.38251
-0.0840424
-0.654598
-2.72377
2.27019
0.640524
3.38954
-0.832347
2.67768
-0.276299
-1.91388
0.3522
-0.491141
0.167499
-1.53927
0.550934
-0.440834
-0.56043
-1.47908
-0.0742202
0.726999
1.41694
-1.72678
0.977602
0.416457
41.6658
-0.773215
-0.366044
-10.4217
0.290105
-2.048
1.1411
0.452961
0.186071
-0.639571
-0.268306
0.144119
18.5646
-4.05395
-0.34192
-3.98888
-0.862941
-5.93706
-2.98118
-0.0425038
-0.419937
-5.06256
-0.060676
-0.216137
-2.97528
1.42957
1.84055
-1.0706
0.604278
1.07144
-0.0803159
1.54916
-4.06624
-3.68388
9.95308
0.151923
0.72954
-0.306435
6.04885
2.64867
-0.454391
-0.359936
2.19067
0.873069
1.0837
-2.78855
-0.0215252
-0.6567
-5.07588
-1.09656
-1.91704
4.47314
-0.350503
-0.384677
0.034181
-2.6567
4.25857
-6.45715
0.128844
-0.0812891
1.99235
0.912791
-0.513602
3.83653
-2.90798
0.064197
-3.93086
0.670396
34.2177
-0.254464
-1.97612
0.220837
1.83557
-0.635858
1.11944
-0.275762
-1.07015
-0.363267
-23.8962
-0.482008
1.30537
-0.930651
-1.26789
0.0125279
0.290693
4.89722
2.33866
0.1409
-0.146008
-1.48778
0.90829
1.16468
-2.96101
-0.318514
-1.07685
4.40414
-0.399641
-0.0533469
-0.0951729
0.198025
-1.06814
2.36824
0.0941726
0.226003
-0.764772
0.295753
-1.38355
112.738
-3.57277
0.420303
-1.35768
-1.11624
0.232538
0.822941
5.53629
0.195587
-4.62974
2.26479
9.76372
-0.860634
-0.308892
-5.38204
5.27155
-2.3847
-2.54505
0.990544
1.48741
3.03115
-2.1653
1.36289
0.985857
6.10104
-1.23463
0.113285
-1.82519
-1.21763
1.56051
1.07077
-1.15119
6.58007
-0.00671284
-1.60754
-2.51136
-0.171515
5.352
0.179581
0.233994
0.353814
-0.135728
-0.455942
16.5147
0.600774
0.703974
-0.37455
0.194799
2.42745
-14.2098
0.439888
0.225622
1.34869
-7.14499
3.60886
-1.98326
1.70163
-0.512219
-22.9311
2.43477
0.537784
2.60376
-2.507
1.62349
2.13167
0.51541
0.903514
1.39621
21.6278
0.903953
-0.986341
-0.340854
-0.695682
1.48722
3.1378
7.16977
-0.675521
1.35104
-8.46017
1.2789
-0.345685
4.06023
-1.19913
-0.968259
1.7113
1.23216
-1.62573
-2.37148
0.263793
-0.511565
-0.0970638
-0.469101
-0.423476
3.08689
-0.814868
1.12504
-0.130208
-0.492066
-1.83103
-1.10868
-0.985132
1.44355
-0.136013
-1.50812
-0.145291
1.10809
-0.435996
34.1529
2.74854
-1.97905
1.50568
-1.04509
-1.40384
-1.98732
-0.124751
-2.28634
0.825107
-16.3426
0.68254
3.31699
0.736583
-0.415642
1.18947
0.21623
1.29525
-3.10527
-0.410073
-2.83749
-0.805807
0.981806
-0.784617
-12.907
-0.00312665
0.505194
-0.908313
0.638755
-12.6433
3.90283
-0.682573
0.693372
0.832632
0.00511211
-1.94521
0.120995
0.449025
0.141063
-0.971186
-0.911652
0.472473
1.14617
1.06897
-0.33192
-6.4631
-1.54749
-0.530035
0.289973
2.11432
-1.06414
-2.26192
0.0198043
0.571297
-0.167416
-0.528631
1.97531
-0.721437
-2.45535
-0.0339361
82.1742
-1.19926
0.395261
0.177525
-0.548744
-0.339166
0.147835
-0.455373
-3.5347
-10.2555
-8.63282
1.58799
0.323039
1.396
0.887435
0.518775
-1.30121
-0.52373
-0.362302
2.07756
0.132509
-0.0677159
2.43065
-1.47647
0.0802891
95.8835
-4.69198
3.95329
0.117711
1.8547
-2.25275
0.765342
2.44826
0.394551
2.71657
-0.965652
-1.39414
0.00394912
-1.07744
-14.4989
0.576851
-0.516102
0.143405
-0.31528
0.412246
0.376977
1.59015
-0.539548
-4.25582
3.14956
-0.653065
-2.50558
-0.532792
0.263388
16.3504
-0.720345
0.867879
-2.79945
964.978
-0.572377
-2.65568
-12.8459
-0.692878
-0.071478
-4.08201
-0.145258
0.569906
3.87227
-0.256351
-1.22231
3.98531
-2.41611
-2.86122
0.940533
2.77317
-2.47751
0.232108
0.365864
1.73309
-0.458136
1.51421
-4.73081
-0.764859
-5.10806
0.513919
0.118819
0.906439
0.852825
3.37479
0.530727
2.09492
0.834859
0.0261828
0.191286
15.6285
15.3216
-0.202846
61.6855
-0.580863
1.93682
10.1048
-0.819173
79.6647
-0.303802
-2.22364
-8.8157
-0.492206
3.52574
0.505761
1.77942
0.0952568
-1.37198
0.154499
-0.146524
-0.975607
6.26828
0.844397
-4.69736
0.905902
4.38387
-1.30525
-1.04925
-0.02838
2.3694
-1.00941
-0.772481
1.84348
0.216822
0.473021
-0.853969
4.73195
0.887839
0.162076
2.44958
0.564022
0.078547
-13.8526
-0.537223
0.0947988
-3.18516
-1.13857
-0.892958
-3.18086
-4.01699
-0.453431
-0.63469
-4.72057
2.11039
-5.04287
3.8769
0.600338
0.221616
-0.377107
-48.5594
0.312561
-0.073348
1.08763
0.391153
1.45481
-3.78305
1.31638
-0.35923
-8.86096
-5.89677
-0.406414
-0.605428
0.226751
0.0563865
0.0426666
1.63078
3.95349
-67.4032
17.3734
0.465335
-0.321257
-7.4391
-1.85627
1.05904
2.27673
0.718186
-0.496725
-1.19937
-3.52475
-8.0543
-1.78839
1.07136
6.19463
1.44854
-0.312403
-1.00339
-6.1301
0.289853
-0.197816
0.159576
-0.144977
-0.168949
4.23944
1.1775
-0.710287
1.34941
-11.7169
0.972624
-0.766659
1.52108
2.86277
-1.08704
2.01413
-0.044201
-0.454007
-2.79164
-4.28568
-1.53621
0.794402
-4.40652
-0.855006
0.288575
2.97125
10.509
1.75104
0.763852
-3.4684
0.777118
1.61152
-1.33047
-2.02225
-1.31353
1.0786
1.15574
0.228956
2.05106
22.7035
-2.18675
-7.02867
-2.20562
1.15025
-2.52509
0.773364
-22.2346
0.0355758
7.64145
-0.118546
63.1687
-0.693074
-1.44087
-0.712551
-1.55267
1.12269
-1.13571
1.35397
4.25537
-2.70656
1.20767
0.815395
0.105896
-0.140731
-5.61447
-1.24322
-9.87109
-0.0107718
-11.435
-0.436025
-49.9744
2.91167
0.955468
3.39441
0.263838
-3.0856
1.64442
0.0764718
0.822476
-1.00385
-0.209044
-1.09792
0.593588
-0.447952
0.109395
1.44979
-14.6397
0.0893514
0.785248
-2.19958
-1.67707
8.46756
8.9811
-3.16921
0.0289275
-0.317614
3.80396
-2.46583
-0.0790011
8.1031
1.0404
-0.633192
7.14839
-0.64552
0.458861
-0.542239
-0.818292
2.13266
-2.21929
-0.339482
1.09967
-0.452415
-1.79526
1.34382
0.169673
1.05076
-1.30684
1.89537
-1.10482
0.215788
-5.22078
-4.18912
-3.44036
0.181845
-14.7159
-8.01248
-3.15534
0.478776
-0.505619
-0.518359
-4.156
-2.36312
-0.330034
0.249089
0.320129
-0.846141
36.7703
0.584101
5.69231
0.837056
6.99907
0.241898
-0.199372
-1.01327
-0.519115
0.606535
-1.92514
0.84905
-1.25703
1.2803
1.26018
0.0156927
-0.061306
2.54872
-2.90033
-1.26558
0.070823
0.58654
1.57709
-1.11936
0.415743
-0.577435
0.302084
-1.46043
4.08374
9.26081
0.766702
2.04831
-0.898197
-47.8572
-3.85451
68.8068
-0.113406
1.02523
0.378485
2.53417
-3.32629
1.64374
-7.41765
8.20591
-60.0262
-0.899507
-12.2734
-30.796
5.07292
-1.16863
-3.44581
-1.78078
-0.307205
1.38901
-2.52461
0.379056
0.658241
-6.66139
0.00598498
28.4181
0.372036
-1.97107
0.523136
0.0749915
0.339823
-0.125591
0.359112
-0.037714
-0.00132814
-0.197995
1.78912
-8.98749
-0.104808
0.519519
-2.39697
-0.0977764
0.0299423
2.85507
-3.70032
4.37298
-5.67127
-0.412321
-12.7878
1.62891
0.489457
0.439649
1.53921
1.16333
-19.1828
2.34478
0.414858
1.92923
-2.8134
-0.247335
-1.68303
-0.384063
6.92081
6.08195
2.4309
1.7605
13.4655
3.2751
2.46281
-0.648008
0.423253
0.821144
0.188718
1.35626
19.2053
-4.93664
-2.9039
-0.803828
0.849248
0.89992
-0.186951
-0.74135
0.71798
-5.24369
1.13823
0.0903396
2.2146
0.185959
-0.696979
-1.64253
-0.288486
1.41912
-1.51133
-0.359587
1.29374
-0.50985
-4.00489
-1.44043
-0.111408
1.14935
1.69442
-2.78889
0.501937
-3.66206
0.916912
9.74901
1.02676
-5.45284
-4.69913
5.29007
-1.42908
0.307363
-3.74032
3.58247
1.60865
1.29497
2.33164
-0.568345
4.52862
-0.129874
10.2296
-1.12327
-6.42363
0.896819
-1.06457
5.10316
-0.045249
-1.69268
-0.342141
-0.784245
-0.038587
0.965671
-0.534812
-0.266459
1.67486
-0.0926181
0.874667
3.34763
0.0852726
0.954635
47.0666
2.83321
0.670893
0.0830698
0.985152
1.51318
0.68476
-30.8318
-5.3663
-0.941037
-3.25194
0.0276208
0.521673
0.243258
-2.97499
0.945148
-1.28761
0.159034
-0.466652
-2.07359
0.194196
-1.49844
-0.613702
-1.84066
-0.131802
-0.970681
-10.7488
-0.146996
-2.37102
0.0307632
0.852603
0.506494
-3.62602
-0.655823
0.23528
-5.94828
1.06659
-5.60329
41.4195
-2.31741
-1.79519
0.788524
7.84995
-11.3359
19.6038
0.746465
-0.743479
-0.0814914
-0.836861
0.970177
0.790445
-0.0701094
-3.22205
-0.348206
-0.449787
1.04283
5.62317
2.2261
-0.760079
-0.0559673
3.09612
3.52284
-8.62918
-0.316262
0.492699
0.846299
-1.59892
0.644396
0.99205
-0.779355
0.151534
-1.06824
-0.0334752
-0.394943
-8.29893
-0.0289951
0.261405
0.906636
83.4892
-0.396885
-0.301328
0.325981
-0.775851
0.617529
0.0596293
-2.42972
2.98202
-1.83691
0.0160833
-0.620849
3.32908
0.358691
8.50354
-0.0103483
-0.137862
1.11097
2.28104
-1.58367
3.03757
0.00312278
-0.238613
5.04535
-0.76328
-3.8499
1.24464
-0.118781
-0.342867
-1.34144
32.9875
0.599971
-1.02761
-0.0930923
-3.33062
0.0061492
3.34222
0.0290131
0.089018
0.195779
-0.316548
-0.685976
-0.189772
0.856366
-0.317707
0.485149
-0.549784
-0.520664
-3.52631
2.25875
0.868622
13.4912
-0.369283
-0.666635
0.322101
2.43939
-0.0963857
1.21851
-50.3544
4.17193
-0.643358
-0.0351015
1.23785
-2.77015
0.55276
0.76318
-0.668134
-0.883888
-1.14321
7.76332
-0.725048
-1.37216
1.19672
-0.723113
-1.60499
-1.4908
0.927098
-1.26092
5.23338
0.52551
-3.7225
-196.391
2.1573
63.059
2.12127
0.268134
0.834615
-2.83846
1.85204
-2.08731
1.60114
0.775896
1.44721
0.348612
0.519042
0.273811
2.73123
-2.17295
1.03054
-1.49477
-0.0123282
5.88058
0.0370229
1.47978
1.98331
-0.609422
0.897112
-1.03116
0.587634
0.0349428
1.82656
2.35729
-0.568161
1.12744
-1.12769
47.0854
0.260622
-0.337087
1.00085
-0.566367
4.51448
-2.20028
44.0018
0.687314
-0.273473
-0.201268
0.473367
3.70124
1.69506
1.83382
-2.32598
-0.305751
0.173059
0.377756
-0.685826
1.27913
-3.3058
24.0331
-0.499186
0.0462229
-0.0925411
0.0607905
-0.00926264
-0.649977
0.290945
-0.623472
-2.021
-0.167436
-0.929103
1.21441
0.818561
-1.6938
151.446
0.438299
-11.6523
-1.2421
-0.475329
-0.430833
-6.91491
-0.20518
0.0727461
3.47934
1.09799
-5.46425
-1.89881
1.85624
-2.73536
-0.142842
-1.12594
-0.385293
1.32232
-1.66073
-1.41611
3.32255
-2.26691
-2.6791
0.73393
1.44746
-0.560549
3.01584
-2.69463
-7.39031
0.271285
-1.09884
-2.48024
-0.821804
-0.503846
0.310795
2.19728
-0.658056
-1.4674
-4.83903
-0.776385
-2.40836
-0.0585855
0.0520241
-0.635924
-0.523909
1.36533
0.359132
-5.32573
-0.637887
-0.21466
-0.860307
0.297641
0.480412
0.230724
-0.591231
1.54377
1.55516
-1.84435
0.198676
1.02775
-0.70936
27.2748
-1.79315
0.363183
-0.244541
-0.535069
0.100533
6.56871
0.097247
-2.94845
0.252031
-2.28943
0.885357
5.3474
-0.0366365
0.540779
-1.47114
-300.24
-0.429194
-8.54304
-1.79302
0.602706
0.808414
0.116836
0.585776
3.44795
-0.537874
2.16387
4.39585
-2.27515
2.57851
-0.148974
4.95676
-0.996129
0.601064
1.08681
1.60782
-0.818115
3.3487
-0.423796
-0.203531
0.248038
-3.71197
0.143292
0.501197
0.602102
0.078303
0.426307
0.340327
-2.30052
3.23106
-0.715759
-0.637505
0.816333
-0.127188
0.991493
-2.94117
0.632273
-0.794015
1.17367
14.3866
7.92335
3.17334
1.3188
36.1146
1.65961
0.134986
-4.15069
-1.00873
-2.58663
0.441737
0.355724
3.04953
2.01163
-1.59364
-1.08873
0.486278
3.90408
11.7238
0.729558
-2.59961
3.13986
2.70379
12.1483
-0.643371
1.32138
-5.09231
0.236592
-0.88345
-7.52656
-0.345482
0.275036
-91.0788
0.575788
-0.503597
-0.269522
4.42638
0.650062
0.715584
0.992141
-0.348857
-0.135857
-1.30676
2.01515
-0.222749
56.5161
-0.435356
0.643034
1.15696
2.28211
1.16849
-1.06808
-2.26434
-1.65428
4.13669
0.364991
95.4674
-0.25016
-0.893298
1.18613
-4.51182
-2.67571
5.24784
0.521788
1.00397
1.11018
0.524029
-0.171767
0.752276
-8.07354
-3.20884
-0.181601
0.303671
-1.04609
7.60837
-0.871693
0.549675
-3.33852
0.483622
-0.0396972
0.321277
-0.743988
-1.03885
0.613319
2.52783
1.6738
-0.93087
-0.710547
-0.46191
-11.883
-2.59439
1.05647
-0.71254
2.83591
1.06054
1.71184
-0.544179
-0.0307906
-23.8718
1.69666
11.9321
-0.732826
1.10359
4.49829
0.173153
0.322706
-10.9011
4.17068
-1.22268
0.197552
-2.04482
-33.8658
0.287556
0.391192
-0.0475812
6.39112
-1.88789
10.3689
-0.518276
2.98623
-7.44066
-2.14661
7.61175
-3.79214
-0.892314
0.285339
0.584624
4.9466
-0.366896
-1.25168
0.668996
0.448793
8.39561
-2.48302
-0.0743529
1.83136
14.8038
0.332773
1.83859
2.66931
-0.847114
9.16489
-0.242871
4.65415
0.695845
0.11483
0.12557
0.320019
-0.0937599
1.00081
-0.0183436
-2.00642
-6.08644
-34.7308
0.673187
0.35613
-1.86651
0.629611
-0.0815611
3.89934
-0.507533
-0.454313
0.690812
3.65154
1.23001
-0.380016
0.587417
10.208
1.04538
0.387916
0.465391
-0.792827
-1.01942
6.55292
-0.576906
-0.248143
-0.719875
-0.24731
-1.40626
-0.218823
-1.32212
0.633142
1.4384
-0.905293
5.88127
-0.0595461
-0.294312
0.421753
-0.0396156
-0.892845
0.605897
-0.732419
-7.14835
0.187026
-0.325848
-0.14531
34.5409
13.4983
-13.5445
0.0568507
24.772
-19.8777
-1.3504
3.98886
0.36186
-16.7917
-1.64455
5.35478
-1.23712
-1.15129
-0.284853
6.84932
-0.49772
0.153805
0.228053
-0.296559
0.2147
1.11079
-0.616561
-0.581985
-11.0067
-1.5006
-0.0586252
3.11854
0.497222
0.987126
3.86386
-3.27161
-12.4177
-12.7809
2.43681
0.663312
3.23057
0.4984
0.537197
0.0530692
0.232196
-6.04353
1.65925
0.62007
-0.891576
-0.932562
-0.443356
-0.523483
81.194
-1.87018
-0.86165
-0.462529
-1.76716
1.30599
-0.204571
-0.72831
9.41285
-2.74266
0.51272
-0.0731841
-0.63285
1.0532
-3.9162
0.970601
0.556277
-1.32438
-3.65213
0.142509
20.7105
-1.4085
-3.29574
-1.22173
-0.19373
-0.319161
-1.13918
0.703123
0.121312
-0.0466467
3.61565
13.6595
0.98432
2.82383
-0.921883
1.22901
-0.151305
1.83087
-0.66089
1.17107
0.0726654
-0.686194
1.50348
-0.878406
-0.240248
4.2851
-1.35458
-1.2662
-1.29873
-0.409868
-0.0626744
-0.592241
-2.03841
-1.99549
-2.42235
1.09149
-11.3748
0.447011
-28.9069
5.56387
-1.20927
-3.08839
-0.181955
3.11671
0.948551
3.78192
-0.65333
4.78446
-0.697636
0.806053
-0.163181
-0.205661
-0.0070152
-11.9397
0.376677
2.41251
-0.502054
0.546608
-0.331846
0.684366
0.707969
-0.505172
0.924406
2.34457
3.65388
18.6046
0.46973
-1.58402
1.40468
-2.7852
-0.713787
0.463848
0.37292
0.0469964
-1.83692
15.7395
-1.45676
1.31713
-0.0806783
-0.1261
-0.0245004
-0.524224
1.12935
12.1015
1.88999
1.345
0.278579
0.530164
3.91183
0.742302
-0.391448
0.0112542
-0.184547
0.350522
0.660753
0.591056
-0.534668
0.113821
-1.16088
-0.68062
0.22874
-0.22212
23.4021
0.387116
1.94589
9.67545
1.34125
8.64908
-0.211266
-0.312859
-2.61297
-1.15582
0.662302
-0.190646
-0.667342
-0.0711641
-0.286435
1.26955
-0.457458
0.607397
1.94873
-1.20898
4.12978
0.352455
-1.86778
-0.410166
-0.107955
0.858597
-0.818855
0.203174
-8.1964
-0.769233
0.215016
0.926833
1.32851
2.7109
-0.984777
-1.21383
0.649853
0.175861
-0.128797
-0.345563
-0.434411
-0.524523
-0.658254
-0.0169565
-4.78384
1.60665
-5.66399
1.30423
-0.34657
-2.16203
1.4847
0.175512
18.2083
0.194281
17.2093
-1.77138
1.29237
3.58589
-0.179245
-2.98914
0.575168
-0.379655
-0.833751
-7.07661
-36.7524
-0.101953
-0.48237
-9.54867
-2.08671
0.824862
0.062215
0.520172
0.19487
-3.00667
0.212165
2.971
-1.90586
-0.329064
52.9176
-0.74321
0.670636
-0.0269748
0.338444
0.239867
2.50288
-0.687605
2.14386
2.14443
-2.16128
1.62615
-2.24312
0.404797
4.70112
-0.19085
1.03395
0.633233
-0.156103
0.0538822
10.2368
2.0845
1.21563
-0.575117
0.0257415
-2.06765
0.219995
1.27337
-0.563451
0.608641
-1.52669
0.326747
1.01853
0.870661
-1.28553
5.31187
2.56793
0.91432
0.103502
0.0881259
0.525087
0.0467661
2.2085
-1.78538
21.5547
0.323412
0.0712546
2.91813
2.43527
7.58298
-39.7262
1.95791
-0.407577
0.421613
-0.370137
4.83674
5.62891
9.4771
3.60806
0.333503
-1.28856
0.0548829
-35.753
1.54859
0.868585
-6.79065
-0.332733
-1.28079
5.6662
-0.564916
1.91204
0.186358
0.389099
3.90784
2.50955
-0.202318
-0.536206
-3.23786
0.650486
2.26986
21.7633
0.138988
1.13566
-0.270682
-7.35352
0.183151
0.301954
1.25255
3.18271
-5.42847
-0.0122449
6.09823
-0.609605
0.0441475
-0.177016
-0.831216
2.87296
1.2796
-12.7958
-0.0784781
-0.0577031
1.29601
-0.8605
-2.45794
0.515722
1.16206
0.0586214
-0.485088
-0.158842
1.34245
3.97117
-12.7238
-1.39854
0.0339002
1.13541
2.13675
1.74876
2.88666
6.33759
-0.0026682
1.00951
-2.56753
-1.81207
0.650263
-3.9757
1.42514
0.215045
-1.69931
-0.821958
-2.91698
-2.62539
-0.0290478
0.417521
2.11693
4.56373
2.13711
0.760117
-2.80818
-1.3336
-1.06385
-0.888961
-0.423377
0.707891
0.786195
0.924907
-3.06588
1.50478
-1.07736
-0.0389028
0.0671723
1.12586
-0.0156007
-1.19175
3.86298
-0.151609
-1.43562
-14.6897
2.38627
0.737797
0.0175643
0.966193
-0.0713046
-2.88988
-0.742164
0.231471
1.59474
-1.65173
-0.176426
-0.606623
-1.48027
0.245011
-1.67172
7.6694
1.26967
-0.0320377
0.0818734
-0.437796
1.43279
-0.081542
3.15521
-1.28438
0.174023
-4.79869
2.50877
4.4964
-0.402533
-1.41687
0.432653
-2.72856
-0.0373514
0.125497
-0.702225
-0.771887
-0.133977
-0.546491
-0.639915
0.559838
0.282465
0.793646
5.25175
0.991704
-1.18717
-7.80622
-0.21755
-2.20838
-15.1871
1.79612
-1.25772
10.5865
-0.62725
-0.287346
-2.63624
0.495582
1.27067
-0.0964521
-3.69515
-21.8722
0.367942
-1.44715
-1.05753
1.97468
3.72064
0.257006
-8.99457
4.38725
-0.934274
0.18973
0.482019
-1.61649
5.85915
-5.66412
-2.12751
-4.15593
3.23797
0.455261
0.174976
-0.586886
-0.466137
-1.49833
0.177224
-0.385352
2.61449
2.57205
0.452476
-1.96326
-9.23444
2.26608
0.336813
4.91484
-29.7176
-0.568381
1.37709
-0.274585
-0.992128
3.05165
19.1496
0.736136
-0.197353
-0.26769
30.9599
0.0941207
2.09491
-1.01583
-2.67224
3.42143
-1.03672
-2.30479
1.55137
0.343692
1.36703
-1.24553
0.390081
0.138868
0.78901
3.17223
-1.65144
-2.39896
-0.903714
1.36621
-0.519999
-1.36152
3.36543
-1.62698
-0.470748
-1.80307
0.998958
1.89738
0.554795
0.289917
3.72176
8.5253
0.651907
0.460652
5.18351
-4.03585
2.57545
-6.39482
5.43969
0.262111
-3.273
3.12943
3.99427
2.95513
-0.673607
0.213552
0.407182
-1.2911
-0.0663621
0.481638
0.851339
-0.935741
3.63311
-0.0786688
0.0468276
0.327588
-2.52145
-1.53381
-0.789657
-0.762635
0.37577
0.376157
2.20822
-1.60289
0.678318
-11.1662
-1.14171
-0.482644
0.209087
0.75465
-0.0588326
3.91897
5.00988
-3.71555
-12.1905
0.368995
0.246257
-1.52486
-0.351911
0.632102
0.634715
0.398497
-0.66801
-0.384337
-13.0607
0.378618
-5.45911
2.24225
0.305814
0.22775
-2.09512
0.632967
2.26669
-0.0386761
-1.08116
-0.464461
0.754148
1.45227
0.746596
-0.292203
-0.0395573
-0.39096
0.444038
1.63014
2.34439
-0.839601
0.447762
-3.07663
-0.971659
-0.78762
-0.294265
5.03449
1.94513
-0.00657874
0.436594
1.50245
0.326613
-5.32354
-4.14575
-2.37152
-0.0526311
1.11745
-0.778428
1.94277
-4.2648
-2.08318
6.24255
0.605154
3.79073
-0.839771
-1.34457
0.674548
0.765042
-44.1072
0.932686
0.194349
-0.0776792
-0.892601
-1.26581
-1.6417
-0.250018
0.17503
-86.3104
1.09556
2.45522
-0.169735
-3.06765
12.2281
-0.325617
0.556303
1.02268
4.9417
3.63602
-2.13842
-1.08495
-1.37316
-0.571968
0.503701
2.68555
-0.00574788
3.30048
0.807518
0.221498
-6.35621
3.73667
-17.0222
0.882989
0.777371
0.753093
-1.54875
-0.542948
0.12898
0.0601557
-0.736157
-0.428413
2.28875
-1.16238
-0.240362
0.0477781
-0.772459
-0.560983
-0.0209896
0.109662
0.276215
0.559735
1.81199
3.0737
1.30204
-21.3188
3.85963
0.502206
-0.431027
0.662684
-0.453458
0.0603557
-0.164384
3.93362
-2.58554
-0.300887
-12.4028
1.59424
-1.15748
-2.02755
0.29775
7.76966
-1.19051
-0.183775
-0.369673
-2.84441
1.85584
-2.54035
14.4373
3.5908
1.0074
1.03839
-0.322232
-0.654488
-0.893985
7.9202
0.0081497
1.17716
-2.12453
-27.8517
-1.38236
-0.257687
37.7434
0.592202
0.453245
0.307793
0.275621
-1.82865
0.646656
-0.646492
0.800254
-1.54414
-1.28367
0.289786
-1.03419
5.07542
10.5905
-0.640946
2.67409
-4.65367
0.780787
1.02961
0.2442
-1.47856
0.491487
-0.0892312
1.88269
-0.148841
0.854931
-11.777
0.352296
0.0472436
-0.498103
0.522903
16.5428
-4.09288
-6.34117
-2.62319
-8.84905
-0.687233
0.299394
-1.51444
-0.146626
0.268942
-0.529327
64.3308
-1.7874
0.562199
0.1179
-0.73281
0.146242
2.71952
1.26509
-0.0847168
-0.0642904
2.44204
0.0353374
-2.27838
2.93382
-1.30871
2.98067
0.456425
-3.12349
2.21747
-0.184346
-4.2857
1.90387
0.9086
0.0738693
2.52504
-1.03122
0.0993796
0.505541
-0.767887
-0.45995
16.5045
-17.3432
-4.00498
0.330147
1.51479
0.403651
-5.91374
1.08008
1.16364
-0.150588
0.569368
-4.16431
-0.242924
0.957538
-6.21206
-0.0539089
1.26761
-0.532941
-1.09242
-2.16282
0.386573
1.60513
3.22866
0.657374
0.239193
4.44601
-1.77375
0.378471
-0.71175
-1.63594
-2.73467
-10.3303
-4.50513
1.26022
-10.6204
-0.364528
-2.38294
-0.00716851
2.86853
-2.24571
-2.06003
-0.407319
-2.40189
0.599689
0.48966
-0.446005
127.325
-0.884774
-0.119796
4.89918
-0.859843
1.01825
1.06993
-0.0676323
-1.49735
-0.943756
-0.844888
1.75801
-0.118202
0.412991
-0.360771
1.42435
1.51827
-1.78681
0.214948
-1.89628
-0.573232
0.19073
0.819116
-0.296601
-1.42656
-2.39484
0.995332
-1.91695
-0.370235
-3.62949
2.38554
-1.37347
-0.96693
9.08234
1.83624
0.179955
-2.51913
-3.47085
-51.3647
2.31167
0.219108
0.326916
-0.113599
0.196252
-944.029
-1.06767
0.664407
-0.168998
-0.755282
0.0676276
0.0763002
-5.08612
1.91412
-12.5457
-0.317657
0.253328
1.03693
-18.5252
-0.163393
-2.72168
-3.98265
-0.489987
0.0191458
1.34521
-0.137623
-1.22145
-0.227876
2.20077
1.24187
-1.20541
1.52285
-3.9438
-4.19592
-0.15889
3.67361
-0.826472
3.97181
-0.214862
0.0882581
0.335988
-5.57411
21.657
0.543016
-12.0334
2.45022
-0.0883775
-1.47227
4.33472
3.39119
7.56589
0.137657
-2.54004
-0.193815
0.798534
1.01547
-472.083
-0.945848
11.2356
1.85101
-0.883599
-1.72644
-0.473631
-13.0345
1.16359
1.20596
-0.491606
-0.062044
0.44435
0.237825
0.731929
1.44443
-0.718246
1.09142
-1.72825
0.545623
0.741585
-1.06296
4.86974
0.177485
7.83655
0.538485
-0.0127418
1.12405
-0.716793
1.36533
-0.141762
-1.43621
1.15645
1.16206
0.360784
-1.13637
0.400842
0.123697
-4.14819
-1.45793
0.707598
-0.579684
-0.282559
-3.25156
0.43518
-3.106
1.15622
-11.049
-0.799119
1.80156
-1.35309
0.97886
-0.452573
-0.311816
0.500505
0.30896
-9.06047
-0.540403
1.63008
-3.70634
0.423891
0.471602
0.23827
-8.20651
0.295713
1.54885
-0.0738329
8.54004
-22.6342
0.45958
-1.62695
22.7585
-0.875984
-1.14863
-13.7506
-1.01335
0.803996
0.036779
-1.1405
-0.400185
3.56874
-0.259608
0.392043
0.447905
-0.984231
-4.80224
0.650516
4.30691
-0.511305
9.76087
-0.887905
1.46691
0.916297
-1.06217
1.56225
0.971356
-9.01156
-3.66239
0.665043
0.193105
-0.226318
3.69509
1.25542
0.623124
-0.354813
0.760387
0.209841
0.239574
-2.76689
0.64952
-0.163119
-0.188814
-0.619573
-1.2376
0.275709
0.553104
0.083616
10.4256
-2.19484
0.870542
-0.69762
0.39805
-0.36998
-0.770578
0.882243
-0.867525
-1.44546
7.94578
0.386689
-0.450205
1.21654
7.14827
-0.250018
7.45033
0.0804799
2.13149
-0.438035
-4.2162
3.07698
-8.08206
0.875706
-1.39306
-2.80913
-3.14761
-0.308362
-0.379033
-1.08514
0.138966
-5.58513
-5.12881
-11.0118
-0.523522
-0.666722
0.100251
0.701464
-0.146007
-0.911346
0.129976
0.449787
2.22165
0.821968
-0.365952
-1.58481
1.28387
-0.857245
-15.5434
-0.0988449
-1.79203
0.339964
0.988107
-0.141689
-0.24767
-1.24082
-2.64343
-1.45658
1.65085
0.759288
-0.720282
0.585783
0.117102
1.62742
0.429252
3.36806
94.6573
1.84627
-0.208796
-0.946808
-0.0830228
-0.961587
0.221696
6.09303
10.3903
-44.6495
11.9404
1.00904
-30.8189
-31.2311
2.4187
-0.484968
-1.77892
0.101353
-0.549802
-0.546045
0.31456
-0.181791
0.430127
-1.85871
-1.19729
-12.9432
-0.17142
0.820964
-2.67915
-0.853698
-1.48233
0.617501
5.18851
0.0104602
-0.740883
11.2692
3.3223
-1.20058
8.90896
-0.390912
0.350765
-0.863954
0.0688113
0.963189
-10.9468
-1.17002
3.09942
0.583449
0.18831
-4.45892
8.88021
0.368321
-0.234387
-5.29871
-0.253667
1.33565
-0.537069
-0.43252
-2.00882
1.54171
-5.90236
-2.83061
1.06341
-5.23721
2.29096
5.34278
0.474697
0.285718
-0.844808
-0.388287
-0.40582
9.91755
-0.512982
-2.3456
2.83954
-0.0702729
-0.627851
-0.00347963
0.998368
-1.30208
-0.153493
0.942444
-0.676298
-0.661456
1.61471
-0.501376
4.69851
-6.78527
-1.6489
-0.67976
-2.56331
0.281889
-1.61509
0.27958
-0.432418
-0.765563
-0.327428
-1.51279
-1.61412
0.389327
2.41009
3.22896
0.302299
-0.122989
0.382823
-0.875314
-0.208102
-0.390746
6.42089
-2.81221
0.4768
-0.0273059
-0.998788
-1.0998
2.99981
0.0121934
-1.48871
0.00689131
0.143887
0.942576
-2.07005
-0.218345
-0.555089
-0.0230128
-2.69653
0.367002
0.469636
0.45228
-0.343367
-1.8582
-0.264246
1.10048
0.439767
0.441079
-1.51009
-0.160868
1.16293
-0.188455
1.31383
-1.33131
1.9455
-0.561964
-13.774
-0.473635
-0.900013
-2.12215
-0.638784
-3.94373
0.374332
0.202511
-0.399845
4.84196
1.54968
-0.258362
-1.92489
-3.00898
-1.3625
0.315043
-2.51993
-0.865502
-0.677137
0.989643
0.833483
1.42026
0.40747
2.40961
-0.456075
1.10503
-0.430669
0.541788
-4.36563
0.409493
-0.408125
-0.549514
-0.25595
0.917615
-0.513538
0.772445
19.2641
10
-2.58917
1.3666
0.887163
-3.97521
1.31754
0.529359
-4.53438
-1.26245
-5.10527
-0.162569
0.363831
-0.832935
-1.83463
1.10464
0.935865
-8.44195
-2.40127
0.998988
-3.66163
-0.725462
-2.78346
-2.05183
3.89869
-0.622172
0.753187
-0.821487
-1.02012
-0.780383
-1.36337
1.10397
0.484637
0.841323
-0.862165
0.0364779
-6.47374
1.64859
30.4272
0.253925
0.368048
0.982875
0.469614
0.994014
-2.77943
0.960163
-0.131739
0.827852
922.948
-2114.82
-7.03104
0.124637
0.47364
0.0641055
0.325263
-1.08591
-0.491374
0.816785
-0.341723
6.79322
-0.691599
-0.515211
0.644336
0.557699
-0.0666044
4.57924
0.00176679
-0.866086
0.301428
-1.20952
-7.28991
0.563504
-1.16612
-1.84305
-0.00319121
-1.13694
-2.44365
2.00792
-2.02523
2.00103
1.00472
-0.955433
-1.95256
-0.311965
-9.70161
-0.504088
0.667226
3.58927
2.06994
-0.0408366
-3.05295
2.01267
0.453982
0.124061
-16.3369
0.810896
-1.64374
-0.33772
-1.48123
1.01028
1.75156
0.381167
-0.233756
0.268015
0.461122
-1.44531
-0.246956
1.26441
-1.7608
6.12981
-1.65472
-0.00299549
-0.150462
-2.98918
-0.00683467
0.269302
-2.88588
4.9563
-5.48232
5.51074
5.81173
-3.45507
-0.463393
0.547768
-0.111458
-1.00649
0.225814
2.12275
-0.051705
-2.83181
-5.39644
-13.6838
0.33499
0.422681
-0.359663
-0.775158
-0.237126
-24.8149
-1.77343
0.0205931
3.64251
-1.30594
0.786232
0.899364
-0.944903
-0.149296
0.392913
0.95917
2.55428
-0.0878904
9.06586
-22.7418
-0.0519882
-6.68158
-0.0261714
-0.149952
-0.788648
0.667561
25.5436
-2.12021
-0.470421
0.0214933
-3.35317
0.273863
21.793
-0.0297119
0.11649
-0.136883
-0.509
-0.284692
-0.6404
53.7175
5.17682
9.60357
0.65877
2.07581
-0.796522
0.352871
-0.122621
1.92795
-0.00730732
-6.34198
-5.61265
1.98839
3.03368
-0.816102
0.0117217
0.843868
-1.07906
1.27596
3.60516
32.6493
-6.97669
1.45457
7.54687
645.701
0.184041
2.31953
0.727759
0.279854
1.5079
-0.370159
-5.94403
-0.202866
-8.38845
-4.52515
-3.39224
5.54696
-0.67733
2.34112
9.37083
-1.03842
2.96137
0.5344
1.54172
-62.3649
-0.521152
5.00117
-3.0381
1.11975
-1.46147
-0.351279
2.2091
-1.15262
19.4724
-4.34668
0.756092
1.98462
-4.14549
-7.53286
-0.652108
-1.78859
-0.0818565
-0.487913
-1.19345
0.208641
-0.517958
1.70716
-1.08112
1.21485
1.8227
-0.0838601
-0.748447
0.534524
0.956326
0.999535
-0.835517
-10.2853
-0.265457
-1.74133
1.47324
-2.50372
0.22581
-0.585539
0.377894
0.441125
0.315955
-1.09565
-0.0727539
147.133
-0.169107
0.287899
-1.86778
0.771105
3.8216
3.84075
-13.7219
-1.45432
10.3145
-6.71085
-0.106977
-2.87441
-0.43964
-0.331515
-1.49547
0.089329
0.495874
-0.956651
-3.44727
-0.362786
-0.214091
-7.83724
-10.2777
0.160912
-0.0858303
1.02034
1.814
1.07205
-7.51136
1.7585
1.13892
2.24917
3.95848
-0.486362
1.2204
-0.59396
0.399361
0.260452
-0.479266
-2.84072
-1.21624
2.277
-1.79888
17.0307
13.0574
2.21166
-1.76687
-3.05175
-0.707959
4.17964
0.6697
0.616038
-1.23148
-0.510278
-0.418874
0.566283
1.8137
-0.578868
2.42037
-1.05549
-1.13771
-3.22954
-0.100239
6.5274
0.511346
0.205815
2.32493
5.08066
-1.02992
3.28754
1.20512
0.0545809
-0.437456
-0.104298
0.790678
-1.95254
-0.402784
1.01823
-0.548517
0.0680962
-0.0122816
-1.50229
-2.90853
-5.14708
0.1596
-0.0101691
0.896183
1.83291
1.07362
0.105604
1.52388
-0.0679744
-0.933573
0.289332
-0.0941454
1.64672
0.315084
0.59345
-0.904353
-0.417571
-3.03886
4.10794
0.0824418
3.59594
0.544998
0.401514
-0.716548
-2.4879
-14.2093
-0.595438
-76.0228
-0.199844
-0.517545
0.0520658
1.02914
0.457194
-4.91402
-4.16841
1.71003
6.4264
-1.42195
-0.412677
0.725196
3.89859
-0.607614
-0.335631
0.637445
0.241689
-0.262255
2.85176
-0.341019
-0.22298
0.566725
-0.0738246
0.308849
-2.51761
18.9934
-0.614857
3.75176
-2.37141
-1.37145
0.367363
0.614132
-0.158755
-0.752629
0.499999
1.8197
-0.211963
5.14456
-1.92826
-0.182214
0.840503
-3.64612
0.710976
5.08703
-0.65244
-1.18664
-0.167041
-0.482267
-1.77057
-2.34553
1.49443
0.268751
0.736649
-0.580005
0.591225
-0.483986
11.8094
1.35511
0.0410648
0.134731
3.09048
-1.0236
-1.39124
-0.00818882
-2.38589
2.38067
0.970075
-0.785748
-1.09542
2.70051
-7.71488
1.31436
0.066801
-1.21994
-0.837726
1.26438
-3.59645
10.6735
0.0630187
1.55667
0.290992
-82.5235
-0.390979
-0.447658
-1.18355
0.375233
-52.1578
-5.57094
0.33793
0.286429
1.07218
-1.3132
-0.789746
-0.920802
-0.625113
-3.05552
-1.2006
4.76199
0.356602
-0.942461
-2.42383
0.617134
0.795846
0.0597013
1.42865
0.410755
-0.537851
1.41988
2.25992
-2.10129
1.72798
-2.68031
1.17174
0.0420626
0.272019
-0.347477
-1.63357
-1.05582
-2.75258
3.48857
-33.9763
2.08867
0.107061
-3.90808
-2.19574
-1.19166
0.136666
-0.569667
-1.29834
0.0364498
2.62806
-0.0336535
-0.716608
-1.31553
0.883329
-0.600003
0.339713
-0.00920321
1.11845
0.926144
1.18574
-1.46656
1.8448
0.550796
-0.724549
-0.630197
3.18749
-1.90404
2.12453
-0.977427
31.6107
-2.93346
-1.79524
0.249709
-0.528832
-0.338524
-0.850172
0.965006
-3.00058
1.37845
0.523173
-0.680164
-1.78927
0.259155
-69.8374
-0.874837
1.57786
-1.63268
0.053137
-0.152728
0.230492
1.27626
-0.0713246
0.104191
10.7878
0.314422
-0.80615
0.537167
3.04315
-2.16148
-1.28314
1.1817
-0.00289246
0.145291
-15.9225
0.220692
-10.8505
-12.1172
-0.346036
-2.61955
8.48666
2.4262
-1.25022
-0.531038
-0.135682
0.454406
3.57803
0.637172
-0.525365
-1.43037
-1.42834
-7.08599
0.713883
-0.0581236
6.0473
0.52847
-0.458084
-1.60666
-9.22991
0.30883
0.39238
-6.35276
-1.6614
0.482072
0.13187
2.42302
-2.61814
-0.141704
-4.20888
0.954015
-3.73897
0.121761
1.11504
1.16291
-1.17195
-0.663127
-1.98902
0.502252
0.12627
0.296326
-0.577401
0.13689
-2.5077
0.698815
-0.986589
-0.823345
-1.05071
0.821312
-0.988781
-1.22615
-0.416545
0.112152
1.12868
2.23768
0.592338
0.116185
1.27728
-7.97312
-1.0086
-0.314292
2.75305
-1.09856
-2.68201
-3.65815
-0.395523
0.560043
-1.16875
-0.594647
-3.27594
-0.034054
-3.15682
10.3901
2.76946
0.0453393
-0.568695
-2.16275
1.11584
0.417864
0.897116
-1.82493
-0.0164474
-0.178903
-3.30955
0.00848218
-14.5755
-1.0527
-0.451803
-2.92576
-0.233196
-1.279
1.76671
-0.654782
13.8021
0.958703
-0.322134
-0.117913
1.0443
-0.660021
0.288435
0.470206
-0.782611
0.535408
-0.260002
-3.08346
62.9727
4.07813
-0.669286
-1.98431
-2.63043
0.637986
-0.636168
-0.587049
3.89363
0.589406
-3.99752
2.34466
-0.67852
1.43054
0.336227
12.3717
0.295374
-1.43507
-0.229658
-4.14989
1.37997
0.422937
0.664955
12.564
-0.171533
-1.92041
-1.97887
-1.21643
3.41176
8.81233
-1.4975
0.261647
0.58926
-1.66715
-0.775091
0.139597
-2.62329
-3.46738
0.938289
-1.06936
87.8225
-0.793395
1.33613
-1.49061
-0.0225901
-0.216202
-0.507359
3.8405
5.08042
-0.201356
-0.687602
-0.0797814
-0.0209846
2.77784
1.968
0.583376
2.82551
0.375526
-5.15867
-4.11988
-0.449587
-62.2807
-0.0232536
3.53874
-0.16043
0.694948
-0.600642
0.711761
-0.302852
2.947
-0.267479
-1.0416
-0.637925
-0.725635
-0.746223
0.592829
-0.536585
0.134656
-0.354668
1.7212
0.148441
-0.714793
-4.05433
15.3856
0.32084
0.17886
-0.157932
2.48381
-4.53392
-0.156098
81.7971
-0.157222
0.826998
0.437697
-1.38009
-0.720309
-2.40151
2.75536
3.60048
-232.696
0.906918
6.08203
-0.234032
-0.991224
5.62484
0.61722
45.8327
0.864683
-1.41865
-0.0922823
0.834834
-0.107797
-1.30487
-1.32156
-8.60113
0.927514
0.841881
0.213855
-2.51929
0.324811
0.656253
2.68379
-3.18603
-0.366134
-0.232825
-1.88292
-0.730569
0.551572
-1.19907
5.43364
1.05048
3.06354
-1.45068
-0.728872
-0.0839223
0.210318
-0.510884
0.44957
2.03851
0.348196
-0.48975
-0.909876
-0.365126
0.196788
0.573094
-2.41838
7.66436
2.74371
2.11003
1.37121
1.0043
0.149485
1.21392
0.131017
-1.61065
0.0987679
-22.2159
0.881526
-0.429337
1.02235
-1.48414
92.9861
1.5503
-0.706532
1.86184
0.316299
-0.0890922
-2.53159
-2.58178
1.10657
5.29871
-0.162222
-0.630685
0.244554
-0.43752
1.11344
5.76421
0.261357
12.5762
0.20142
0.153105
-0.158746
5.29242
4.86664
-2.43067
-30.6365
-5.44085
-2.24964
0.659515
0.469005
-1.24412
0.066474
-6.78131
2.34917
-0.669115
1.73661
-1.20937
-0.892113
-0.697819
-0.366088
1.01025
0.821595
1.42541
0.524306
-1.00996
-1.30798
-1.26191
-0.920143
-0.604665
8.68703
-1.95098
1.02534
1.23889
0.563061
-8.75194
4.19817
-0.365708
0.825998
0.0602869
-0.570835
0.201176
0.256841
0.314276
-1.65708
-2.45321
0.883264
31.6418
0.984428
0.160323
0.409987
0.443596
0.0994317
3.67582
0.940921
-0.199957
3.30312
9.52854
-0.548883
-4.84448
-1.07719
-0.728816
-0.44985
-0.376966
-0.00904717
1.35986
0.824379
1.60045
0.624115
0.242898
0.123185
2.15541
0.246061
-1.33231
-2.06762
-0.499929
-6.90835
0.522397
0.257815
0.871851
1.69093
-0.248527
-164.279
0.47889
0.113459
0.826965
200.325
-1.49784
8.27479
0.719399
1.40614
-0.965046
-19.2527
-1.20965
-3.67874
0.278089
-0.0264723
1.37771
0.702065
-2.08413
-0.17402
2.83837
-9.63087
1.57434
0.390916
18.5066
-70.0873
-0.213199
181.799
-10.2413
-0.838874
-0.51081
-0.528723
0.0767143
0.00665241
0.426768
0.197549
1.2843
0.127966
0.0827423
0.181322
0.182189
-8.31787
-0.166155
0.679339
-1.30063
-0.306778
1.01619
4.48206
0.517011
0.148206
-0.750283
-0.460558
0.0460992
0.906505
-0.309137
-0.333135
-0.1671
-2.71114
0.792484
0.534697
1.24027
-6.09133
0.335359
-8.65796
3.07845
-1.3977
0.171466
-2.00229
-0.596622
0.0986935
0.342028
-0.232959
-3.55154
0.635954
-1.52548
0.536048
2.59658
-0.183244
0.166576
-0.649383
5.61372
21.4972
0.787577
-1.23831
0.842617
0.0210849
-24.574
2.19079
-1.56259
0.297429
0.0648906
-0.631699
-2.24484
3.87777
-0.191568
-4.05846
0.0534
-0.66707
-0.60804
0.703189
-0.189986
6.91045
-1.74463
2.76873
-5.55285
22.0985
1.89348
-0.637557
9.84518
-1.02315
0.0650081
0.187552
-1.08186
-1.21254
9.76442
0.87589
-2.53921
4.132
0.36941
2.11268
2.23419
-0.15044
-0.292167
-1.08953
-1.30272
-0.0939885
-0.521335
-0.0124912
1.37963
-1.35652
-0.290393
1.45192
0.23854
0.917784
0.560991
0.364102
2.70852
5.59923
0.646616
0.629009
-0.515045
-0.327851
1.46906
-0.148136
-0.578407
1.33512
0.219586
0.749353
-1.69342
0.339426
-0.270444
-0.62104
1.4706
0.487681
0.757251
-2.31084
-0.401937
1.30396
6.19261
5.73633
0.4901
0.445042
-0.0488353
1.35083
-1.14181
-1.05997
-0.742726
-1.62327
1.38642
-0.556632
0.238448
-1.23821
0.423403
-0.434656
2.12801
-3.17776
0.0509276
-0.438889
0.0848531
-20.732
-2.01927
-1.82274
-1.36059
1.1674
0.650053
-0.0675426
1.30731
-0.711162
-0.66614
2.72449
0.230689
-0.378332
-0.899055
-2.87852
-0.362763
2.22915
0.298443
2.62373
-3.72661
1.32223
-10.9751
0.463128
-1.71522
-0.136176
-34.2118
0.0149379
0.10732
6.87595
1.7874
2.65614
0.12685
1.21199
-3.57552
1.64369
-3.23521
4.10686
-3.86513
-1.8335
-3.09353
0.887293
-7.18334
-0.0226139
0.332688
-0.777076
-0.217609
0.284738
12.9562
1.08311
-2.49727
-2.22593
-0.678901
1.41572
-0.581035
0.821711
-1.32983
1.8571
1.04434
-1.85278
-1.11605
-0.826954
-3.07539
-1.65641
-2.11839
0.925616
-1.77582
-0.443951
-2.82937
0.168086
1.66771
-1.12635
-5.29961
0.000917214
1.48801
-1.8819
-5.6666
2.94351
-0.573907
0.792593
0.417349
-1.3521
-9.77389
-0.597608
1.31217
-1.3729
0.234901
1.35517
-0.398722
1.22824
-1.33324
1.29248
0.340224
-0.373256
0.221403
0.916214
-0.840961
1.31252
1.13967
0.808341
0.0188213
2.82875
-1.10739
-1.19058
1.39476
-0.944109
0.884313
12.9594
-1.34801
-0.298914
-1.09188
-0.662193
4.56167
-1.12463
-0.695892
-1.11384
-0.460396
-2.19186
0.574468
-0.876301
-1.60484
-0.51647
-0.563696
-9.00699
0.246769
-0.341142
-0.196228
-0.17019
2.10421
-2.23997
-0.186838
0.467041
-0.146342
0.659764
-0.0363946
-1.04015
0.463149
1.59336
-0.293489
0.603425
167.729
-0.293421
0.427584
0.60559
0.00304179
2.31381
-0.484057
-14.0581
1.01605
12.4217
-5.33848
0.770682
0.128149
0.150511
-0.35872
-0.889588
0.369782
0.2296
-0.491786
0.511176
1.98266
0.406675
0.61369
-0.299556
1.44619
2.57619
0.554085
0.664584
0.108223
-1.54729
1.20964
-15.6062
1.19487
-75.2332
-1.49691
1.89869
-1.20675
2.88724
-4.12388
-3.32269
0.244978
13.3477
0.0766667
-0.241511
0.367092
-2.70119
-0.60204
4.65619
-0.401007
0.00546121
-9.98511
-0.259283
-0.221494
-1.12019
0.401243
-1.4236
-1.00359
0.140653
-8.66849
-4.81019
-3.86444
-1.12455
13.4351
6.56278
-9.98426
-1.07885
1.67075
-0.0445154
-0.254346
0.415429
-1.56005
-0.0432988
0.309013
12.2218
-11.0765
0.601577
-11.6602
1.51724
-0.341394
4.71663
0.632169
-3.86703
0.179336
3.72396
0.139668
-0.732922
31.7431
-283.886
9.1
-1.8653
-8.01218
-0.114574
-0.509165
0.0301805
-0.568482
-19.809
2.16494
1.96052
-0.577242
-0.40248
-4.48443
-1.14567
-0.502133
0.0748813
0.515501
-33.1325
-0.23088
0.530752
0.843114
-0.212892
-3.87929
5.71332
-2.45029
0.27817
-1.91579
2.06375
-0.401152
0.575474
2.61023
-0.608495
-0.804191
1.32535
-46.6438
-0.939013
1.02648
-14.3343
10.5274
-1.21208
-29.9856
2.37447
2.05297
0.228418
0.45345
0.252505
-0.434117
12.8242
-1.98915
-0.366189
0.873486
9.89288
-0.507976
-3.8342
0.05537
-6.07872
-1.56909
-1.01569
1.18929
-7.8544
4.78048
0.542999
-0.0530112
-10.7679
0.059765
2.21366
30.6022
-3.31947
0.125535
2.25169
0.237736
-0.278324
3.43487
0.155725
0.199818
-2.67661
0.257332
-0.976903
-0.923475
0.0972596
0.267922
0.347076
-1.62004
-0.0823971
-1.39767
-0.0684546
-1.16775
1.86819
-0.936603
1.24651
0.756573
-2.98992
2.31447
-1.57753
3.34107
1.55274
-2.71883
-0.324348
1.88984
-5.31819
-1.34865
-0.809196
-0.691398
2.10505
-0.838856
-2.17666
-9.53572
19.7331
-1.48361
1.13305
2.11983
-1.64417
0.441176
0.456893
-1.91867
-1.44517
0.480767
-0.339221
-1.386
-0.076811
0.431232
-6.6666
-2558.3
-0.182381
-0.675949
0.230036
-0.578074
-0.222658
-3.86029
3.50382
3.53712
0.341111
0.996729
0.488565
0.7674
2.58564
-2.88341
-1.44264
-6.95117
-2.96352
-0.523477
0.996582
-0.0908509
-0.161787
-16.232
5.50424
-3.1153
0.173167
-5.90599
0.548256
-0.0760111
1.36326
-0.765668
-0.390917
-0.536928
0.780494
5.9245
-0.0222446
-2.12985
1.37496
2.83172
0.593193
2.37112
0.654408
-0.733579
9.50048
0.14989
0.319371
0.214876
-19.641
-0.114811
6.80488
0.703715
0.107137
-0.421771
-0.134221
1.67405
57.6755
-1.09184
-1.35648
2.0495
0.266518
-0.444151
-0.432969
0.318572
-0.263874
0.66781
-0.459722
-0.992762
19.576
1.70032
-0.848689
-2.78641
21.4654
-1.88979
0.126993
3.10528
0.424192
0.649791
-0.758372
3.91968
-14.5376
0.224551
1.43548
-0.755529
-1.03753
23.287
-0.481276
3.47078
0.08548
0.86793
-0.26519
-6.59999
0.105669
1.3442
2.21935
1.50747
-0.995484
-3.65077
-0.00713596
-0.486955
-0.0363531
-0.457125
-0.00147188
-3.6762
-1.0929
0.478285
0.0468646
-0.559375
-0.803299
10.46
-0.626338
1.32479
-1.43073
1.1701
1.27259
-4.1543
1.93248
1.03537
-0.195916
-5.11073
0.192483
-5.62533
-1.3066
2.42321
21.421
0.684228
-0.511411
10.9012
-3.94722
0.606459
1.78119
0.179162
-1.15969
-4.65096
1.57077
8.56709
-1.40938
-0.271223
4.87514
-0.387256
-1.30396
0.851676
-1.06764
-3.56006
-0.0430905
2.03142
0.924972
1.07513
0.214772
0.087923
0.875219
-2.807
-0.148804
1.60115
1.86461
-1.54396
1.16184
-0.0304523
0.0692819
1.32177
-2.28107
-0.438987
-0.621316
-0.992738
0.124146
-1.00872
-0.741144
0.230612
1.23404
0.767704
-0.459943
-0.259374
1.76895
-0.251951
0.481812
6.26565
0.927134
-0.0575016
6.0908
-17.2391
1.03954
-0.465104
-14.6346
1.79573
0.661257
-0.212069
4.76894
4.16342
-0.611051
-0.525041
4.74833
7.64152
-0.704592
1.53547
-1.00903
0.91589
-0.169414
-2.38411
0.707339
4.53561
7.59267
-0.547385
0.294377
-1.36429
-2.77377
0.10149
-0.643361
-2.02614
2.88194
0.394511
18.989
-0.122968
-0.968574
-0.603464
-0.130366
-10.1033
-0.538511
-0.164825
-0.151917
3.1055
-2.62217
-3.36232
1.49487
-6.67141
-3.60388
0.846833
3.39677
9.28101
2.75394
-4.18422
-12.4592
0.30754
-1.01884
-0.394444
4.04292
0.808974
0.559618
2.37532
0.555663
2.1325
-1.90226
-0.56399
-2.17957
-1.74975
-0.355582
-2.51671
-0.433424
8.76556
-0.911162
0.500067
-0.849242
0.640109
0.164201
-0.311416
1.35758
1.40648
-0.736653
0.463758
-0.441838
-1.87485
0.794786
0.0443005
1.27841
-0.0226219
-2.77687
-0.569525
-1.05386
-8.32026
-1.48929
0.00962374
-1.26732
-2.80253
0.022161
-1.84611
1.0981
3.35208
0.264683
-0.236228
-4.83494
-1.15325
0.346325
-1.12208
-1.17216
-0.921627
-0.625105
0.986639
-0.128822
2.74401
0.592566
0.350046
-32.6666
3.13856
-0.156306
2.34344
74.0994
-3.98545
-0.176805
-2.27826
2.07962
16.0432
-0.296132
1.42998
-0.132633
-5.84761
0.338038
3.45077
-0.355632
-0.335911
-1.04851
11.5937
0.918638
0.134289
-0.677624
0.380884
-1.89845
0.610808
3.42648
1.56809
-0.292488
0.725165
-3.50344
0.293273
-2.86935
-0.903976
2.17976
0.954921
0.971489
4.06329
-0.693647
0.90539
0.47107
-0.0645128
0.10695
0.628912
5.17985
-0.929497
0.488393
-2.56616
1.87088
0.311995
0.173989
-2.42085
-0.463114
-1.48961
0.401018
-36.2443
-0.46934
0.895674
-1.54316
1.37498
-17.9204
0.0260585
0.527264
0.572631
-1.17507
1.23341
0.52725
0.997287
3.85285
-0.421712
-0.0048501
0.191082
0.313769
20.1421
1.96061
0.237035
-0.0288424
3.2537
2.12497
-13.6337
-0.121519
-0.565621
2.79976
7.07216
-28.4967
1.38423
-0.119591
-0.881144
94.9143
0.119753
0.536651
-0.601446
-41.9934
0.609433
1.29085
9.24812
-4.03366
1.89021
3.99986
-3.63617
-1.69958
3.15133
-1.32969
0.0830321
1.09787
-8.623
0.957376
0.317199
0.520412
0.743966
1.33745
1.02367
-0.867789
79.5205
1.85273
0.299271
-1.90932
-3.50594
-2.71105
-4.06098
-1.99042
0.161325
-0.510746
-0.214667
-0.6881
-0.376232
0.383511
-0.263446
-0.741399
-1.25614
-0.0504482
-28.325
1.14501
-4.11255
-0.538653
-0.0978499
-1.24984
-0.487326
0.23854
-0.651516
-4.09726
3.41413
-90.9422
-0.0239131
3.68237
0.770636
1.71644
-0.224929
4.37966
-0.714432
-2.97048
-5.73164
-4.50111
-1.14291
0.562488
-0.538467
1.68576
144.882
-2.40162
0.668798
-3.05006
-1.0766
-1.49975
-0.133339
-8.18709
-0.486412
-0.925181
0.0149779
-1.52723
0.874718
-13.3882
1.78306
-0.273753
0.926172
-0.551386
17.5235
-1.77793
2.0073
6.44076
0.566889
23.0566
0.777862
5.50821
4.4851
-4.08531
-2.07379
0.341945
0.172168
0.0936491
-2.17191
-0.0709085
-0.730628
-4.12378
-0.283062
-2.44359
1.82719
-1.54703
0.247816
-0.0726044
1.17797
0.114036
3.54011
-0.678325
0.804102
-1.6671
-0.278956
-3.46574
-0.560187
-12.6001
0.197576
0.281867
-0.77619
8.4053
0.850056
-11.8483
-0.473509
-0.69935
0.0534321
2.49796
0.948676
3.16341
-2.09918
2.03366
-0.819596
-0.587811
0.0723632
7.71876
0.797924
0.0918434
-2.30535
0.50302
0.417264
-0.294983
0.300184
-1.98483
-2.40425
5.07843
1.5406
-0.406516
-0.255586
1.4802
-0.220727
-3.96811
10.3416
0.367795
-1.05619
1.69701
-1.79711
-0.504088
0.461543
2.63201
-0.0466426
0.503948
-0.491361
0.30953
2.30895
-0.988662
0.807498
-0.805621
0.635943
-1.04425
-0.829121
-0.403193
2.85605
0.298803
-1.73258
0.348771
0.310687
-0.125581
0.460073
-0.348966
0.296373
-1.53137
2.39368
-0.579864
-0.599939
3.17939
0.530174
3.90272
-0.803
-6.49088
0.852711
-1.24207
0.129137
4.45181
-10.8894
-7.81466
-1.93258
-3.43779
-1.28416
0.847007
2.05271
0.445451
7.5802
42.2673
-0.956444
3.12245
-0.53232
-0.54715
-0.966112
66.9023
1.41907
-1.16973
-6.98471
4.74556
-1.78617
-1.55491
-0.251276
-0.534607
-3.22548
-2.52259
2.28448
0.24553
4.47688
-4.89997
-0.789477
-18.8555
5.30681
-0.669285
-0.512016
-5.59936
2.57553
-3.70933
0.109943
-0.928922
0.186484
2.09415
-0.548812
-0.781885
0.086295
-1.08537
-0.130715
1.81651
-0.0737571
-8.53442
-0.308861
4.47968
-1.4812
-0.134872
-3.73223
0.829534
0.423971
-1.5264
-2.37846
-1.09594
0.296112
0.637526
0.853099
0.0155212
1.52485
0.171257
0.740169
-0.721853
-0.0446395
-1.58488
0.202046
-2.63095
-8.48742
0.68503
0.133041
0.174985
0.728411
-8.93915
-0.617942
1.01663
0.852015
-4.9165
24.8761
10.4952
-7.58003
32.2839
0.486205
-3.13818
-1.77338
-0.427836
31.875
0.405216
80.7352
-0.744849
1.46693
-1.65048
0.540002
-0.144943
3.34559
0.101251
-1.36885
2.86819
0.945313
-6.6931
0.561116
19.1757
-0.895095
-1.90175
-1.19241
-0.307738
21.8304
0.148924
0.2663
-0.810133
-0.13846
-0.514207
-0.387631
-1.70195
-4.08303
-1.4845
4.83153
1.20246
-9.3385
0.193741
1.78264
0.0514345
-0.386908
-0.391455
-2.5567
-0.924575
-0.148811
0.464155
1.44286
-4.28266
0.195689
-0.594154
0.0292748
-0.0634066
-4.04764
9.05533
3.31076
0.171123
0.458558
-0.866715
19.7115
-0.0825451
-0.252191
-0.912605
0.140651
-2.51715
3.19158
0.982159
-0.353216
-0.565493
3.09643
-1.65806
-0.207891
0.0493531
2.77062
-2.51503
4.25196
1.58589
3.09659
-0.625654
0.45196
-0.122835
0.0798533
-0.560314
6.95643
-0.133858
1.26039
9.73132
-0.114114
0.254594
-1.26804
-1.32122
-5.08097
-1.58256
-1.01599
-1.8054
0.814278
-0.578911
1.67208
-2.31483
-1.22781
-2.51011
-1.12963
-0.115126
0.0703639
0.133478
-1.85064
-2.6667
-0.488183
-0.262281
0.204533
-0.0141675
0.764204
3.0833
0.270642
-0.440608
-4.24199
1.39193
-0.253065
13.8363
0.026015
0.453886
1.48112
1.46244
-1.12255
18.9721
-0.658629
0.817254
0.695982
-0.0213305
0.305971
1.88438
-3.54616
-0.43454
1.35717
0.109087
-0.834882
-0.430504
1.03141
1.20718
-11.2788
-0.470609
-1.05579
-1.33569
0.346427
-0.270541
0.0304179
-1.12273
9.7138
0.648574
0.796601
-0.0569196
72.203
-0.110798
-1.00976
-0.357704
-3.00643
3.54609
0.272204
0.894311
0.294245
4.87951
-2.64488
2.47146
-0.634527
0.0967347
2.19084
-1.12946
0.399214
-1.79402
-1.14248
0.238749
1.38352
-2.27438
1.74184
0.274043
-13.6244
0.53854
0.890803
-0.251822
-2.89712
3.8618
3.70524
0.409948
-0.396158
1.04433
3.1466
-4.58712
-0.216406
0.166135
-3.60561
0.147444
-0.946063
5.19088
-1.9649
-6.86625
-0.704841
-0.434949
2.88989
1.26717
0.106242
0.839793
-0.438187
-0.808693
-0.0883396
-0.34965
-1.51545
-1.43742
-9.94469
2.37205
-0.508309
-1.03572
0.407333
-1.04503
4.82722
0.430644
-0.107902
0.684786
-1.41082
-1.34775
-0.930546
-0.0954765
-2.4539
1.17957
0.111399
0.798598
0.67073
6.94362
0.546751
94.0111
-1.35757
1.35689
-3.8454
-0.0199348
0.580432
0.889272
5.17271
2.69966
0.464091
-0.278222
0.197193
-2.59476
2.27276
10.1216
-0.799339
0.823194
0.485773
2.60353
12.9215
-1.94021
0.736134
-3.71505
-2.96715
1.16889
0.487322
-0.165829
2.10874
-2.55903
0.162222
-1.2414
-1.6064
0.459932
0.992216
-0.0613546
-0.496164
-0.832816
-12.95
-1.11896
1.17869
0.0729008
0.697584
1.87427
0.859119
-0.278473
-0.420937
0.510462
-1.40646
0.943082
-1.31864
-1.16672
0.587596
-3.92383
0.626621
1.63339
-0.944733
-0.441353
0.386736
0.954564
-15.0722
-0.865229
0.529239
10.4487
-0.100706
7.71282
-0.929653
3.19547
-0.225934
-3.48055
8.57882
12.2007
-9.85637
-2.25053
0.0238034
-1.80343
0.415887
-1.60335
18.1247
-1.38578
-0.607665
-0.973209
1.23399
-26.2688
-7.37594
-0.282288
0.560734
-0.295652
1.34913
-0.416584
0.357302
0.605753
-0.514669
0.0670278
-1.25778
-15.844
9.1517
3.64016
-0.081853
-62.5825
-3.69515
1.9563
0.739819
-0.24069
2.131
0.070043
-0.821434
-1.00669
-3.39412
-0.448046
-0.205014
0.147682
4.72
0.177979
-0.777992
-1.07903
-1.10295
-0.0761987
-4.5674
1.28147
-1.33565
-0.459904
0.10555
5.87085
-0.519189
1.52199
0.463024
-0.159478
-5.14163
-0.413833
0.777653
0.144107
-3.57428
1.9268
-0.396136
0.0216794
-0.0721447
-0.887385
-4.99382
3.2793
1.40844
-31.9312
-0.123671
3.34654
2.04493
0.887532
-0.534595
0.187525
-0.965037
0.180791
1.49642
-6.24198
-1.96899
-19.4643
-0.845277
-1.16351
0.0803463
-0.510658
-0.139493
-23.6952
-0.845682
0.407635
-0.944065
-1.40172
-5.41156
4.51255
-1.62561
-1.55048
-2.54654
-4.3326
-2.15173
-1.13943
2.68318
2.48751
-3.05156
0.307582
0.797121
0.583881
-0.759541
65.725
0.992275
6.86321
0.182237
4.02485
0.573795
-1.10997
-0.664366
0.157748
-19.384
-6.79537
0.779455
0.0560741
0.521539
4.79213
0.158675
-0.287067
-1.55394
-7.5738
0.586274
0.0965441
0.944535
2.10621
-0.192455
2.94545
2.78592
-0.0331202
0.881694
-0.392722
0.0344694
-2.029
-0.0703711
-6.02841
1.1016
0.330704
-0.430996
-0.65247
-0.00230573
0.506306
-4.22321
0.281679
-1.01288
-0.270909
0.225433
0.468518
-0.785505
0.230296
-1.62333
-1.13483
0.904451
-8.98886
-0.752438
-2.60825
2.18712
0.501817
2.05049
49.5009
-3.4197
-218.112
2.68985
-3.14523
1.13894
-1.61453
1.05614
1.61485
-0.041453
-0.27834
-0.604753
-2.22095
4.56726
0.225377
4.8081
14.1091
-0.643375
1.60839
0.320836
-0.365693
2.73156
-2.85115
10.3033
-2.0148
1.22933
-0.151631
-1.39046
-0.528873
-1.57631
-0.262415
-1.40696
-0.00158054
-2.02555
-0.349926
9.13047
-3.19102
-2.07639
4.39868
-6.47514
-0.000916546
2.77807
-0.0854365
1.7524
-1.65041
1.49787
1.29712
0.535564
1.23117
3.37853
0.858719
-0.149501
0.767129
6.25834
-3.0659
2.2451
-2.1028
2.80298
-5.0354
-0.512993
0.122403
3.27355
2.89116
1.17287
0.272634
0.392496
1.1992
3.04462
-0.498588
1.47505
-3.89198
0.155014
0.461274
-0.278091
3.72907
-1.97744
-3.58036
-1.08248
1.42395
-3.89822
0.141954
-40.9267
0.364624
-2.5789
-0.232984
-0.953453
0.0844529
1.93971
-2.97411
4.38266
-3.02533
4.06043
-3.59727
2.46597
0.463151
-1.45811
-0.651861
1.72016
5.31583
-0.524818
6.06439
0.320645
-0.279308
0.503967
-5.79509
-0.286877
-0.449809
-0.552788
0.217042
-5.39745
-0.481063
4.94562
-2.64915
0.57183
-5.13907
0.623153
-52.5949
-0.331045
-1.1074
-0.681315
-1.03857
-0.535972
-5.76303
-7.66657
-0.907701
0.136034
-0.963259
-2.48507
-0.283402
0.365393
0.852327
-37.7738
0.94205
-0.240118
3.54263
-0.871394
-2.53111
-0.0510871
-1.66704
-0.532087
0.0222876
0.585405
1.68084
-3.71399
0.902627
0.227391
-0.453915
-7.94698
-0.434749
0.421245
-0.476245
3.67227
0.153418
82.975
-0.851243
-1.94736
-0.250138
-0.190532
-0.199828
-0.707245
0.481568
1.79313
-0.202355
-5.28146
-0.935361
-0.877661
-0.346139
0.654568
-0.185653
-0.165136
-4.28249
-1.60499
-0.865814
-0.760267
4.80281
0.447774
0.260437
-7.78164
0.0999426
-0.895006
1.24011
-0.669935
-4.93618
-11.6053
0.720116
11.2673
-3.79239
-0.1327
-0.38687
5.1869
-3.7811
1.4116
-0.258853
-0.608266
4.88027
0.540058
-45.5084
0.241817
2.19704
-0.87006
0.050379
0.46746
-0.79976
4.91497
1.04644
-0.82052
0.174839
-1.51078
0.586497
-0.503125
-0.663008
-0.418216
-0.293493
-99.5463
-0.253964
0.587526
-0.53685
0.597816
1.40006
-0.848286
-0.0395953
-1.14338
-0.521287
1.21064
-8.37158
-0.631083
-1.75048
-0.531213
0.25979
-5.7098
-2.50222
0.319685
0.74919
0.881316
7.00115
0.648763
-4.93774
0.47254
-1.05858
0.0757559
-1.45515
1.62641
-0.715797
-0.11752
0.246364
1.68604
0.312513
-0.979389
4.38271
-1.8317
0.764703
0.460805
0.288743
-0.179926
-2.28259
-0.149126
-0.154418
17.6524
-3.38789
-1.06592
-0.640667
-1.27669
3.38462
-1.61174
3.53542
9.27422
0.448917
-1.42059
-0.0489022
0.513372
0.673577
-0.0816027
-2.20551
0.472469
0.506666
-2.28379
-0.558097
-14.6368
-0.218007
-1.37492
2.7098
-0.874423
-1.16185
1.81903
-2.19561
0.602356
2.75745
-1.98013
2.89929
-2.41906
-0.150029
0.282139
0.274327
-0.269922
0.332525
-1.39392
-0.242303
-2.02545
2.21534
-3.3249
-0.815647
0.528075
2.16758
-0.0190198
0.93435
10.1259
-0.262009
-0.0465817
-0.279173
-2.18391
-0.279554
1.81403
-1.49694
-1.19315
0.185583
-1.47048
0.00864564
-0.448846
0.138349
0.378695
3.53176
0.265672
1.04053
2.29318
0.166232
-0.179648
2.53094
-0.369678
2.21246
0.200893
-12.5982
0.793996
-64.3392
-0.404651
-0.0610955
0.677601
1.33288
-1.4691
4.98328
1.97691
0.21526
-0.618722
-1.77214
17.9312
8.43716
-0.635359
0.0422733
0.163426
0.281801
0.957564
0.571685
-2.91796
-0.191087
0.168594
-1.38843
-1.8177
-2.21538
3.89409
0.556673
-0.208665
-1.45869
-2.01357
1.12799
0.61885
1.12551
1.71065
0.512724
3.88864
0.204587
-2.76959
0.203574
1.51549
-0.816858
-8.09452
-0.971755
-0.939488
0.376496
-0.641604
-1.77929
1.18825
0.429244
-4.98072
-1.74991
-37.4673
16.8098
-1.97106
-1.55384
-2.42007
1.21656
-0.6522
1.74973
2.42302
2.34869
-38.3529
2.90905
1.87507
-0.610394
-2.26913
-6.69431
-0.426528
20.5845
-2.41282
-0.899858
-0.375512
-41.1008
0.374901
-1.72604
0.6146
1.05161
-4.00375
0.598855
1.39785
-6.88444
1.55222
-0.787399
0.650578
0.615436
0.140297
-0.769468
-0.980301
-0.640238
0.00613845
-1.22628
9.2953
-1.3135
-1.62953
1.65375
0.820086
-0.331556
-0.420566
3.28753
3.04134
0.553398
-0.538963
-0.118538
0.207691
-0.405419
-0.0870536
1.15671
-0.743681
-1.20117
-1.03821
0.605535
-5.13675
-1.29444
-2.21856
2.88723
1.6804
13.1067
0.252984
-0.562627
-1.2547
-0.0781727
-0.0420188
-2.54248
-1.34779
-1.66631
-1.7291
1.29687
-0.476587
0.189866
-0.385332
2.79616
-0.712037
0.327431
0.165145
7.85307
0.805119
0.233383
-2.36142
37.5715
-1.05621
-0.929025
-0.257265
-7.35377
0.107178
0.505852
3.51725
1.84194
-0.0916104
-1.28359
-0.66096
-14.3794
-7.63603
5.63578
1.4276
2.36814
2.75362
44.178
-0.144867
-0.451689
1.82308
-0.84022
-2.84835
-1.08064
1.17194
-0.715846
-3.18186
0.242108
0.3092
-0.918516
1.96027
-0.885507
0.492729
-1.02006
1.68458
1.78249
-0.648543
-1.0239
0.752311
1.05686
0.159129
-0.395433
-0.551374
-20.1606
0.792224
-0.9003
13.4439
0.85965
5.62586
-0.199157
0.0705816
0.125452
0.805129
1.14422
-0.185689
1.69324
1.55138
11.0523
-0.423571
0.0531678
-2.7164
1.29746
0.13736
-3.06523
-1.51134
0.916234
-0.70788
-2.78745
-0.396549
-0.876615
0.669551
-13.8252
0.330717
-3.08664
4.08839
1.58751
6.26047
-0.965116
0.257526
0.252365
7.25823
5.10372
0.250044
0.553554
0.540017
-0.827997
0.151064
-0.575801
2.67674
0.120972
0.210024
2.19986
-0.538242
-1.6154
0.673693
-2.9257
-0.401218
-1.39418
-1.5795
13.0322
-0.175988
-0.58867
0.211724
0.537629
-0.0914182
0.365242
-1.10137
-3.70477
8.79204
2.60496
0.44894
0.741826
1.51465
-2.37925
0.49125
-1.56168
2.02287
6.23585
-2.32979
-0.52058
-0.599225
0.853163
-7.81864
6.86351
0.550184
-0.342046
-0.899914
-0.597058
-1.16742
-0.909766
-0.27639
0.852806
-0.640949
-30.759
3.12849
1.68863
2.31322
-21.6612
4.8721
-0.930605
-0.935234
-2.87382
1.91947
-1.09618
-0.476888
0.759313
-0.583132
-0.719431
-3.17187
0.133146
-0.566275
-0.497363
-9.13585
0.698877
0.598832
-0.159784
-0.130459
0.624465
3.92592
1.82162
-1.0581
0.555622
-1.8521
-0.298155
-3.25326
0.215408
0.134203
-7.22371
0.456654
-5.15804
0.638967
0.199981
1.6966
0.303723
-2.5337
2.13858
-0.488861
-0.213304
-4.27713
2.15156
1.2767
-3.01502
0.34421
0.665431
1.22555
-2.3151
1.33222
1.00614
0.983175
-0.174203
-0.370143
0.863241
-0.236043
0.930334
0.612973
2.48774
-0.566498
-40.0638
-0.00744077
1.687
-1.20267
0.743069
1.9508
0.489658
-0.551635
2.59543
-0.163293
0.268028
-0.0349586
-0.0767024
-19.7913
1.61344
-0.400572
1.119
0.143938
0.374952
0.904371
3.87079
-0.911334
0.51054
0.60534
0.958688
1.10653
1.39944
-2.87291
-0.649741
-0.132978
3.1519
-1.44926
-4.00382
0.379622
1.54959
-0.589094
-0.469469
0.69495
1.29182
-4.86817
-1.01128
-0.227404
0.392998
5.1954
1.07985
0.323603
0.630743
0.0748375
-1.43578
9.56368
1.54087
0.62555
0.241527
1.70162
-0.482355
-0.968601
-0.949989
0.49575
-0.32003
3.21414
-11.1119
-0.198669
0.645193
1.31383
0.443622
0.497304
0.184593
-2.70831
2.00728
2.87067
4.13689
-0.220156
-0.510799
-1.35727
-4.44638
2.93224
-0.555135
4.03754
71.4744
4.59793
-5.78755
14.5443
1.36854
-7.45181
2.08863
-0.656951
0.0591293
-1.2209
-1.61821
0.236803
-0.31635
-16.095
-2.25973
-0.482057
0.639289
2.25484
-0.0341433
0.0795733
-2.13667
2.33997
1.99519
-0.167347
4.59634
-0.167401
9.08277
0.166326
1.6423
0.14123
-0.0580817
-0.338766
-1.88921
1.78354
-7.45739
2.61564
-0.472057
0.309051
-0.216089
0.0683606
0.33664
1.6141
-2.70247
1.5596
-1.17936
1.6739
-0.490157
-0.234728
0.169974
9.33347
-0.303564
7.02748
-0.648871
0.72953
-0.0666194
0.960037
0.325796
2.13261
-5.59644
-2.48718
0.0237617
0.410466
-1.78805
-3.36457
-0.232919
-0.0965786
3.63291
5.6757
-68.2873
-0.309558
-8.01393
0.684466
-0.0993743
-0.14822
-0.390672
0.12619
0.119998
-0.972512
0.782818
2.61891
1.90462
14.1897
-1.85898
-0.637367
0.936123
-0.334325
0.986351
-0.0701214
8.0946
-0.706917
-0.186749
0.761724
-12.8488
1.55119
-0.3179
-0.388347
0.996676
0.658397
-2.0865
-4.48274
1.43035
-0.0350819
8.89227
-0.764315
-13.5399
1.82483
0.309288
-23.1243
-0.186003
-0.0135461
-4.09334
-0.244578
-3.46222
2.17577
0.403462
-0.842504
-2.47031
-0.238227
0.757886
-2.76487
-0.0429579
0.228136
0.0800785
2.04545
-0.0410014
0.126324
6.53506
0.466499
-42.9636
0.136986
1.2805
1.26444
-1.15221
-0.86078
1.04389
0.00651915
2.974
0.532619
2.01102
-0.224546
0.10401
1.25264
3.24128
-3.96175
-4.73674
-96.4518
-0.49271
0.797986
6.75881
-1.61068
-1.25692
-0.248807
4.10879
0.408066
8.20488
3.89032
0.220777
-2.55049
-0.25244
-1.20519
-0.0560342
-4.7119
-2.09417
9.58337e-05
-48.2819
-0.551853
0.0186444
-1.16983
0.884388
-0.0900103
-1.04376
9.69653
-2.93721
-0.526368
2.64795
3.49117
0.154992
-2.06972
2.55336
0.355233
0.571458
-0.67633
0.00473495
1.64006
0.894776
-0.997858
1.97648
0.0869404
1.47568
-1.182
-21.2771
0.0208838
75.565
0.278614
7.5543
-4.33915
-0.196001
-4.12087
-0.0722493
0.965236
-0.137919
-1.55235
-1.38785
0.427968
-0.754096
4.26682
-0.458496
3.74954
-0.0224173
0.973619
-0.372755
0.634687
2.51697
-0.886656
1.02863
1.24458
0.154856
-169.68
-60.1431
-0.789724
0.167609
1.00502
-0.773344
-0.614134
0.277975
6.60628
1.35975
1.15078
1.95962
-1.6512
-1.05528
-0.737742
0.294135
0.0653251
0.221121
2.35507
1.35234
-0.858686
-0.290574
7.09899
-2.74897
0.697174
-0.412373
-0.5738
-2.48942
0.948779
5.69934
14.3008
1.93736
1.99302
0.563707
1.7921
-0.0962983
-0.162658
2.19872
-5.61429
0.525315
-1.41579
1.27189
-4.84194
-3.78395
-11.9
-0.592121
2.82592
-0.672006
1.42999
-0.334095
0.520975
-2.01847
2.67872
1.17441
-0.510292
-0.157367
0.880513
1204.89
0.48109
-0.843934
0.562236
1.21293
-27.2634
-1.15022
0.562341
-2.23807
0.32038
-1.2581
-0.202203
-0.635905
-0.744366
-1.54665
-4.34255
-4.22838
-0.777141
0.631159
2.50127
0.238295
-0.541877
-0.713206
4.05859
-0.1883
0.99281
-0.771229
0.491622
-2.25021
3.18164
-2.29322
-0.113627
-8.47132
-2.09227
-3.01612
-1.3555
0.199165
-0.525894
0.689991
0.747697
-0.169704
-1.23277
17.1455
-22.3737
2.26136
0.47579
0.998169
0.943969
-0.161183
-0.296729
-0.146147
-11.9219
-0.973379
0.597008
0.571874
-0.72254
1.96898
0.593191
1.42177
-0.216334
0.38159
0.773658
1.13898
-0.551307
-3.13172
0.67113
2.20726
0.0976204
0.6402
-0.579642
-7.65108
0.429652
4.76552
1.79313
-0.463827
0.355684
1.30236
-1.17604
-0.0729671
1.32086
-1.60694
5.87421
0.967732
-0.510217
0.930301
-8.74953
0.421163
-5.39246
0.308218
0.824623
-1.80217
-1.04655
-3.72941
-0.999794
0.639402
-2.76863
0.545131
0.753091
-333.78
-0.493905
4.80473
-7.43819
7.22237
-1.22535
3.16079
0.199081
-0.968952
1.32453
-0.522032
-1.88705
0.0356837
-0.541536
-2.27439
4.40563
1.51667
2.96179
0.0672645
1.05122
5.91101
-4.35418
-1.77695
-0.548799
0.082029
-0.763216
-0.696411
21.9391
-0.0667088
3.83869
0.722015
-0.979265
2.72173
-2.99713
-0.812292
-0.120601
1.209
-0.0207911
2.0454
2.8078
-2.86978
0.428818
-12.2173
1.28814
-2.86079
0.335946
-2.42536
-0.43822
4.41552
0.039103
-10.7496
-1.85883
-1.34548
-3.69944
-0.472361
-1.87345
-2.96776
0.730726
-2.54625
4.45851
0.0420467
-1.14805
0.58383
-6.93714
13.7196
0.652393
-0.0102588
0.0711163
-0.857526
-0.736993
-2.36496
0.733018
5.26149
2.33247
1.50137
6.21276
1.94214
-10.4512
0.348166
-0.69417
-0.0609602
3.44592
-16.3038
-2.24745
-1.92213
-0.611846
2.68879
-289.723
-1.53383
-2.10544
1.13453
-0.239497
2.5747
0.381818
0.0143912
-3.05187
0.0915731
-3.50182
2.58743
-1.27776
-1.23835
-21.0607
0.149378
8.49788
1.54328
-1.76686
0.827503
0.408907
-0.318053
-1.97301
2.33204
-2.18499
32.0429
-0.614585
-0.49696
-0.0466453
-0.0668309
-19.6051
0.418544
0.0715578
-0.845037
-6.54209
7.38265
-0.782106
-0.0854603
0.00289871
-3.79151
0.458281
-1.58188
-0.372676
5.66505
0.561146
-0.353741
219.879
0.159399
-1.95805
-1.90418
-0.830539
0.00423278
-0.164621
-0.651541
1.04939
0.151559
-0.463166
-0.406423
-0.662342
0.508885
-12.0055
0.263715
-1.70178
9.00687
1.12532
1.20024
1.18873
-10.6922
-0.311169
0.31137
0.393733
0.290918
0.367511
-1.69085
-0.716334
-5.17212
-5.13012
0.995006
-0.478739
0.825295
0.652583
0.423656
8.33981
1.23446
3.31654
0.434606
-0.890992
-0.028917
0.356904
-0.511089
-2.96395
-2.05704
0.422571
-0.431668
0.195903
-4.47068
2.5175
-44.1076
-90.5778
0.870381
2.45072
-0.442505
1.16384
1.17374
0.461178
-1.80433
-3.90678
-37.0155
1.42882
-4.49319
1.49823
0.734619
1.58436
0.351587
0.136144
-0.977326
8.43689
0.460802
5.43914
-0.507397
1.18524
-0.87259
-1.70103
2.14639
1.72535
-1.09261
-0.0870032
1.99546
-0.170161
1.38051
-40.912
-1.05994
-13.8021
2.07515
4.06023
4.27667
0.508449
-0.964013
0.639534
2.09824
-0.000442618
-0.741175
1.10397
-12.284
-1.81309
-0.0270638
0.244914
2.85071
-0.488962
-5.1014
0.382655
-29.2149
1.23975
0.539796
0.212456
-0.932555
2.48298
-1.15157
6.16429
0.442997
-4.16334
-4.22456
3.59014
1.22161
0.761297
-119.326
3.2747
-0.956818
-0.673227
-2.10354
-0.58473
-0.0968416
0.994022
-1.76323
-1.88689
-1.8043
0.178851
0.477748
0.108069
-0.180915
-0.764527
1.53132
-2.74102
0.131084
-0.477905
-1.42664
-1.46151
1.46191
-13.4884
-1.12005
-1.72463
-1.44821
-0.4695
2.80888
4.88715
-0.358778
-0.102806
-2.91893
3.69613
-3.22613
-0.131245
0.27459
-0.258126
-1.97049
0.258013
2.41517
-1.09809
0.504219
0.0516654
7.20661
-12.7123
0.975318
-6.78268
0.926834
-6.25271
-0.347554
-0.501794
-0.940384
1.23174
-1.07644
-7.69955
-0.883179
1.96172
0.659729
-7.72117
-0.250386
0.341791
-0.506434
-2.27642
0.769641
0.789638
0.630851
0.414876
-0.254922
2.95304
9.21856
0.238732
-0.505396
-1.73101
1.437
-2.1162
-47.9105
0.573188
-7.17198
4.79413
-8.01815
0.787392
-0.664031
-0.295607
2.6504
-2.67283
-0.0692974
-3.07407
3.03546
1.04877
0.70954
370.403
0.451872
0.139559
-1.3414
0.0668083
-0.411761
-12.4059
5.17698
-1.58082
-0.20173
1.11516
7.70054
0.888663
0.135316
0.0445188
-0.0550417
0.236053
3.63226
-4.97046
-0.109914
0.59396
-6.71555
0.276642
-0.561729
2.20832
-2.85355
-0.856132
1.82372
18.3998
0.0503159
-0.0394889
-0.384352
-1.92116
0.704472
0.357955
3.36963
-3.08342
13.3415
8.72435
-0.686654
0.0239041
-0.403581
0.22751
-1.51562
-5.46264
1.49969
-0.101801
0.136841
-1.18634
-0.501832
0.594471
1.0517
1.76493
-0.152195
-0.752774
-1.7873
3.41557
-1.7785
-1.41999
4.4625
0.18493
3.56999
0.893241
-18.638
-2.31409
-2.99579
-2.32131
0.661605
-0.070089
-1.84738
-0.825184
9.79873
-1.09547
1.32996
0.876266
-0.452019
-3.43442
-6.83689
0.0670388
1.00465
16.652
-0.0554302
-1.22654
-0.572371
0.232238
0.81805
-0.340846
0.903496
0.620438
-1.98802
-0.500541
-0.941109
-4.75469
-1.96741
-1.43273
0.171477
1.79388
-2.94747
1.67486
-0.331922
-0.0335768
-3.39088
0.560167
0.809994
3.44397
-0.0806569
3.92928
2.0537
0.991302
0.945778
-1.12566
-0.1772
-1.34728
-0.232161
-0.31605
4.73606
6.30099
-0.16285
0.634821
0.245279
0.796196
-4.57438
0.42594
-19.5174
-9.95122
0.321014
-1.31076
0.431136
3.26079
-1.09251
-0.221811
0.938903
1.98004
-0.98665
1.10245
1.18301
-0.485799
-32.7966
2.77147
-0.73852
-9.22255
-1.47109
-0.830785
2.31491
0.0936293
-0.482087
49.4256
-0.720027
-0.563769
-0.222235
-8.93389
135.04
-1.56695
-0.0759749
-1.64709
-1.157
3.72123
2.51432
-0.391544
5.06416
-7.44108
-2.2205
98.9635
-0.170786
8.0507
1.12801
1.04963
1.97867
0.0150725
0.381032
4.25037
0.0913099
0.257789
12.0374
0.138164
-0.159463
1.01982
-10.6012
-1.68058
11.2329
1.38427
0.11196
1.04627
-0.387278
-0.7722
0.292218
56.316
-3.64812
0.589567
0.433773
-0.67396
-0.546565
14.7498
0.487932
-7.24219
0.554048
2.33012
-0.718854
-3.14765
-13.7521
-1.79698
1.0348
0.304393
-0.511495
1.21024
1.76324
0.0389096
-0.978442
-0.090121
0.617785
0.359313
-7.9986
-0.552827
-4.88974
-0.92921
0.0858309
-0.0696224
-1.72917
-0.558964
7.02545
-0.651821
11.0304
0.235373
-0.345237
-1.58542
-0.23996
1.02053
-0.061663
2.26688
-0.6571
-3.59518
0.697981
0.750177
0.368131
1.30935
-0.27271
0.260202
54.6336
1.69817
0.463796
-1.17446
0.746758
-0.163552
-1.49813
1.49995
-2.25386
0.39604
1.14531
-1.45089
-0.186973
28.0477
-3.27574
0.378955
2.20985
-4.31793
1.22886
-1.18932
-0.838824
1.74666
-0.154214
-3.37738
0.294884
-0.5049
0.0202882
-0.278647
0.526152
1.4076
-13.1879
3.3868
-1.69406
2.568
-57.8251
0.899248
-3.00146
-128.908
0.546008
-0.526322
-3.25713
0.0839632
-0.396412
0.783427
0.347359
-1.28344
-2.31692
-0.424626
0.364407
1.24684
-0.518772
-0.325582
2.84026
-1.36053
-0.400925
0.217449
-0.0569644
-0.789578
-1.30376
1.59506
1.48269
0.00862148
172.957
0.113375
0.901403
2.81106
8.49136
-1.00295
-4.37072
0.994055
0.293377
-1.06096
-0.873851
-1.14738
-0.505722
0.961079
5.76879
-0.492771
3.78723
35.1037
1.5098
0.730608
-0.228993
-0.105994
0.391543
-0.333308
-0.119675
0.874802
-0.37269
-0.711125
-0.480647
-0.594394
0.140942
0.0739094
1.04949
3.61699
-1.58283
-0.339614
0.0887664
4.47862
-0.263266
-12.2682
0.291448
1.14483
11.5918
0.880127
0.551194
2.32162
1.42056
0.166327
-1.11626
2.52134
-7.37661
0.203763
2.08307
0.695623
-1.24901
-0.545389
-0.463696
-1.02585
0.789946
-0.52311
12.337
-0.0134898
-1.44757
0.155725
1.85089
0.79686
1.13801
0.12372
-1.47637
-0.14541
-1.34059
7.28473
1.05193
-0.985644
0.347674
-0.866165
-0.232811
0.534931
-0.152826
0.261134
5.03603
1.13564
-0.450232
-1.26209
-5.8501
-6.46839
-13.7766
0.0371801
0.67732
-0.895695
-0.906869
0.847058
-5.25179
-23.4952
11.7236
-7.37029
-0.249836
3.71439
-1.86862
-0.476255
-0.966132
-2.09895
15.7865
0.44173
0.163942
-6.21454
-0.527644
-0.689897
1.29387
0.309485
0.188808
-1.62211
0.279765
0.594677
0.68673
-0.526392
-1.05507
0.123228
-0.594782
5.90908
1.40379
1.03847
-0.331617
-17.5141
0.309235
-0.465636
0.784675
-0.291182
-1.25151
-1.1624
2.206
-0.18644
-1.06939
0.864806
-0.473968
3.22348
-3.45262
-1.89968
-6.56662
0.119679
0.919248
-9.71049
-5.74303
-2.66397
10.4373
5.96685
4.12863
-15.8678
-1.13646
2.33618
0.385197
-2.13754
-0.339995
-0.202201
1.23544
-1.86584
-1.25107
-0.669474
-467.048
-0.196668
-2.1428
-0.983991
-3.13649
3.22863
0.0853969
5.12731
0.653252
-0.0413484
0.932216
-0.302201
0.798823
2.71353
0.998496
1.84619
0.837826
2.16938
0.971989
1.85748
-1.66499
3.15397
-23.0334
-0.215995
0.56684
-6.34359
-3.38833
0.86736
-0.596896
-0.0288811
0.771358
33.029
-0.318666
-0.455832
-1.93277
-1.8931
15.6585
-4.81483
-0.0398768
-3.46782
3.36546
1.51405
4.15685
0.513615
-0.322131
0.86761
-1.0894
1.03671
0.511846
5.15717
0.294228
-0.836462
3.7798
-1.61048
-0.259037
4.02512
0.254013
-1.58974
0.0586929
0.629867
0.510201
0.846116
-1.23671
-2.69476
-0.268201
0.646016
-0.95292
0.35195
-2.8579
2.96421
-7.06382
-0.0684286
-1.82584
-2.09104
0.319218
-3.09044
-0.559715
2.57486
0.255185
0.10586
-1.68048
-2.35547
0.665726
3.93466
0.212781
-0.33767
1.83089
-2.69305
0.830229
0.239569
0.0975018
5.10407
-3.75533
-2.40091
-2.9765
-0.308045
-0.595218
-2.13467
1.8102
0.382163
-2.0418
-4.37764
0.130108
0.590696
-0.983468
-0.118775
0.666254
1.15005
0.271896
1.21139
-0.727635
1.88353
1.01764
2.36067
-0.0723378
0.365151
1.09164
1.72797
-0.0367787
0.139138
-126.406
1.99909
-1.09548
-0.364071
0.789298
0.853707
0.942474
2.8054
0.176867
-0.762826
0.956353
-0.073844
-0.864074
-0.0580015
-1.12198
13.8014
0.983986
-7.59897
-2.70954
0.272818
1.79495
0.604846
-0.268709
2.67852
-3.07927
0.783815
0.132057
-4.64272
1.93072
4.00977
-1.58098
11.8507
-3.71536
-6.36953
4.63297
21.8448
-0.182732
2.27677
-0.128815
3.37099
-0.265208
-0.609262
1.27559
-0.40392
-0.472174
1.66898
-1.73984
2.7829
0.752442
-0.250061
-0.329654
-0.569321
-0.801549
0.957678
52.0569
0.902913
-0.400968
-15.8227
-1.48831
-1.37978
-0.85408
-0.442247
-0.234424
-3.05359
1.33526
-0.095901
1.51603
-0.130041
-0.0617818
-0.0688656
-1.3146
1.90454
0.927695
-1.31321
0.601357
-0.104036
9.38446
-2.14551
2.69476
67.7205
2.87002
-0.201007
6.11883
0.381869
-0.687879
1.08463
-1.81468
0.890254
0.457245
0.140539
1.54214
-0.840838
-0.68852
-2.82311
2.60575
0.234239
-0.684337
-1.28918
0.828825
2.21894
-1.0251
-0.0852216
2.18945
-15.26
0.0267625
0.0188277
0.695858
-0.525536
-0.466921
-0.496562
-0.592366
0.846872
-0.289056
-1.52813
0.123815
-4.07486
-0.549066
-1.7407
0.132653
-2.16171
-1.88298
1.46751
-0.294595
-0.0633247
-5.94834
-1.25529
-0.674969
-23.6167
-6.86392
1.14574
0.234223
0.064349
-0.971779
0.385553
-1.10521
-1.12869
1.20102
1.314
0.786793
1.30868
-6.13675
2.7302
0.663361
5.53727
34.0632
-0.59966
-0.105958
-1.81761
0.783215
0.227349
0.803975
-0.420955
-5.03617
-3.85948
0.736478
-0.00272315
-0.886018
-72.7924
7.2016
0.0453407
2.17444
-0.680866
-0.801476
0.608919
-1.44843
1.3371
-1.12334
-3.21018
1.60919
0.523357
0.938759
-0.578627
-5.359
2.5525
0.19078
4.28161
-0.106221
-1.28603
0.192986
13.6261
-0.488753
0.575262
-0.825965
-0.660056
-2.26947
-5.31077
0.662825
-0.424031
-1.61485
-1.63206
0.37789
0.726525
0.333522
1.39008
0.758707
-1.01389
38.8538
9.8057
-1.51252
-1.68596
-0.851968
-0.751579
1.90384
0.398995
-0.878731
-0.713741
3.47855
0.664358
0.0989174
7.94849
0.917407
-1.27604
-0.287004
1.0922
-0.900179
-0.435786
0.438122
-2.64503
0.364529
5.24392
0.0885966
-3.44482
0.20624
1.53327
-146.621
0.128366
1.68691
-1.15039
4.12379
1.10552
0.370028
1.44987
0.192812
-0.572861
1.50247
-3.19885
-0.137127
0.315075
-1.2108
0.815834
1.161
-5.26692
-4.16362
-1.20831
5.71458
-0.195789
0.165319
0.380368
1.01691
2.81317
0.42862
0.366493
1.30863
1.98439
23.2325
-2.07858
-0.226643
0.772034
-1.16767
-3.07598
1.63993
-0.28923
10.3436
-0.697414
-2.46294
-1.07628
1.26078
-5.33094
0.980672
0.786014
1.9436
-25.3583
1.75254
0.150952
-1.69438
3.30684
-1.48432
-20.2096
10.3918
2.12848
-0.344617
-2.33957
-0.151055
-0.308195
-0.0809007
-8.26447
0.846688
-1.38103
-1.06545
2.52244
37.3182
2.7342
0.545275
-1.62713
-1.06706
-0.262879
-0.545835
0.379298
-0.508921
-0.160296
-2.71704
-0.957255
2.13668
0.326317
-6.43443
47.055
0.0486504
0.856788
0.721409
-1.15332
-0.887347
-0.531276
11.3174
5.41718
2.46752
-1.13284
0.0180816
0.287607
-1.25149
1.69769
-0.457836
-10.7433
0.0784996
7.82608
1.27823
-1.24822
4.93662
0.294235
-0.213734
4.21205
0.882337
0.156823
-0.111499
0.542561
-2.77941
7.54697
0.5094
-68.0427
2.45014
-1.45498
-6.93329
0.480752
0.560994
-10.3805
0.538762
1.79107
3.68862
0.690973
-0.857374
-0.68029
0.75618
-0.325058
-0.701653
0.654914
-0.517816
-0.902679
-1.00956
2.52958
0.433949
1.54436
4.79516
-0.316256
5.41794
0.309879
0.0676793
-11.0083
0.084263
0.0953033
-0.505474
13.4622
-1.96302
1.66297
0.0478112
-1.458
-0.659547
-0.0219971
-0.0633667
1.58432
0.262648
-0.84151
-0.175532
5.49974
-5.15172
2.2462
-7.99118
-1.01033
-1.86685
0.853217
-1.34842
-3.13049
0.333441
0.349535
-1.72163
-7.70402
0.0721202
4.57436
0.179276
-3.05623
-2.45286
0.958564
0.749591
-0.325161
-1.16247
-1.05753
-1.82698
0.254742
1.30198
0.62588
-0.334196
1.16796
0.163306
-4.98235
-0.720728
1.34641
-1.65655
23.0525
-1.53608
2.28678
-0.438665
-4.21909
-0.128628
0.0912556
0.160605
4.59815
0.441607
0.68258
-1.83921
-0.592157
0.12258
-0.228562
-1.96673
9.78503
0.232152
-2.10447
-2.07954
-0.607796
0.501374
-2.88523
-0.736124
0.391893
-1.71196
0.434095
0.935339
-21.7005
2.01831
0.862219
0.695306
0.833915
2.0184
0.409694
-0.287915
-2.3458
-0.0624814
-4.80471
-1.34966
-0.868745
3.47411
7.06494
-15.8274
0.0425381
0.410965
0.463633
1.05759
1.08775
5.05888
4.82154
0.954137
1.09538
0.959333
0.797873
-346.553
5.44074
1.49771
-1.12963
1.40888
272.785
2.88248
0.657368
0.976343
-1.24136
0.175225
9.71919
25.7886
3.8289
-2.9322
0.580075
0.417434
-1.40881
0.831426
2.16865
-0.887491
-6.09804
0.699073
7.53389
1.78416
4.40572
-0.246172
-0.224369
-2.32454
-0.875011
-2.18386
0.652275
8.42238
1.45658
0.0654591
-8.90104
1.13144
-1.68283
-1.28982
-0.821051
-2.51796
31.2542
-0.0810007
0.136254
0.704948
1.4807
-2.45988
13.9533
-1.46058
-0.370553
0.0434621
-0.898272
-0.178924
-3.32091
-0.809663
-0.0304028
3.54831
-10.1079
0.0258791
-0.639413
21.3165
-0.237752
1.43865
3.22301
0.0392653
0.672574
1.01873
-3.57448
1.01405
-0.324888
1.14804
3.2019
0.979808
2.19386
-0.626539
0.835766
1.33437
-0.805305
0.706813
-0.711737
-0.996109
1.8645
0.759546
0.0453227
-0.797198
0.328481
0.529137
-0.708924
-0.476953
-0.632714
-10.4764
0.609746
-0.390619
333.611
5.44422
0.213157
1.11968
-0.799173
0.168059
0.0133353
-1.12974
-2.18358
0.765116
0.370384
3.28143
-5.34065
0.467267
-12.934
-0.7419
0.511061
-2.56294
-1.41034
-4.17437
-0.29576
-6.23995
-7.78421
0.892665
1.07284
-1.5527
87.883
2.54282
-2.26462
1.952
-0.166411
-9.18171
0.200238
0.540969
-7.88455
2.00029
0.529874
-0.950703
5.95995
-0.573765
0.993062
-12.7937
5.20254
-33.8944
-0.414706
0.176431
-1.9344
-1.99547
0.332635
3.62832
0.485026
-0.65862
-1.24921
0.612067
3.02542
-0.673995
0.233118
0.00676228
0.467926
9.74268
3.84645
2.11791
1.02754
3.42367
-1.02489
-1.12791
0.473123
-0.940694
-0.513277
0.176887
1.55911
1.03735
-0.576936
-0.0387588
-0.403882
-0.032217
0.117428
4.85063
1.53829
1.23764
-1.30286
-2.23938
0.844992
-0.916547
-0.0820704
-2.17007
-2.79032
-0.430471
21.5217
0.376549
-0.17721
0.195027
1.81092
0.477005
1.24662
-0.13352
-0.373353
-0.281481
1.5624
-1.66199
0.332126
0.932447
1.12281
1.1043
-2.33571
1.0629
0.133693
0.259717
0.583935
-1.44127
-2.51074
-73.6067
0.585532
-0.231032
-0.681823
-0.491892
3.3371
90.5478
-1.74463
3.25843
-0.871587
1.22283
-3.22665
4.28703
8.5014
-2.40841
-1.67315
10.5966
-0.128581
-0.24057
0.595936
71.1952
-0.0953809
-1.41607
-0.857619
2.07511
3.61187
0.296418
0.815286
-0.894436
-0.18009
-0.491878
2.28294
0.565734
-0.318566
0.351612
0.719195
1.95558
0.350349
-0.276183
-1.2353
7.6067
-1.88844
-0.479417
-0.183113
0.837772
0.756256
2.42023
0.14724
5.67683
1.9151
2.33805
0.415845
1.19717
12.0435
14.1167
-76.7789
0.225421
1.46745
0.764145
0.135052
0.319492
1.62397
0.92497
-0.1799
-2.47123
-0.639789
-1.71618
-0.357286
-0.995187
13.7937
-0.43443
6.83791
0.482269
0.809748
0.251299
1.81603
3.72673
-0.401174
14.9134
0.766667
1.36844
1.01779
0.402818
-0.195765
-0.245577
1.59673
-1.2695
-2.94597
1.0389
-0.537112
4.93515
-8.89022
0.683089
0.974243
-1.74025
0.452048
0.431039
-0.562321
-1.24709
-0.375855
0.0824548
1.40406
-0.44683
-0.891952
-0.501151
-0.699892
-0.24125
0.058745
0.346295
-1.24069
-2.58945
0.91651
-2.7437
0.699597
0.539537
-0.1996
6.71578
0.348647
-2.23685
-0.0825162
0.0731587
-0.304262
-5.10078
-7.73467
-5.94467
-0.374269
0.275915
-4.84201
-0.015251
20.8022
0.0236967
0.492073
0.460468
1.18985
-0.699125
-0.973662
1.00742
-1.19831
-6.2634
1.16137
0.485562
2.06298
-0.253365
0.324512
0.468826
-0.324423
5.0433
0.777942
-9.05942
-10.5463
0.701427
0.123716
-0.234675
0.0493573
3.96669
-0.0200293
-1.07769
0.636861
0.181688
0.24708
1.18534
8.46171
-7.36944
0.20446
-8.72221
0.1007
-0.350233
-3.67526
0.766187
-1.15594
1.93177
-1.84986
-0.37707
-7.11269
-0.313909
-0.297155
-2.24902
1.88008
-0.805605
-8.9123
1.29497
-0.0106532
2.01446
16.8292
-0.328309
-1.29338
3.2684
-0.0491207
4.30561
-1.53884
0.171868
-2.68693
-0.691671
-2.88369
-0.244684
-0.180272
-0.574542
-21.8307
-0.0519001
0.106355
0.294288
4.13751
-0.171874
-2.66798
-0.892895
272.311
0.962178
0.744237
0.30675
1.58419
0.0317895
0.562302
-0.472619
-2.00039
4.21483
0.112883
-18.6134
0.295633
2.7295
2.38703
-1.17335
0.687262
-0.418861
0.573336
1.47386
-3.25282
-0.545156
-0.666893
-0.278231
-0.407365
0.316913
-6.4692
2.17954
20.8778
0.0671243
0.943556
0.489891
-0.364506
0.0837456
-0.110267
-0.975969
-0.105144
0.10193
-0.398596
2.51399
0.963228
-0.781095
1.58561
-1.08251
-0.606939
21.7174
3.17491
2.16503
1.69221
0.24966
-1.36983
4.74728
0.638149
-0.102045
1.5571
-1.2189
0.185758
54.3771
-2.42959
-0.15103
0.286998
5.07572
-1.70643
-0.0561906
16.8675
0.061841
0.452604
-0.921761
0.478499
0.350515
1.21591
1.05936
-14.647
-1.91184
-2.0519
-0.789183
-0.107549
0.387175
-0.865314
-0.738909
-0.271237
-1.62989
0.658079
-1.29715
1.15249
0.562809
-1.0026
-0.152629
-0.173912
0.522272
0.245451
3.28825
-0.430945
-0.409391
6.28077
-0.494874
3.63259
2.49262
-0.775383
0.996878
-0.47174
-17.5481
0.458789
7.18402
0.592259
-6.28866
2.40619
0.856934
-199.193
1.07297
-0.560678
0.409147
8.18102
1.1717
0.588364
1.48134
5.73894
-0.41844
-1.88655
1.04199
0.744917
-0.497182
0.0707107
-0.0453021
-0.278428
24.4332
2.16368
0.77476
0.00391301
0.381087
-0.322699
1.27678
-3.826
3.75749
-3.39625
4.42462
-5.97609
-2.59402
0.778752
-2.66965
0.960403
-0.703152
-12.3002
0.82791
0.465534
1.07963
0.505864
-0.842293
0.803527
0.619159
-1.99337
0.863589
9.32433
-0.455599
0.921046
-4.66454
-3.95956
-0.350556
0.781711
0.270244
10.6462
0.352288
-0.56791
-2.13921
0.405755
2.1195
4.67326
0.59885
2.61626
-1.64158
0.773643
-0.927042
-0.0832717
5.44729
0.0367647
11.605
-1.00538
-0.0730369
0.93217
7.12089
12.6903
-5.29723
9.49992
0.376964
4.59827
0.130508
-39.47
-0.777573
-0.617804
-0.657042
-0.21318
0.283079
0.275418
1.2992
0.677949
-1.50017
0.745638
-0.268869
-0.0750777
0.309328
-0.732397
0.720014
-1.60628
-0.248557
6.24428
0.348294
3.74751
8.30475
2.68524
0.0444132
0.670238
-1.43005
0.202111
3.43815
0.638293
-0.494816
-0.272383
0.658039
-2.8711
4.04555
1.02207
0.869271
-12.1985
-0.200976
0.714553
-0.100605
0.549198
-0.0991106
-3.84627
0.336554
5.60157
2.27586
-0.685172
2.62524
-19.6355
-0.659181
0.0329719
-0.637488
-0.208664
-0.143387
0.0748005
-3.76015
-0.420898
-4.70469
-4.32611
0.472757
1.61447
-1.40391
5.93541
-0.331506
-0.342204
-24.8584
4.29883
1.20806
17.9798
2.8446
1.51455
-0.894722
-0.657049
-73.1154
4.30252
-1.38654
0.932576
-1.08592
4.29856
22.2558
-0.267941
-0.0488693
-0.635428
1.91656
0.551367
1.03025
0.573248
0.754784
-0.679373
5.9361
1.78215
1.14399
-5.08086
-1.13355
1.46901
-0.0130805
0.341889
0.997217
-2.84727
0.356455
1.54224
5.41057
-0.27279
2.93063
-0.138597
0.0580497
0.636948
0.612874
-0.113435
0.573042
-3.15565
-0.703008
29.913
5.72947
4.4617
-3.9275
-1.6614
2.04449
1.85901
0.421005
0.757403
0.997551
2.4233
-0.444066
0.14806
0.0481367
-0.91234
0.218917
1.55126
-1.70596
-0.243893
-1.65105
1.14152
-0.252165
-0.191393
-0.150355
-0.000583356
1.12593
6.9561
-1.01145
1.774
1.20776
-0.637114
3.0567
0.282043
0.452839
-0.681448
0.643548
-13.1233
-8.32451
-5.55139
2.19113
-0.359336
-6.62905
2.07228
0.615771
0.689918
1.01336
0.790455
-0.368367
-0.921935
0.228201
-2.03155
0.311174
0.727156
-0.258873
12.8998
2.64063
0.729451
0.0373189
-0.850199
-2.29501
-0.514483
0.792106
0.0600096
1.03769
4.0729
0.214039
-14.589
-0.592861
1.20272
8.22146
-3.99969
0.443188
0.865105
0.341008
-6.54488
-0.954032
1.3653
-3.12134
-2.7883
-9.69796
-2.9483
0.343397
0.0310583
56.571
2.09728
-1.10151
3.14696
0.188387
0.196477
6.84755
-5.1089
-0.434053
12.247
4.68059
1.69112
-0.933293
5.31032
-0.385738
31.549
0.821439
-0.138645
3.5802
-1.5183
2.3884
127.916
-0.692468
0.944238
1.53522
0.233358
-5.12484
-1.54099
-2.09219
-1.01828
-3.40231
-0.679765
2.09189
-0.81872
1.5958
-0.689665
5.4906
-0.446709
1.63063
78.6452
0.0784216
-0.303538
-0.721408
-2.03488
-1.10915
0.356675
0.647853
-1.8046
-0.482528
7.44019
-0.0201335
-0.415872
-0.364662
1.72673
-2.1369
-4.51859
-0.61156
-0.541861
0.65016
-3.41361
-6.56234
0.392759
-2.17907
0.0492049
-0.572607
-0.906226
1.30031
-0.374805
-0.167097
1.47663
0.154403
4.61813
0.536681
-0.640766
0.849695
0.343472
0.264327
-0.527854
0.6942
11.3015
0.910401
4.90965
0.101653
6.10056
-1.09305
-9.26445
-0.298866
0.545892
2.25096
-2.28436
-7.78622
-0.664657
1.71557
-0.529717
-2.05994
-0.0784075
-5.2306
-1.10718
1.57217
1.15813
-0.483229
2.43598
4.87338
-0.193328
4.01434
-3.7334
18.6892
-0.964743
0.10949
-3.04625
-2.21937
1.29789
0.323764
-1.08607
8.69639
-0.0329434
-2.13948
-12.757
1.97963
0.742637
0.0463359
2.56495
0.452669
0.38428
2.35793
7.43659
-0.113869
-2.7468
-0.562873
-0.116032
1.18683
-0.219615
0.687406
0.623109
0.598029
3.91881
1.36395
36.3885
0.652529
2.2962
1.12352
0.954067
1.21648
0.323938
-0.197884
2.11739
-0.638256
0.748637
-0.195723
-4.05046
0.518305
1.20153
-0.043674
9.44338
-14.9546
6.14176
0.0180232
0.888783
0.24748
-0.426766
0.0330258
0.166502
0.0170234
0.397999
1.04996
-1.8832
7.05052
-7.58118
0.0404722
-0.237041
1.00554
-0.0598244
1.39317
-0.100795
1.27983
-0.312823
0.654841
-1.25709
1.28743
0.604571
-2.16719
2.14627
-19.7433
-1.1692
0.220316
-0.534353
-3.9961
0.708903
3.87807
0.731567
-0.237431
0.152551
-6.3143
0.430925
-1.14154
0.215449
-0.157976
-0.681322
-0.194369
0.79276
0.811678
0.975969
0.523958
0.11677
-0.526671
2.12275
1.0628
4.08888
-0.636934
-2.1274
0.572418
-0.180737
4.7871
-3.22651
0.137837
-0.325369
-0.364719
27.4389
-0.961646
-0.15456
-6.52481
-8.73561
-5.0094
0.334925
-0.0891422
-0.243157
3.55793
-0.879814
-0.488817
6.63676
-3.01744
6.04634
-1.23659
2.62769
-0.345671
0.264378
0.900117
3.96249
2.46113
-0.477265
6.05357
-0.338158
-0.121444
-0.584838
-2.70053
0.867938
0.860039
1.96795
1.53837
-3.23326
0.804192
-1.36433
-0.247138
1.86641
-0.140819
1.38284
-0.252885
57.6235
0.248381
-48.9551
1.39314
2.51216
0.117706
-0.747905
-0.25944
0.321084
0.751333
-0.602184
1.18927
-0.0382099
-3.45922
-0.385099
-10.65
1.10833
1.32413
-0.493076
1.92673
127.609
0.359771
2.28369
-2.56942
-2.60252
0.470113
0.208314
-0.0935262
2.93228
-0.057237
0.967044
1.24964
1.77128
-1.61377
0.352637
2.41873
-0.704843
0.0460317
-1.35377
-0.579518
10.2216
1.09109
-3.21868
-0.996206
0.666296
1.9489
0.0641206
-0.674483
-0.797099
-13.7299
-0.0661465
-0.703291
-1.12597
0.330321
-11.0251
-17.6617
-0.582467
0.421642
0.458858
1.04656
-0.69419
20.1766
-1.10173
1.27614
-13.944
0.360185
-0.455403
-0.84311
0.488597
0.341118
0.988126
0.401984
2.95444
-1.57387
1.66861
-4.51572
-0.162744
-0.0924261
0.606985
-2.48998
0.366146
0.826508
0.709775
-0.424634
0.435762
1.46201
0.343674
2.32172
-1.39114
0.000429369
-0.36205
-0.104492
1.36567
-1.85587
0.326338
-13.7246
-1.53788
2.36356
0.433298
3.76011
0.568428
-1.44148
-0.0818439
0.864949
-0.135253
0.0464882
0.0148371
-1.52926
-0.33885
-2.0735
3.62764
-34.4416
-0.291538
2.12318
-0.2139
5.36552
-1.55388
-0.428463
-0.503025
-0.0311553
0.877625
0.506654
1.93602
0.173223
-0.867671
1.59474
-0.544305
-1.17267
-0.00547404
-3.70914
-1.23725
1.49131
-0.0127711
-0.381053
2.21236
-0.495969
-5.13424
-1.64983
-2.33484
-0.0217097
0.978495
4.5918
0.62636
-2.55795
-2.19539
-0.667423
-0.475577
4.249
2.51919
5.28897
0.642643
-0.332001
0.807268
0.0140937
-0.16978
-0.168247
-0.270021
2.80238
-0.971934
-0.352012
1.47896
0.970886
4.40411
-0.0453367
1.3911
0.24936
5.04737
1.68431
-2.77801
0.256743
-0.572556
2.34233
1.58598
-3.04255
-0.280627
0.735143
0.8599
2.16305
0.909973
-1.01652
0.382548
-2.12757
-1.44459
-0.639141
0.792255
-0.195042
16.4113
-3.70929
-30.2101
-0.702393
-0.395189
0.621619
-0.152853
-0.0911455
-3.99628
0.833435
0.857355
2.15474
-0.535179
5.90385
0.626055
0.18791
-0.308029
0.114572
-0.190347
1.58748
0.87663
11.8735
-0.72105
0.30936
0.221124
-15.4663
-0.357162
-6.01159
-37.4271
2.35568
0.823446
-0.694108
0.316169
-3.04639
4.94573
-5.6882
3.75077
0.182161
0.829952
-2.20147
-0.643997
1.71083
-0.324554
-0.526462
-1.02985
-3.30261
0.688902
-2.0838
-1.86145
0.271274
-0.38798
-0.346758
1.84902
-0.01288
-0.676364
1.08647
4.66708
-0.361897
-0.388021
7.58855
0.325875
-1.31925
0.126583
-0.516419
5.15483
1.62212
-0.384556
-0.253912
-0.477174
-2.05374
-1.16711
4.12301
-5.81755
-0.0989155
-1.24544
0.927573
0.114497
0.0788045
2.25422
2.15396
-0.389718
-3.33463
-0.931893
-0.23053
-1.84749
1.58335
0.55368
-0.583705
0.262269
-2.04398
0.776356
1.34898
-1.08356
0.0568237
0.543514
1.86491
-1.63224
0.786139
0.25341
-4.1361
-0.853999
-0.225455
-7.96788
0.30682
-4.19101
-0.816246
0.681076
-0.0821796
-0.690735
0.902063
-0.607663
-0.0412991
-0.849082
1.20767
-0.61437
0.236711
-0.223177
0.955041
2.49786
-0.481419
0.150835
0.108794
-0.0678353
-4.6251
-0.337852
-0.425549
0.917216
0.383981
0.582089
-0.528643
-4.08421
0.473898
-0.979669
-0.599683
-0.0211686
0.674098
-2.69811
-16.2558
0.611673
-0.328176
0.0213447
-10.8993
-0.218617
1.01401
-2.1808
2.70651
1.86994
-0.324305
-2.27196
28.8204
1.17021
-3.22447
-2.6374
-0.280118
-0.827836
-5.70297
1.0698
-0.65395
-0.414805
-2.07892
-0.396469
0.157741
-0.310119
0.664224
-0.09735
5.41056
0.166984
-1.00105
-2.74933
1.14954
-0.265969
-2.46919
-120.453
-0.209389
-7.33184
-1.32765
-0.623792
0.457206
-2.19779
-0.859517
-0.713766
-0.194391
0.310192
0.862688
-0.262955
-0.332265
0.211414
-3.29415
-0.552397
1.33896
-0.580191
0.519483
-27.9166
-1.53441
-3.82354
1.82348
0.738391
-1.40281
-0.661961
0.796105
1.51187
74.0337
2.71794
-0.78486
2.05306
-0.872704
-0.0936353
1.07126
-0.883444
33.4231
1.20477
-0.266841
-0.0504729
1.51177
-2.2055
-1.69118
0.326413
-0.0465374
0.0689239
-0.870262
-0.462125
-0.958291
0.515494
-22.8677
-11.4279
-1.05319
-2.32167
0.142283
0.354389
-0.46364
-7.69481
0.525575
-0.453471
-1.76076
2.14953
-37.5651
-1.6679
-0.110313
-0.45215
1.16342
1.1793
0.622485
-25.4207
-10.6068
1.42957
-1.1416
1.65614
5.05462
-7.95881
-15.3711
0.486153
11.7639
0.259403
-4.14876
-1.39949
-1.61131
-0.269102
-0.387987
0.114368
-2.3003
0.074685
-0.818439
-5.37694
4.98543
-0.864085
-0.527
2.36042
2.85252
-0.457159
0.658489
0.0781182
-2.87198
0.604206
1.37427
-2.48441
3.44146
-2.50576
2.22319
-0.334864
-7.1931
-0.00576151
0.0869244
0.955258
-0.441286
0.821216
10.0468
-0.748144
2.59992
0.229887
0.825831
-1.03123
-11.7717
-0.208824
0.356778
-1.21763
0.9081
12.0554
-0.360837
0.912392
-0.753954
-0.52213
-3.5326
-0.318523
0.615768
2.52401
0.0636594
-0.542953
-11.7836
0.0495235
-0.716396
12.0528
-2.13783
2.31129
-2.98258
-2.2183
0.44364
0.132909
2.41044
-0.0292227
2.98966
1.66673
-0.442538
4.56545
-1.01282
6.04704
0.0137931
-0.188118
7.54741
-0.955332
-0.0460581
-3.0042
0.357883
1.68096
-1.9531
0.200497
9.50868
-0.111116
-0.110985
27.8873
-1.12249
1.59819
-0.521303
-0.0932462
-0.144771
-0.21311
-9.12076
-1.3777
-3.27565
-1.78277
3.72361
-2.64822
-0.151723
1.251
0.974552
-0.779579
-1.73835
0.250659
-0.0929131
0.82902
1.00911
0.488355
0.434073
4.67822
-2.41412
2.61013
0.230583
-2.09986
0.467846
0.551187
-2.30479
29.3742
-10.2563
-0.771831
0.419643
3.48717
-5.32659
-0.166662
1.71497
20.952
1.18732
0.0580274
-0.202136
5738.36
8.34178
0.0792006
-0.155747
0.850315
0.51137
6.1541
-0.225831
4.52758
-0.20005
3.97658
2.12465
0.151636
-2.71448
0.197719
0.270903
3.25979
-0.927018
0.257856
-0.0620929
1.3249
4.26045
1.11525
4.73668
-3.94175
0.511598
0.695577
1.33766
-3.76783
2.54995
-0.613045
0.0430956
-2.81506
-17.7752
-0.613591
0.410325
-0.764852
0.0228181
1.07652
1.37908
1.65839
0.110019
0.73733
4.95751
-1.84821
1.02734
-0.972002
-0.551053
2.49849
0.803368
-17.7408
17.2936
-0.896301
10.3277
-0.58692
0.0761641
-0.56394
2.93251
0.186046
-0.106431
-0.57144
-0.15239
0.0682332
-13.0151
-1.56684
11.7418
-1.84646
-0.771686
-0.0453303
0.0593269
0.289536
2.00469
-11.293
0.41363
-3.83815
0.331371
0.892455
-0.875924
0.334604
-12.4674
1.8626
0.611871
0.237216
-0.0580512
6.00469
0.441184
0.442574
-1.39266
-0.659663
-0.489122
-1.06051
-0.012369
2.51604
0.22891
-3.48436
0.13714
3.94413
-1.19272
-0.582686
0.786092
0.522355
0.154956
0.104756
-0.116379
-2.95985
1.06107
0.341417
-6.5019
-1.05511
-9.42747
-5.06168
-31.3974
-7.78787
6.508
-0.913717
1.0455
-9.88242
-0.290005
4.18536
-0.521999
0.436795
1.9954
1.99071
-0.804998
-0.307051
1.33171
1.74583
-0.909287
-2.27744
-3.47663
2.85241
0.541882
-0.70024
-0.345222
-15.6391
3.5353
0.55183
0.110058
-0.296007
9.1677
-0.756213
27.3639
-1.11725
0.207392
1.46956
-1.64667
21.4399
22.1357
1.13482
5.66865
-1.6477
-0.844099
0.721913
0.723675
0.42079
-2.11046
-1.08115
-1.79909
-0.985197
1.71149
-0.274356
1.84982
-0.483633
0.100778
-15.5376
-1.02565
1.16651
-0.646832
-0.601509
1.40243
0.650957
0.175224
-7.14754
1.41992
-6.225
0.80035
-0.406527
-0.418816
-0.527422
1.30799
0.99783
0.65122
-0.197067
-0.262333
-0.277372
-2.98988
-1.37208
0.863012
0.233432
-4.58846
0.652106
-0.913799
-2.51653
-0.296051
-0.127498
0.461464
-4.2002
-0.0287665
-1.00307
0.0929035
0.0711356
-0.0587474
0.440936
-1.09463
-6.76946
-0.386437
-6.02557
-0.876378
0.675619
1.8006
1.94411
-0.0527612
-0.389653
1.04661
0.322829
-0.8301
-1.00324
-0.209786
-0.448534
-1.13486
0.390051
1.93806
0.681488
0.982876
-0.120574
0.440636
0.577719
0.862259
-5.07612
1.01924
1.73021
-0.0031273
0.376541
1.52368
0.685888
3.85448
-6.35359
2.28255
-0.479761
-1.50991
-0.132986
-0.352558
-4.31024
-2.29114
3.54468
1.04479
3.53651
3.8811
0.128022
-2.09521
-0.167504
10.5689
2.23736
1.16232
-1.55439
-0.496885
0.191561
7.0661
-0.568823
-0.229003
-0.442533
-2.66019
-18.9872
-1.33917
-0.153607
0.115278
1.24365
-9.47514
-0.937095
0.735333
-16.7475
6.64636
0.523323
-0.54716
1.40464
-2.78001
-4.29792
0.696184
-1.07271
-2.70594
-0.210087
-0.145537
3.47814
-0.456316
-0.112964
0.203907
0.0847068
-0.971342
0.300796
-2.39054
1.82362
0.236156
-0.17282
-0.727782
-0.302542
-0.0965574
