2.13872
10.4341
-8.22743
0.327975
-5.33419
0.53883
-4.35602
0.107573
-2.10542
0.423827
3.86447
-24.1337
0.0547413
0.213653
-0.0884279
0.276467
1.67148
-4.03008
0.957341
3.19071
0.430082
0.295317
1.07995
1.32305
19.6556
0.362384
1.34348
-0.070679
-1.85482
-0.485419
-3.07294
-0.0413539
0.662269
-1.68234
2.10716
-1.04774
0.540651
-0.390645
-0.0626429
0.692284
0.542184
0.421198
1.88137
-0.970911
-2.86479
-0.343606
-3.51808
-1.3735
-0.9753
2.16587
-0.837894
0.727219
1.3683
926.836
-0.219561
-0.0336022
-0.296447
-3.94155
-5.38261
-34.1588
-0.0201876
0.306084
4.80364
-2.6453
5.7444
8.88734
1.97775
7.25391
-2.65938
-0.16291
-0.506724
0.508084
-0.238539
-1.10449
-0.721847
0.692403
0.686019
-2.91507
-2.0325
0.935037
0.762233
-0.898812
-14.8016
-0.664781
-0.672449
0.318693
-0.816283
-0.281086
6.19229
0.128183
0.0873606
-2.01036
168.521
1.40253
3.47994
-0.797892
-21.519
0.841741
0.0456745
1.6575
-0.21262
-2.68577
-0.465213
-2.73059
0.260551
-0.416912
-22.3582
2.43174
3.85008
1.30552
0.608918
-0.00355578
-2.45479
1.85205
0.495103
-12.6921
0.507662
-0.247526
3.03551
0.178633
1.15148
0.805636
0.569418
-0.263971
0.0428598
-0.157397
0.0286473
-0.380572
-1.14712
-0.0901464
1.64108
-0.367183
0.311801
4.30989
14.3065
0.295616
-1.26059
-1.28548
0.638394
0.150444
0.0654534
5.84291
-0.566612
-0.362598
1.24714
-7.77547
0.332772
0.0400166
-0.474092
-0.147863
0.549672
1.06148
-12.4082
0.721184
377.69
-0.650662
-0.704683
-88.4997
-1.69707
-784.933
-0.544996
-7.44795
-0.321472
3.47116
1.92622
0.988322
-11.7066
0.551995
-0.353864
0.0749349
-7.24416
0.326262
0.659223
1.30767
-0.553979
0.753153
-3.643
3.41537
-0.3173
0.866391
-0.531131
2.43142
-34.6449
-4.2834
-0.0230708
-0.238032
-2.90615
-0.404678
-0.747357
-1.76501
1.02524
-0.0944701
0.548909
15.6368
-0.055455
1.67621
1.81042
1.28545
1.8547
2.18353
-0.32616
-0.0173548
12.7979
0.481652
8.65607
-6.08636
-0.145642
2.54509
-0.413205
-1.61643
-1.2912
0.103227
0.156068
0.748133
0.425012
0.889881
-13.6089
0.392525
1.91099
-0.597098
0.413017
0.362118
-0.227426
3.36447
1.88966
-1.64957
1.73451
72.2914
-0.262033
-32.6052
-8.62383
1.16201
3.89164
2.33175
-27.7014
-0.630161
-2.07439
0.522943
-0.329827
-0.0659259
0.69125
1.70053
1.64041
0.49596
0.449905
-0.315164
-0.0238859
2.366
-0.0932169
0.651417
-1.01444
-1.47944
0.099961
-0.621854
0.404554
-4.45956
-3.62497
-13.1266
-0.963601
2.31402
0.756697
4.25162
1.82844
1.53792
-1.60693
-1.39371
-1.31543
-0.226104
0.141151
2.45775
-0.292302
1.80095
-0.514741
-0.692562
1.63174
-9.81328
3.80862
-0.283956
1.07025
0.437799
-0.141122
6.52868
0.687985
0.479689
0.285168
-3.97556
1.51347
-1.21998
1.34884
-0.573309
-0.680293
-0.273433
-0.93111
0.0104445
-0.799612
0.899072
-1.27208
-0.0541748
-2.22269
-0.921641
0.81791
-0.340314
-0.679081
-0.517927
-2.94132
-0.85837
-0.00212363
-1.05734
0.152703
-3.71659
-0.954686
225.03
33.4253
-3.6025
3.06723
-1.17764
-17.737
-0.217063
0.014197
-0.28669
0.792609
10.4962
0.6798
-1.16698
0.707266
-1.30113
-3.98718
-1.20359
-1.4216
2.15574
-1.17091
1.42399
-11.9751
0.312737
1.40983
0.782522
-4.29983
-2.31088
-1.48526
0.171933
1.86124
0.319833
0.0256374
0.475051
0.493103
-1.59271
-6.59895
-0.403322
-0.185645
-1.65187
-19.559
-0.730495
-1.7489
-0.485549
0.3295
-0.787589
-0.0981092
-1.79465
0.152688
-59.3155
-0.211249
0.968497
-4.76921
-3.65984
1.68134
258.616
-1.41189
-0.0231613
-0.389853
-0.589677
-0.434724
0.395932
0.604105
-0.378239
9.57152
-1.79275
0.0775331
-0.298076
-0.00365628
1.63245
0.248872
2.45661
1.28552
-1.88241
-0.446725
-0.607806
-0.437459
-0.944442
-1.29349
-2.10136
0.124044
-0.235606
0.646948
1.61971
-0.0719067
-8.86308
-5.82502
-0.343491
1.02475
1.41219
-0.54312
-0.528136
-1.99077
0.882674
-2.94898
-2.35197
-0.0134348
0.470505
-1.44297
0.421643
-0.293035
-1.26905
-1.2311
-0.918949
-0.643581
0.549761
1.04544
-3.75365
0.20923
3.77467
-0.089087
5.95792
-0.0494503
0.396421
0.23849
0.122623
4.50338
4.77866
0.287131
0.0104708
0.0758259
4.20678
0.363732
-0.0774792
-17.179
5.03325
-0.179275
-1.56686
0.168229
-0.0717864
-0.990422
-2.3723
0.687966
-1.21329
12.6309
1.29801
1.78053
-0.529244
-0.399255
-0.607561
-2.073
6.20511
-0.121685
4.33392
-10.0624
-2.26922
0.550612
-0.437666
-0.319901
-0.900859
-0.286725
0.937779
0.638751
-0.450718
-0.335674
-3.47934
0.423234
1.95889
1.55591
8.99978
-1.68132
0.301775
1.21005
1.45638
3.20778
-0.492594
1.61058
0.742217
0.0358222
0.181204
-0.755589
-1.99141
-0.158162
0.315921
-2.20166
1.60655
2.4141
-0.574206
2.06958
-0.108655
0.899391
-0.450684
-7.64404
0.930312
-0.724588
0.783658
0.599059
1.32548
-0.365796
-1.19564
-0.315307
2.13922
-0.386217
-1.31633
0.630065
-0.144646
0.669299
-1.89396
0.18245
-0.0722813
0.00483277
0.416223
-1.78927
3.13018
-18.0142
6.33736
-1.33886
-0.916701
-0.676249
-2.97474
17.1858
0.891043
6.13886
1.17408
3.50157
-2.82733
-0.783208
3.84753
1.08616
5.88973
-1.1807
-0.173994
-1.19536
1.23182
-1.36544
-3.81618
-0.712179
-0.244167
3.20318
-0.639535
-3.53382
0.57048
-1.30964
3.81027
1.68474
0.0758693
-12.13
-0.709177
3.17743
0.885789
0.0301656
-0.398612
16.2628
-0.957798
0.180851
0.907362
0.586552
0.880986
-2.34788
-9.67392
-1.76183
49.8472
-0.289405
0.523323
-0.986437
-0.377858
-0.547661
3.01629
0.90422
1.69787
-1.44214
-0.461215
1.9141
-1.47998
-0.214246
-0.216822
-1.73911
9.66044
7.60398
-0.393049
-1.0964
-0.347667
-0.978449
1.44663
1.26462
-0.327911
8.64726
0.395346
1.21059
-8.32517
-0.322203
-0.264956
-3.49163
0.441388
1.30816
-1.25492
7.27954
1.14004
1.35253
-0.866776
-0.636566
1.81978
-0.756618
-27.3266
-6.16017
-0.236256
-1.69316
0.845692
-0.272201
-0.168498
0.603528
0.839298
0.228377
452.058
1.07168
-0.297415
2.6447
0.214826
-0.610454
-0.47823
0.417677
0.035599
0.200103
-0.0728748
-0.393697
-4.93964
-27.9533
-14.4215
3.16388
3.70053
-0.619496
-3.48302
-0.907964
-0.171657
-0.155832
-0.333556
0.511224
-4.31838
-0.806858
0.691408
0.817105
1.40587
0.366694
-3.34478
-5.28409
3.47418
0.906771
-0.869876
3.17136
0.0474433
0.160036
6.62998
8.89941
1.54732
0.906626
17.3864
-2.5308
0.514855
-1.20753
1.86593
0.602128
-0.684803
-0.986592
0.260989
0.911909
3.15184
-0.529171
-1.23666
-0.464756
-0.435882
-1.06177
3.31093
0.0585683
1.83164
-1.07697
3.38604
-0.356718
-6.68121
93.3338
0.7154
1.20459
-10.1458
0.124931
-1.20188
3.38438
-0.34844
0.564092
1.31082
-1.39369
-0.514612
4.7754
-1.26765
0.919282
-1.87017
12.4159
-1.75685
0.410447
-0.508293
1.10912
0.158863
-2.12292
0.775773
-3.67034
-10.0426
1.78697
0.73471
-0.132255
-0.109873
-1.25141
3.10169
0.687106
0.64994
0.308984
-1.68529
-1.84164
2.62949
0.126108
37.7872
0.041296
0.0834975
0.612464
-0.659287
-3.11774
0.349308
2.73881
-0.580229
32.1134
-0.269727
9.50391
-1.30798
-0.49021
0.590941
0.966295
-1.95173
0.875849
0.71495
0.496967
0.43389
-0.871717
-6.53952
-2.02247
-0.406369
0.504856
0.188527
-3.51741
-0.242746
0.319766
5.06043
3.0477
0.188397
1.74921
-0.784314
-0.402079
-1.50439
2.39135
-0.00925925
0.861624
-1.57549
13.446
-1.34705
0.703154
-0.601168
-5.00806
-0.665076
-17.1825
0.725325
1.08202
-0.879342
-3.16854
-0.440559
-1.9226
2.30003
-1.37793
0.10804
-1.98341
-1.27827
2.1634
3.8836
-0.385392
7.73426
5.58815
1.39661
0.932981
0.412734
-37.5807
-1.31543
0.578448
0.259808
4.06296
0.454807
1.58963
0.941301
35.7276
-0.190552
0.626802
1.44141
-123.509
0.190222
3.10132
-0.586052
-0.970011
-0.710628
0.84815
1.51639
-2.46317
0.733053
0.56456
0.29634
1.47013
-0.0721992
-1.45375
2.0528
0.772383
-0.488395
-4.3805
-1.83635
0.777479
0.0332715
2.01089
-0.439956
0.35488
-0.311935
6.34311
-0.689109
1.19254
1.9745
-0.0072111
5.20157
-0.7842
0.355817
3.92338
-1.20951
-0.21279
0.00765885
-0.203985
-0.375395
0.215834
9.751
2.66463
-0.493703
-177.636
-105.458
4.08032
-0.426424
-0.456205
-2.14362
0.970627
2.22987
0.500233
25.1512
-0.716334
-0.366098
4.57087
-0.586549
1.16436
0.34773
-1.52145
-0.436232
-6.53362
1.08119
14.515
0.149022
-4.23692
1.25704
-0.596362
-0.515297
0.320374
0.946477
0.350731
0.0302657
-10.8508
-0.424548
-1.24345
0.568553
-4.65407
0.861266
3.97637
0.0657128
-0.187866
33.2288
1.1216
608.648
8.40288
-1.26291
1.01716
0.697732
0.497989
1.46602
1.06916
-1.30359
-0.710229
6.9553
-2.06746
-106.795
-0.543114
-0.465034
-2.06837
-0.125918
-0.703854
-8.25452
-0.30934
-3.12304
3.63898
-0.114314
0.382521
-14.4942
-0.503022
-0.722533
-0.851764
0.0522695
0.0714344
1.42463
-4.81985
1.09658
-0.245823
1.25967
0.408574
-0.11283
1.486
0.601644
-5.64233
0.677425
3.65805
0.707369
-0.59722
-3.26525
3.06189
-5.27054
-0.404604
0.355852
-2.10858
-2.04506
-0.445946
0.396762
-1.67141
-0.146484
-3.22327
0.252881
-0.35711
-9.21744
-7.55778
-1.34274
2.1038
2.08544
-0.489216
0.0332726
-0.808634
7.39479
-1.65691
-0.749461
15.1333
-1.73659
4.69998
5.796
0.126425
-0.46776
-0.730963
0.245694
-58.0722
0.935976
-1.91599
-0.532357
0.5769
-2.34931
1.46305
-3.38096
-1.39802
1.02617
0.226466
-1.32502
-3.36159
-0.432654
0.230691
-2.17181
-0.807389
-0.284455
1.19649
2.9129
0.971801
-0.189101
-0.34291
1.06887
0.344294
-0.517622
0.0231814
0.111658
24.6335
-0.576263
-0.961531
-0.857968
-0.571712
-1.0373
-0.625987
1.98871
0.501429
-0.131956
-5.02478
1.18856
-18.6914
1.21719
-2.44609
-0.25806
-2.40034
-2.61651
-0.0101078
0.395808
0.642698
27.493
0.0507526
0.0618931
-0.424166
0.155485
-1.19972
0.444196
8.2418
-0.093519
-16.2598
5.05454
6.9288
7.35082
2.61979
2.98291
6.00391
-10.641
-0.587252
4.12611
0.417651
0.452517
-0.295409
0.375692
1.22789
1.01761
0.324762
-3.04188
-0.00897659
0.272732
1.70012
0.520861
0.749972
2.33113
0.896217
-0.560895
1.66445
0.810176
-0.10213
-111.142
0.71812
29.6443
2.50535
-0.595211
-0.577701
0.537926
-0.145992
-0.0260987
0.697328
-1.36605
1.50621
-0.472033
-0.35923
0.674396
6.50499
1.71939
-4.41675
0.483545
-0.543988
-7.67189
-0.497168
-4.86488
-3.25965
-0.704665
4.23551
-4.71319
0.520096
-0.553502
0.587663
-0.391317
1.53046
-0.343679
-0.824203
-0.701757
-1.70947
1.27445
14.9545
0.047098
2.28571
-2.16023
-1.35167
2.7784
-0.539648
-3.96341
0.35151
0.331431
-0.40141
-0.890985
0.364672
-0.467823
0.222303
-0.0128326
0.475824
0.853671
0.77879
0.0593581
-0.545541
-0.868821
23.49
1.2199
-0.134851
1.24965
2.28466
-4.08089
0.598665
-6.49794
1.43769
2.39371
0.810611
-1.00416
-0.336055
14.6516
8.60277
1.38427
-2.30363
1.1974
1.035
-1.55992
-2.95382
-0.0232956
-0.423649
0.0776818
-0.744384
1.18498
-4.82149
0.873477
-0.541358
-5.25436
-19.2905
6.35977
-1.43322
1.28446
3.24759
-0.375184
0.640915
1.72943
-0.265208
-2.82126
7.11607
-3.55627
1.48439
-2.48468
0.196083
-15.7317
0.562551
-0.27536
-5.02617
9.30027
-3.36914
1.57884
6.89758
0.509047
-0.543177
0.172005
-2.27649
-3.05627
-1.95335
-0.000301147
-2.38347
0.190284
0.272048
0.7212
-1.68137
4.62401
0.442257
0.712896
-0.211432
5.29716
0.239439
0.91978
-1.72269
-1.66647
-2.18759
-11.8761
9.20056
-1.24525
-0.97527
-1.79411
0.391968
0.198294
0.463529
2.97449
0.233256
5.88524
0.321001
-1.73747
0.0760368
-14.9164
-1.47519
-0.324463
0.333313
10.2888
0.251087
1.64915
0.0958676
2.4856
-3.53631
3.01347
1.51222
-0.187973
0.712915
3.20182
-20.0631
-0.555722
176.123
0.775436
4.1246
0.22655
0.45414
-1.37423
512.928
0.373051
0.177137
1.17733
-2.79129
-0.606962
0.555351
0.197079
8.25174
16.3713
-1.2749
0.400536
-1.13682
11.8191
-0.414536
0.779168
-2.7768
0.613571
1.17742
-0.479093
-0.476499
-0.305894
-0.180556
-1.81739
9.60761
-0.99199
25.0545
-0.0131579
0.0348652
0.109429
0.12249
-2.05807
-2.33406
-1.2676
-0.210738
1.05262
2.08816
-20.8561
0.742255
-1.48556
0.262821
0.410028
-1.19085
1.33748
-1.02413
1.16469
-0.945121
-0.902815
-0.133851
-2.53171
0.015364
0.486157
3.02554
-1.145
-0.470864
-0.664053
-0.968989
0.832814
-0.733745
1.46734
1.19898
0.581684
-5.28924
-13.1629
1.49789
0.141357
-51.6677
-0.726079
3.24552
2.5221
0.634977
-1.22986
3.18776
-0.731149
-1.15565
0.097755
0.251171
0.389021
-0.146827
-6.95201
-1.65444
-0.584921
-2.39341
0.342165
0.308277
-0.140193
-0.278772
-2.38937
0.621155
0.139399
-0.340386
2.07404
-1.31081
0.325127
-0.0866067
-0.0971298
-0.807492
-0.613639
37.3732
-0.346007
-0.413379
-18.6143
-1.36658
0.20387
-0.685918
0.651194
0.334633
0.726521
0.534996
-0.502319
0.84776
-3.04644
0.178266
0.221077
0.0719047
1.82104
-6.58675
0.432078
7.34959
0.481859
2.46329
-0.608269
-0.757943
0.891888
0.366771
-0.731218
-3.04409
-0.145129
-0.258637
-2.5047
-0.56894
1.68655
0.107833
-0.728115
-0.847604
-1.16944
4.40887
0.328421
-2.60229
0.188373
-3.81314
-0.0436816
-1.08037
0.408527
13.7074
0.168866
-3.05979
0.302292
1.11402
0.17059
12.0022
-21.777
-0.109488
0.698325
0.631171
0.890112
2.00927
-0.555782
-0.0847313
0.375865
-0.0652948
-5.16871
-0.342498
-4.53424
-0.892183
1.91606
-1.0361
0.207251
-1.79288
-2.2687
-0.386564
-5.22061
-0.913653
-0.519416
1.01605
4.11071
-0.539258
-5.63987
-95.2575
0.416264
-1.27215
0.486749
-0.94235
4.50559
-0.836828
1.19775
-0.619155
4.1877
-1.98828
-0.649686
-0.390715
-0.860424
-1.68017
3.01296
0.214486
13.451
-1.55563
0.876863
1.99682
0.888966
1.34753
-0.873518
-0.0717384
1.67738
13.5824
2.61853
2.98984
1.49212
-7.39352
1.06429
-4.29841
-1.54808
0.902553
0.788015
0.3322
-0.176984
-1.47508
4.60622
-0.192389
-3.8374
0.288711
-1.85682
0.398887
1.23697
-0.330324
2.1239
1.62461
1.97724
-1.81148
0.25007
-0.683963
0.609267
-1.05542
3.1995
-1.00597
-0.570261
-4.04728
0.0325047
-0.567422
0.443761
-1.31526
-1.2553
0.963952
0.363501
4.57051
2.75458
1.75608
-0.771195
2.71824
0.283709
-0.570309
-2.40775
-2.88718
-4.40043
0.62814
-2.27342
2.72119
-0.48192
-0.474387
-0.0662804
0.451013
0.204805
-0.6531
0.0146809
-0.451567
1.55078
-1.70425
2.77695
2.43033
0.195507
-3.30793
6.02428
-0.618117
-0.248744
-0.312036
1.31794
0.256047
-0.852477
0.373212
0.505221
0.780228
-0.606894
0.794455
-4.512
-15.2543
0.990779
-1.34549
-0.260466
-0.239787
0.218287
-2.21063
1.40198
0.731887
0.788396
-1.56033
3.89026
-1.08703
-0.682828
-1.41263
-2.84157
-2.39491
0.567828
2.50738
0.744781
-0.51444
2.8145
4.77562
0.763479
2.99155
0.653543
1.62093
-1.08974
1.50273
-2.43158
4.6481
1.21706
0.0391972
-0.0764961
6.34259
0.0297022
0.490983
-2.57911
-0.83403
0.193639
-0.225638
0.472486
1.11192
-0.143
-0.285436
0.57227
-4.80678
-0.837316
0.458576
7.42488
0.350735
-17.9775
-8.65446
0.21912
1.67368
-0.832122
-0.066782
1.73553
0.68691
-9.4422
5.25858
-0.81839
-0.287834
0.83797
-0.512727
-4.79878
-0.33674
1.00652
-21.0454
0.318334
0.875506
-0.100201
-0.673814
-2.78608
-0.578776
0.547814
1.27552
-1.0006
-0.576763
0.0340322
2.23121
-0.685039
-3.14697
-0.145015
0.723499
-3.53587
6.46868
1.26386
0.198229
-1.33149
15.465
1.126
1.10024
16.9588
-2.46841
7.88997
29.1192
7.25897
13.7568
-0.230906
-0.785435
0.482388
1.08505
-0.495895
-1.16154
0.446347
0.694989
-0.0593856
0.406341
0.646078
-0.839796
-0.747883
2.00783
3.54088
-0.535074
0.373542
-1.31583
1.30229
1.87598
2.15873
-0.523949
7.08521
0.623159
-0.034028
5.00435
-1.32291
-0.577693
1.79567
1.4168
0.062263
6.43166
5.63557
-0.249269
0.119091
0.371885
1.12921
0.974249
0.960561
1.67529
0.676117
-0.06258
6.43401
-5.37669
0.353228
8.21504
22.0617
0.676097
1.13131
-0.140961
-0.119838
0.392627
2.21052
1.64107
6.19302
7.12397
1.58266
0.2559
0.592595
-0.0983713
-0.399298
0.21681
-8.96566
0.407607
-0.732869
-19.2282
0.740329
-0.422568
0.0866959
-0.0945851
0.1709
0.297783
-0.0277539
-1.41146
26.9377
-3.62039
-2.43313
-2.81828
0.575417
-1.44248
-0.421428
-8.05474
-18.4597
-0.270055
-7.74793
-3.47706
-1.12078
-0.539478
-0.76079
-4.51384
-0.222077
0.841677
2.47911
-1.89901
0.279149
-0.90253
3.24412
-1.22187
-0.549791
2.27941
0.420992
-0.260895
13.5645
-0.523218
0.189469
5.25408
-4.98055
0.967938
15.5218
-15.294
-0.438638
15.9327
0.121485
-0.67655
-1.14865
0.187999
-1.74441
-0.318752
1.01822
-8.61493
0.213949
0.28735
0.893514
-8.62032
18.9286
120.433
0.329952
0.0497894
1.4676
-0.801417
-1.35186
1.61684
0.144784
-7.26257
-8.18093
-0.657334
-0.569334
-0.347664
-3.15912
0.754367
0.707658
-0.856601
0.20704
-0.0866769
3.37166
-1.09823
1.38619
-0.597426
-0.635597
2.79263
1.98446
0.148287
-0.415622
0.372015
0.349119
4.06386
1.46862
0.341573
-134.491
-1.32912
-2.67863
4.04845
0.940629
-2.53054
9.36845
0.348326
-0.328514
-15.5893
-0.727687
-0.566649
0.3092
-0.525639
-0.297989
6.2877
8.70937
-0.233073
0.493593
1.69552
0.624446
-0.745762
-1.00374
-0.487751
-2.41551
2.99626
-0.345277
66.4307
-8.74317
-0.227812
-0.459479
0.0752094
-1.83579
-2.3495
-0.0487471
-0.206204
0.65654
1.9309
1.05959
-0.467766
0.0500516
-68.2893
-4.54195
-0.439864
4.204
14.098
0.460196
1.72531
-1.5727
-0.18519
0.59841
0.167434
-1.52586
-8.60521
0.812423
-54.3857
9.67632
-0.771854
-0.34207
-0.390098
-2.88621
0.982306
-4.57958
10.9923
0.137666
-0.531415
-22.8606
0.458196
-1.12208
1.44322
1.68288
2.44952
-1.32791
0.291072
-0.134323
0.543102
0.661999
-4.38545
-0.177425
3.70488
0.147653
-0.187122
35.5452
-140.186
0.143327
0.940521
-1.41819
0.154656
9.81079
2.46452
1.03788
12.9582
0.0140765
0.216321
1.85004
-0.469845
-1.12188
0.153655
0.455302
-0.452427
-2.41162
0.523023
4.75327
-0.884816
-11.2766
-0.736899
-0.0127438
0.558841
0.735111
-0.851868
0.537317
-1.42891
-1.74008
0.921534
-2.31969
-7.50552
-1.03451
-0.0826802
0.555265
-1.26048
1.75373
1.05519
4.94188
4.30069
1.32424
-2.05322
0.601275
32.7431
0.10737
0.643867
-0.223294
-0.0952184
0.426701
-20.8437
1.20554
-1.05898
3.73854
-1.82613
-1.26663
1.83716
6.55914
-5.35854
16.7171
-2.42535
1.65966
7.94259
-0.347141
-0.841115
-21.3225
-2.10748
0.335044
0.398643
0.535847
0.982235
0.310336
-5.19431
-1.44601
-0.624056
0.816341
0.206037
3.40679
0.452324
-0.159476
-1.76221
-2.93484
14.7528
-0.640115
-0.729107
-0.115746
-0.483405
3.28513
-0.262943
34.5719
-0.257312
-0.0833448
4.59045
-5.81098
-5.57238
2.84291
0.829727
83.0747
0.0397626
-0.390112
-0.077473
0.299614
0.279475
-0.82628
-0.0371586
-4.93927
1.00692
-1.00943
-1.35658
-0.1211
0.256413
1.19483
-0.604459
-4.6069
-2.1025
-120.422
2.11245
2.59352
0.280943
-1.8202
1.06707
0.252077
0.203397
-0.00867881
-1.59828
0.0318644
-0.888362
-10.2969
1.66602
-0.564619
0.42713
-8.09605
0.464887
-0.604345
-0.248791
-1.59647
62.4566
0.720251
-0.680778
-1.47279
-0.0129362
5.41837
-0.177509
-0.306418
-87.0519
0.200853
-0.668151
-0.895755
0.330456
1.95697
-0.244783
0.695035
-1.23239
1.04591
2.13345
-2.92941
1.16275
1.76091
-0.0114745
-0.0311124
5.65968
6.60192
0.751487
1.64426
1.09225
-1.5999
-16.583
0.00251789
-0.604511
-0.381328
-0.438186
-29.1829
0.351583
-4.04421
-1.26898
-0.325416
-0.147661
0.325221
-7.25155
0.102006
-4.74257
1.08932
2.43822
18.0369
0.668658
-1.2734
1.77432
14.8313
0.529459
-14.4592
0.3149
-0.784991
2.39332
0.337004
-4.07519
-0.762879
0.537901
-2.25652
7.28963
-1.48178
16.7138
-0.575289
-0.638953
-0.821838
-1.14206
-1.41821
-13.1168
-0.768236
-1371.26
-0.296951
-0.842868
3.80631
-2.24158
-0.740224
2.31958
-0.816491
-0.10145
-2.6721
0.362149
-1.81411
-2.00021
0.196064
-0.99037
-0.307901
1.39182
0.0647771
-3.3593
0.34902
0.433863
-0.549498
0.474814
0.732599
1.76697
0.131426
-1.21525
-2.36399
0.00952755
-559.594
-0.796023
-13.1892
-93.8425
0.289884
-0.833434
1.94665
-1.8691
-0.308801
-0.281546
3.97008
3.36174
1.0573
-0.611865
-1.47758
3.36142
-1.80916
3.30122
-2.73228
0.813247
-15.9171
-8.53446
0.468708
0.200647
-9.35293
2.00816
0.544716
0.607829
-1.8431
0.0762615
-0.243863
-0.0363194
4.21318
-4.70447
-2.47219
-0.74408
-0.0439772
-0.447303
-9.16469
0.0315675
1.77768
13.3849
-12.5118
-0.10617
-5.77178
-2.13603
-2.49623
0.497167
-0.317964
0.860075
-3.52543
-7.24374
-7.08626
1.33695
-10.4327
-10.2326
0.0113188
-0.208789
10.8457
-7.57115
-0.892676
-1.55171
-0.258623
-0.829029
4.94632
0.236909
-0.437536
6.03891
0.604681
0.0447705
-0.871019
-4.33787
-0.133282
-20.6667
101.762
-0.459314
0.997277
0.923574
-1.48512
-0.899803
0.475086
-2.33176
-0.501946
-0.392234
3.76317
0.00377329
-1.86997
0.0440198
0.330644
-0.336182
-2.6187
-6.45207
0.958837
0.704636
-0.246283
-3.45779
-0.323392
1.18134
0.399729
0.600249
-1.70736
-0.160761
0.43502
0.370618
1.4923
-1.3309
0.613351
0.403983
-3.13725
-3.14057
-2.25767
-1.49523
3.25574
-0.574539
0.223755
-3.41155
-1.82069
3.13274
-2.36767
-0.180878
0.963231
0.687516
0.844053
1.35041
-1.66859
1.56287
1.21779
3.95692
-0.121542
0.321347
-0.191934
0.625457
1.25523
-5.77516
-11.2983
-0.458672
0.390663
7.40754
0.661539
1.42308
-0.837786
-1.28487
2.44997
18.4947
-0.261285
0.14572
-1.42391
-4.85505
0.764906
0.962247
1.56406
-1.86874
-0.0799515
-2.93529
0.27635
-3.44983
1.01516
1.04631
3.81055
1.12929
1.05265
-1.31688
-10.6174
-1.71716
0.102586
0.0926327
-0.71655
-95.728
0.618523
2.33465
2.15034
-2.91319
-0.771496
12.7769
0.455495
1.96808
-2.37986
-0.0160571
-0.722944
-0.23342
-2.76256
0.0701545
-0.667498
-0.130504
-1.03025
-0.761559
-0.49614
4.20864
-0.23406
-0.723279
0.67955
-7.57684
-10.9057
1.75612
2.55741
-0.639061
-4.09288
-3.49966
1.64861
0.228196
-0.553933
-0.904053
-0.213665
-3.58522
-0.700092
3.55421
-0.456563
0.636545
-3.77597
1.34653
0.234034
-4.03407
0.621165
0.3024
6.96134
3.16352
-0.607758
1.30462
0.621244
-1.17826
2.76842
6.75697
-8.24522
0.928214
4.44243
-0.776692
2.69951
98.7395
0.917089
-0.19703
7.08827
-0.579915
1.06332
-0.613167
0.52511
0.470352
-9.50625
0.343721
-1.18731
0.366206
12.3432
-4.45381
-0.0534465
1.20783
1.24733
-2.8468
-2.33145
-0.368668
0.103717
2.69993
0.662801
-0.0304952
2.67748
3.33781
-1.07143
-0.592244
3.41983
-3.69414
1.03871
-5.67294
-0.00604877
1.76999
-5.27125
11.814
-1.10932
-1.36891
-0.782856
-0.0751919
-1.32297
0.465716
-0.37492
10.5462
-0.190123
5.35285
1.43322
-0.495979
-1.25722
3.79694
-1.80922
8.03804
1.89034
1.77091
20.0969
0.105613
-9.93044
-0.166939
5.15754
1.70663
-0.294035
-1.43778
-1.14275
-0.325571
3.36601
-0.997842
-2.19038
0.651616
-0.704697
1.47427
-1.41086
-7.5219
-83.3297
1.04275
1.69655
0.0246533
-15.3053
-0.0166293
6.9492
2.00239
0.495406
0.183007
0.28608
9.7425
-17.6996
1.07384
-4.13502
-18.9315
0.559857
-0.221795
0.807312
0.491092
-4.23659
-0.297918
-266.008
-0.811308
-3.94863
-0.297343
-0.328295
3.77232
-1.34097
-0.0682845
-2.01414
2.23065
-0.915497
-2.14176
-0.134546
2.39959
0.583605
0.419756
-1.51773
2.15031
-11.438
-10.0235
10.6602
-0.47135
3.90391
-0.06139
-1.18013
-0.65148
-0.630159
-3.55374
0.473016
-4.40046
-0.0650395
-3.71657
22.0865
-2.27466
0.399021
-0.280822
0.516913
0.260212
0.0247308
0.950531
0.0526601
-1.36651
0.378763
1.07175
0.360607
0.43896
0.180204
-1.2116
2.2202
4.76467
-1.46712
-3.12548
6.45607
0.44271
0.326799
-0.264669
-0.038687
0.390978
8.82137
0.350008
-0.752472
-0.130558
-2.76751
1.95778
-0.546946
2.0917
1.16541
0.871627
1.15595
1.76503
-5.41889
-0.0410809
-7.6222
1.63079
0.664365
2.84629
0.500534
0.174128
-0.0881075
-0.1743
4.36929
21.2893
0.11707
18.7158
-1.652
8.2837
4.22369
2.63019
0.367632
-0.806605
0.474712
-0.166256
2.70577
0.676108
-1.12291
16.8355
4.11422
-1.12411
0.975229
0.00637702
-5.23317
-1.79368
0.19167
1.07491
-1.03567
3.0348
-0.426696
-0.15583
-0.357588
0.17487
1.18013
1.94027
4.99097
0.173335
4.44009
-0.391802
-2.71733
-6.35635
-38.136
0.0572411
-0.324212
-2.41709
-2.7627
-2.20773
-0.17011
0.162947
-0.614242
-2.71461
0.0977651
-40.0507
0.414906
1.30235
-0.762589
0.566844
3.26413
-2.0973
-0.454544
0.938086
-1.22868
-3.70419
-1.08689
0.354066
0.0922851
0.86973
-1.71297
-9.9632
3.58294
82.9787
-0.169962
-1.96779
-1.01887
-0.676035
-0.0615726
5.56505
1.47068
-7.33159
1.08569
7.82948
1.40733
8.53828
-2.02484
1.86432
4.66066
4.68955
2.89729
-29.2099
-17.6701
-0.899512
0.451052
-0.0240714
1.77225
-3.08211
-0.427274
-1.28434
-0.959836
-1.38404
0.320287
-2.38951
0.311569
3.09575
-1.86146
-0.181789
1.42291
-0.461319
0.0862811
-0.389766
2.76267
1.02216
-4.01532
-1.63716
3.51329
-68.7105
0.590186
-1.61378
-1.11512
0.506924
0.00403901
224.625
-0.178188
-0.703284
0.408429
0.38694
1.15316
-0.302997
-6.35694
2.64373
-1.51922
-2.63406
6.48028
-0.596614
0.457991
-28.9441
-0.38524
-0.130011
0.37815
6.97881
0.931781
0.122848
-1.63677
-1.91528
-0.60324
-0.249153
-0.464538
0.536505
0.313108
0.38446
-0.850006
-18.3208
-0.641652
0.777054
-1.64651
-4.00078
-1.61174
-0.460032
-1.7109
1.93981
-0.848398
-15.01
0.0443484
0.489329
-3.98437
-0.795903
-5.32404
-5.61559
-1.65366
0.783388
0.105416
-4.98205
0.237505
-0.645566
-0.904802
1.01441
-1.02971
-7.96253
-1.89814
-0.888999
-4.41136
0.98132
-0.836726
1.11311
2.21434
0.148267
-8.96395
0.75303
0.473976
-0.916366
-4.03238
1.5275
-2.13222
0.47652
-4.88792
-0.348072
0.253424
-0.273646
-1.28948
1.60905
-0.978491
-0.299512
1.27219
0.573019
0.0352128
4.10181
-0.341447
-5.97618
1.13965
-0.68404
-0.0425785
-0.00823392
69.9573
-1.60832
0.00219664
0.873167
-34.1719
-10.3483
0.538102
3.07414
-0.217383
-0.462736
-0.387044
-0.0441576
0.305394
4.19461
1.90215
-0.0957461
3.9409
0.796397
-10.3555
-0.205476
3.55556
0.325344
-0.474468
-2.46135
15.091
6.69322
-0.127241
0.866525
-0.0426549
-0.076301
1.43803
2.86404
-0.539284
0.639281
0.0028874
2.74998
-0.815145
-0.449492
-29.5214
-0.286998
-0.174362
-0.181029
-1.87953
2.4288
-0.57581
-0.294251
0.768901
0.281294
-0.944525
1.5154
-0.368977
0.0769113
-3.58916
0.576466
0.0312017
-0.0525285
-0.0413128
9.45745
1.15835
-0.00719534
0.0841951
17.3013
-3.28547
0.531034
3.71892
18.2604
0.826277
3.7617
-11.5057
0.870081
14.8613
-14.3841
-4.55883
26.91
4.3159
-0.247923
-0.0286965
1.0932
-0.740946
11.8499
-3.08685
-5.79657
-0.0251003
-0.241983
0.514555
-1.41343
-1.35753
-1.60231
0.931667
0.248435
-4.00929
2.95876
0.134915
2.43976
-0.12359
-1.46773
5.06179
-1.60176
-9.39464
-1.15482
-3.93903
-0.0890021
1.36555
0.00538507
1.76896
-0.0241026
-0.83979
-2.65413
-2.50456
0.260357
-0.0440742
-2.68495
0.534805
-1.14293
-0.937778
4.55494
-0.614797
-2.876
0.554499
1.76592
0.215605
4.06729
-1.09056
-0.858955
-6.12258
0.097488
0.118857
1.58529
0.551045
0.163078
-1.13147
0.514691
-0.957672
-1.98177
-0.764708
-1.3628
-1.15347
-2.52068
1.81059
0.798232
0.290183
0.793948
2.90527
-1.13282
-2.61799
-1.11927
-2.41507
-0.272965
-20.3214
0.326879
-0.735499
0.359981
1.04649
-2.42951
9.31079
0.585267
-0.433539
-0.726714
0.787412
-0.543671
-0.0160275
-2.70606
1.0589
-6.80853
-0.319778
-0.0777573
1.85005
-18.6067
-2.8187
-0.564977
-2.99595
1.64432
0.299233
21.7025
-0.352268
1.4801
3.90791
-1.79817
-3.88246
-0.627617
-0.0643122
0.0872794
-0.18706
-41.8558
-1.0587
-2.01071
0.561072
-0.31745
-1.13277
0.337511
2.04438
-1.26981
0.131011
-0.929185
-3.41812
0.206703
-0.388459
5.12107
6.92324
-0.144838
2.41445
-1.47607
-2.13348
0.44436
-0.673571
1.98345
934.057
0.922673
-7.10254
-5.81561
-0.560281
0.450336
-0.373105
0.12526
0.0339306
0.406906
8.4739
1.15527
4.08177
0.274777
-3.26921
0.388981
-0.653413
-7.0778
3.29815
7.40655
-0.97187
-0.0931629
0.410992
-0.6918
-0.0634877
0.324037
0.595806
-0.25855
-5.6769
-1.59278
16.6769
-0.929168
-13.2299
0.676717
-1.72046
0.431486
2.55709
4.84104
1.4249
3.25235
3.3948
30.4929
2.43369
7.22941
-0.8146
0.0231615
-3.10944
-1.34374
3.28649
0.219602
-0.318286
-1.76032
-0.3361
-2.94435
-0.880206
0.498184
0.260923
3.52987
-4.53439
-0.756544
-0.306756
-0.517916
0.299517
0.557728
0.327078
-3.51993
0.649307
0.0769511
-3.42448
-0.420372
1.7517
-0.400472
2.07348
-1.29069
1.43133
-0.1136
1.38945
0.380433
-0.257864
-1.40208
-10.0808
-3.61733
1.60582
-1.76358
-0.41336
4.2479
-4.18639
-5.57497
-0.400308
-0.287423
3.74236
0.903152
1.31651
0.619029
-0.171191
-6.44593
-0.483084
0.788917
3.54373
0.926422
2.78782
0.6653
-3.21817
1.29306
-5.66566
-1.62038
7.87452
-0.19065
-3.70251
-0.550075
1.12021
-0.0859215
-9.1148
-0.760608
0.77611
0.548767
0.968736
0.0322501
-3.99647
0.602966
0.116335
246.818
4.35751
1.48448
2.20577
0.294307
-1.23099
1.65033
-0.71745
0.0298333
-3.70288
6.62871
1.56066
-0.511025
-0.637402
1.32257
2.06364
0.103724
0.10033
1.21993
-0.943631
0.0371707
0.220568
-7.7769
2.35277
-1.85596
-7.08833
-3.54288
0.25875
-1.9231
0.274314
1.20212
0.254589
-1.92753
1.94644
4.67506
-0.865942
7.77472
-0.523912
-1.77624
0.25591
-1.19659
0.586094
0.818793
-1.47037
-3.23739
-0.817327
-0.190282
-5.39203
1.93842
1.53966
-1.5558
4.76786
0.131765
0.953463
-5.57913
0.188746
-21.0452
0.00699529
-1.07414
1.95284
-1.47109
0.403954
0.115401
9.60919
5.34727
-2.41979
0.781945
2.81592
-6.53311
0.492684
0.120918
-1.63321
3.4895
-2.62915
0.210062
0.298162
0.318191
-0.504314
2.14636
-12.6614
-0.303381
-25.5947
1.86038
-0.314265
-0.848993
-0.623267
-1.52727
-0.289391
-0.358714
0.814308
0.378524
-0.117801
-1.86305
0.401012
-2.43252
-0.0393732
1.51918
-0.666117
0.993587
-1.87521
-1.59791
0.207218
-22.2229
0.0992485
-0.116363
0.9155
0.0965311
0.52058
0.0220797
-0.247993
-4.92052
1.1826
-5.29831
0.535759
0.514168
0.433865
0.545306
-0.324371
-0.449603
1.56628
0.408193
-0.660249
-0.610691
-0.119162
-2.37574
-3.00407
0.205566
0.756024
-0.349434
0.0661586
-0.168826
-0.0844822
0.49114
9.1368
1.56938
-0.194904
-0.215258
-2.55169
-1.20169
15.3575
1.23959
-5.13306
4.27476
-0.717785
0.351823
-1.2393
-1.67276
0.6246
66.4809
-4.65324
1.1321
5.04972
-0.735016
-1.01995
7.46129
-3.11609
6.04898
-2.32924
1.41189
-0.654261
2.63958
0.00193263
0.754603
-1.93003
3.17737
0.916297
-0.850535
0.736208
-0.0657129
-2.50402
0.338929
-0.356301
-2.14408
-4.67115
3.49694
-0.783492
3.65663
0.239885
2.53867
68.0755
-0.190547
-2.70455
0.589381
2.67454
0.471821
0.178228
-0.102268
-0.847039
3.34106
-0.0604171
-1.40855
0.516128
-0.547385
1.07786
-0.355463
-1.25683
1.16588
-0.529456
-0.0233243
17.0414
3.07463
-0.928743
-0.284135
4.89334
1.20363
-0.906817
-0.359111
2.2511
-1.40245
0.0250997
-0.121841
-3.07231
3.49057
-0.144447
0.834461
0.414117
-3.33806
-19.5974
-2.93338
-1.3207
4.15042
2.45352
-0.894326
-1.55991
-1.3042
-0.488075
-6.83101
2.12181
0.376377
-1.0151
0.232084
1.52487
0.262662
0.8007
0.324136
2.10187
3.93204
3.38645
-0.455022
1.53088
0.465236
0.0360874
2.99655
-1.35477
-1.08526
0.468369
-3.95391
-0.552397
0.349264
-0.707695
-0.786103
-0.514534
-3.11457
0.541726
3.21144
-0.213977
-3.59167
0.773022
1.0313
-3.61694
0.5046
0.862986
0.26293
0.44963
2.49267
1.70673
-7.335
-3.4033
2.97462
1.05715
1.90583
-103.646
1.30462
-1.14585
0.303919
-1.27788
-0.499104
-0.848257
-1.27834
-0.775051
-0.109103
-0.463133
-2.70822
-1.19152
1.19786
0.233347
-0.790091
1.53247
1.21053
0.134172
0.517275
-0.943711
-0.487762
0.581483
-0.282151
0.315606
1.01098
0.97399
0.570979
-0.103068
-0.344867
1.7568
0.0692689
-3.31131
0.578934
-0.498417
-0.639027
0.805979
-2.98714
3.64065
-0.211723
6.58486
1.36988
-4.86811
-5.23164
0.947276
28.6377
22.5189
2.11782
-4.24562
0.817799
-1.51276
-0.0329937
1.25842
-0.710574
0.613896
0.981002
-4.98761
0.23689
-0.00838624
1.82443
-0.0507021
0.430698
-0.451755
3.15282
-2.3767
-2.24698
4.96103
-0.551447
0.929653
-1.26243
-3.79232
-2.68034
0.539912
4.58725
0.0608494
-1.35983
-0.340635
-5.79342
0.0152986
-0.155715
0.613506
0.65671
-0.128546
0.734813
3.50472
-2.45331
0.37277
-2.94055
-4.3814
10.4903
-3.22939
0.147912
-0.478996
0.0152483
-4.26231
-60.6884
0.00704144
0.838204
-0.44791
-9.83662
-0.208538
0.356347
-1.32208
0.102277
-1.22445
2.47374
-8.15775
0.0512857
2.13629
-0.0160802
-0.808319
-12.76
-0.1141
-1.32949
-0.457099
-9.20787
0.535597
-2.24678
-0.585831
2.30249
1.01435
1.08033
1.2421
-0.927795
-25.2628
-0.853838
0.493172
3.93583
-0.211466
0.97468
0.0568698
-1.64686
1.01416
-21.8748
-0.310385
-7.57431
1.70434
0.576845
-1.19476
-0.668332
1.45785
0.0980146
0.379555
-0.528647
0.201256
-15.4132
-0.971939
6.17527
-1.96677
6.05009
0.175173
-0.344127
-0.49593
-1.84385
-8.49777
-1.42889
0.549755
-0.776287
-0.230228
5.56169
0.676358
-13.3415
-1.25264
-0.15477
-0.396691
-3.58358
0.403474
0.276809
-0.550897
-0.538035
-1.33966
-0.316884
-5.69905
0.313494
1.60511
0.615175
-0.410369
-3.61167
-19.155
0.0204543
1.50381
-1.77511
-11.8338
3.79384
-0.820466
-7.1153
-2.12124
1.09176
-0.20339
-0.943177
25.2841
3.6492
-2.70662
0.0344757
0.975132
2.01495
-1.51526
-0.167938
0.855718
1.27514
6.09858
0.181723
-1.91988
9.99876
-0.953626
-0.485729
-0.399756
1.282
-1.92069
-0.64473
-0.989014
0.437536
0.256856
-0.972522
20.9917
-3.13361
-0.197614
-5.36431
-109.305
1.20737
-0.590742
0.335661
-0.190315
0.273899
1.65439
-0.550969
1.60248
2.13414
2.17288
-0.687336
-0.282195
1.0333
0.934372
-0.278372
-2.68688
-1.93282
-3.11116
-0.0513889
-1.3701
0.342783
-0.461479
0.865942
0.210743
2.28186
9.18368
-2.01539
-0.0553475
2.18912
0.342304
-0.992932
-0.21582
0.833541
-0.649854
0.293075
-0.537367
-0.835404
1.01257
0.04916
0.268921
0.852341
3.52053
0.0590922
0.516098
-9.87312
-0.743532
3507.11
-0.863595
0.53587
-0.557772
1.55629
-0.0518469
18.3979
1.9395
0.816599
0.646185
-2.175
-0.68265
-0.0216919
-0.145399
-6.09526
-0.706549
0.227787
-0.46728
0.960437
-0.832274
-21.8343
-0.116349
-0.576921
-1.36252
2.52142
0.0374369
-0.680079
3.11793
1.62117
4.80911
-2.02023
-14.7012
1.28855
6.00302
0.473153
0.109176
0.0892181
-0.303069
0.949289
-1.29156
1.54682
0.217369
0.162567
1.17146
-6.77005
-0.0825163
0.507512
3.85011
-0.884103
-1.17477
-0.483893
0.193863
-1.01171
-0.526776
-0.317911
-0.652631
0.0776322
0.57144
0.107582
-4.50684
-1.937
2.24991
3.42404
1.68019
-0.718803
-0.537544
-0.381262
-6.33501
-0.581429
-0.471928
3.94871
-4.05838
-2.46017
-0.538814
4.05695
-0.351645
0.41001
0.928803
-1.49514
-0.116297
-1.98412
0.837232
-0.187241
-0.460714
7.01592
0.669405
0.0357521
1.19031
2.01967
-4.96891
-1.54064
0.674366
-0.930815
-0.8652
0.529429
-0.165209
0.819088
-0.902098
-0.275172
0.0521349
0.633575
-0.845676
0.826472
9.91991
0.958732
-1.38565
-7.66444
-7.71043
0.479936
0.437544
0.797458
-1.52333
-2.58914
-2.27552
2.27824
3.7815
1.30556
-12.3044
-0.929917
0.23092
-0.955322
0.0193803
-0.011745
1.71129
3.10919
0.318967
0.972742
-0.348205
-1.54298
-5.79132
-7.27342
-4.4058
-0.132859
-1.66554
6.33153
-2.85513
0.613761
0.504509
0.596366
1.34429
-1.28914
53.0141
-0.0124691
0.390138
-0.0089729
-0.149322
-0.134504
-0.229595
-2.9244
0.45137
0.816993
-0.655936
0.812572
-0.410496
-0.58222
1.61539
-1.33728
-0.530313
0.8772
0.314551
0.727913
-0.27972
2.24714
4.64507
-0.0876649
0.938031
3.09086
-0.703931
-0.698944
-0.00762893
0.490576
0.531903
1.13974
0.0981078
-1.70812
-1.11028
9.16029
0.308167
-3.52175
-0.137658
-6.17435
-0.842014
1.42408
0.0717442
-0.679434
-1.12522
-0.0788924
1.63817
4.24723
2.16171
0.524805
8.34124
-0.394545
-0.701466
-0.727484
-0.223842
1.02397
0.798427
0.223394
-0.588754
0.880067
-0.683288
4.32942
-3.91605
-6.09756
0.158904
1.92756
-0.231254
2.31664
0.300038
-1.56141
-2.70911
0.0355537
138.268
0.0625494
-0.710116
-0.866136
2.45146
-1.821
2.08663
-6.69326
-0.734956
0.680258
-0.498413
0.917474
4.68834
2.89643
0.646506
0.805021
16.3102
-0.815029
-0.938735
-4.40154
1.81728
-0.0889177
0.254529
-0.919189
-0.736339
-0.422365
3.2274
-0.47287
0.257295
-0.0984365
1.94268
1.13968
-5.00913
-0.58375
0.235558
-0.0124998
7.65492
0.0119288
-63.9569
4.6249
-1.99685
-0.19137
0.471292
-0.128066
-1.27118
-1.14227
0.0885852
-0.077239
-1.0171
-0.0299397
0.526043
-0.176735
-0.0656518
0.0522313
0.0915451
0.78297
0.24735
1.10218
-0.681242
-0.0558245
0.433331
0.201882
-1.96709
1.60819
-2.46645
-6.11677
5.60198
-1.30901
0.201102
-0.0633915
-6.66206
8.24772
-0.599737
-16.3483
2.05153
-0.409908
1.40331
296.966
-9.21198
-0.620433
1.39743
-0.314099
0.531024
-2.04326
-0.298043
-0.336092
0.0128355
1.97436
-0.159748
-0.533547
-2.40098
-0.485074
-0.11355
0.0194016
-0.847887
-3.00806
-1.1588
-0.135173
-3.38891
0.6422
-0.467527
-1.42946
-0.466616
0.28365
-1.00201
2.43025
-0.694698
-1.02423
-0.929091
2.42458
-0.677505
1.77571
1.01178
-0.576925
0.751876
1.53311
-2.64088
-1.67219
7.73346
-0.250938
-0.481396
0.714946
0.916323
5.46914
0.968524
0.0866177
1.03269
-0.180712
0.264257
2.32497
0.0305742
0.948363
2.66611
-0.411373
0.598588
-1.10989
2.89338
0.540075
2.59577
-1.04575
0.174033
2.46079
2.01842
-0.201511
2.51243
1.62907
0.677338
-0.0109193
1.21114
0.171183
-6.59892
0.841556
0.0730208
-1.63721
-0.700997
3.06614
-0.615315
1.03205
-1.70993
0.494822
-0.120489
-0.278648
0.635783
1.17609
-11.9814
0.51904
-1.77611
0.0923008
-0.191256
-0.693387
0.899044
11.5613
-1.16095
2.24639
-0.619574
-0.400677
-1.14839
0.837046
-36.1077
-0.556703
-0.187422
1.81371
0.647456
-13.9543
-0.745859
-28.0711
-4.62212
-3.81112
0.699766
-0.825762
-1.26774
13.6259
6.24354
0.452581
-4.96141
0.399512
0.124728
-2.24872
-0.389286
-0.0167218
-10.1493
51.4801
3.54506
-1.85269
-2.06635
-22.9803
-3.99274
-0.90455
0.264722
0.635191
-1.69616
-1.50009
-0.0897731
-0.359821
1.50726
0.855385
0.256
-1.12471
-0.499783
-1.21043
-0.333514
0.015473
54.9658
0.288196
-18.0341
-0.0891071
-1.14175
0.0361586
4.23255
-0.280779
-3.63223
2.26293
-0.432947
-0.615182
0.0339049
75.8276
-4.02915
-5.99566
0.333531
1.18421
-0.0616498
-1.65822
-0.768052
0.330138
0.206017
0.842668
-0.570455
0.965383
0.905339
0.206346
-0.936583
3.16324
-91.9791
-3.32078
0.404124
-1.27084
-0.53253
-2.04849
-0.33847
-0.095681
-0.190096
-3.53855
0.663915
-0.0273382
0.0870555
-0.171436
0.0501345
0.574533
2.80806
-2.63213
-0.0763963
0.0892187
-0.0398441
-0.788239
0.225765
-2.51894
0.617124
16.2668
0.270695
-57.9139
0.277632
3.32932
-2.35095
0.119392
-0.0724394
0.440982
3.79139
-0.155461
0.10194
-0.522981
-15.515
-1.77041
0.837536
-0.21395
-2.46111
1.4603
0.161271
-11.6711
-0.200813
9.03941
-1.84712
-1.16207
2.39797
7.14737
-0.0453158
-0.238416
1.04344
-4.70854
0.47988
-1.65178
-6.73069
55.3534
-0.487776
1.11644
1.78681
-1.0708
1.47568
0.233895
-0.0543764
-0.884502
11.5211
0.150687
0.597051
0.15039
18.3703
0.495948
-5.42912
2.2137
-0.527367
-0.700203
0.225685
4.85451
1.11932
5.5938
0.0493672
1.04464
13.8704
0.476248
-0.159261
0.41661
-0.925529
-8.72754
0.766755
0.554168
0.447359
0.882342
-4.5823
0.70417
12.458
-0.990398
0.228743
-7.84654
0.477371
-0.527019
-4.0189
0.973649
1.50565
-1.62463
-1.255
-21.4095
0.228247
-0.634546
-1.77618
-1.06716
-1.99587
0.71025
0.29079
-0.819827
2.11481
0.308238
-3.202
-0.765385
0.707083
5.04276
-1.71932
-0.0715197
23.0175
0.282036
-0.878094
0.0990599
-0.260109
-1.03011
4.60235
0.939764
0.28433
-0.280133
-0.228282
2.88234
-1.31696
11.7056
-1.24078
3.83531
1.28034
-0.271255
-0.781513
-0.751964
-0.862098
2.91487
-9.66329
-0.306493
-4.69456
-0.302849
-0.550301
-0.398332
1.07938
1.38329
0.280864
0.242237
-0.386734
-1.9231
-0.135448
-0.961366
0.482591
-0.985357
-0.196102
5.58219
-1.72518
3.81029
-4.13186
-18.2541
1.61813
-2.10174
0.351451
4.0347
-0.599819
0.941444
-1.7425
-0.104867
-1.34372
-1.70577
-0.385099
0.667372
-0.158771
0.549784
-1.0324
-1.20176
3.30004
-1.15963
0.855994
-0.0684994
-0.507582
-0.970756
5.0645
-0.550719
-0.106679
-0.0193777
-1.35491
-3.50334
-0.776434
1.66838
6.59828
1.98566
-1.2482
0.667569
1.76564
-1.54202
-3.43383
-0.0873579
-0.796189
0.450465
0.55634
-0.212127
0.744343
2.13206
-0.59165
-0.949103
0.250893
-0.722605
-0.134096
1.0932
-1.47735
8.43549
-0.797956
-2.34585
-10.0479
-1.59914
0.45496
-1.21401
2.68083
2.13186
-0.220282
3.45596
-1.07122
-3.937
0.840636
-0.176297
1.52237
-2.11572
2.31222
-2.37612
2.88438
0.3562
-2.28691
-0.0369888
-0.193342
0.102711
2.36531
-0.705558
0.0289093
0.221482
-0.830199
84.3173
0.450316
-8.44098
-0.440839
10.8965
-1.75706
7.19008
3.85535
-0.0142693
2.68368
0.313974
-0.0890781
1.38926
0.874094
0.680185
15.0811
33.4325
3.34671
-1.70931
6.48934
-4.21442
0.219472
-1.71769
-0.181853
0.886498
-3.3372
2.70573
0.150357
-0.667364
-2.33612
0.172135
3.16687
0.023828
-0.491784
-4.56963
-1.42214
3.98466
-12.6882
2.21815
-0.135798
-1.53892
-2.80206
-0.207593
27.4327
-0.612658
10.4011
-1.04063
2.33844
0.916032
-1.09374
-11.6476
14.69
-0.479558
-3.15922
-0.569329
-6.81782
1.51309
2.08489
0.369521
0.231086
-0.102642
-0.198003
1.45622
-3.45919
-1.11202
0.37846
-0.486123
1.51202
0.483347
-0.0122725
-5.60179
-1.48156
2.31321
1.18995
1.12924
-9.0815
1.06357
-0.518742
3.45385
-1.56276
3.7732
-1.35261
-0.123294
-0.348518
0.419855
-1.43735
-2.48296
-1.87587
-0.270617
2.50876
-4.0125
-0.0453996
3.79321
0.629812
-0.388923
-4.26253
-0.107545
5.13658
-0.0241683
-2.16559
0.273013
-2.37888
-0.500367
3.89801
0.252909
-0.11883
2.40704
-0.00809587
-2.21532
-2.10488
1.08267
-0.872344
-3.89327
-0.773041
5.67755
-0.534796
1.18199
0.502733
2.08547
-1.16956
-2.29625
-0.981095
-2.50627
-0.112805
-1.01173
-0.0172307
2.42151
2.9037
-4.78957
-1.77544
0.900501
-0.817655
6.84507
0.047182
0.420832
-2.28676
0.928889
-0.45454
0.707761
-0.139739
-1.69814
-0.24608
-0.241945
44.6578
0.560293
-0.996864
-0.135999
9.83085
0.479868
0.464726
-0.864706
-1.35305
600.409
-0.0955556
-0.188432
-1.4941
1.51267
1.01725
0.490258
0.184342
-0.403224
1.68661
-1.90908
0.546363
-7.87663
-0.543205
-2.44972
0.241882
1.15644
0.720123
1.02707
3.53847
1.2931
-5.36028
-0.728617
-0.439686
7.44635
0.210585
0.583593
7.6107
0.693601
0.847634
0.0626824
9.42328
0.868077
-0.286594
-2.4732
-0.560755
-5.97938
1.57762
-2.57392
0.621868
-2.82214
-14.3502
-2.2928
2.38814
11.6205
2.05467
-0.0938021
2.06539
-1.06847
0.0808814
0.240638
-0.535809
0.233402
2.4135
-42.8834
0.769318
-0.172708
0.114214
-3.6487
0.38731
0.238111
0.203379
0.704586
-0.019011
0.679051
2.40348
-0.749147
1.85387
2.77074
-0.846597
0.619805
1.23967
-0.315777
0.32242
-1.28421
-0.0937927
-0.623214
-2.91978
1.35184
-0.12143
-1.80574
-0.793125
-0.0578767
0.196355
0.607182
-16.4078
-1.58811
-4.59841
-4.07524
0.60608
0.270827
0.626864
1.14806
-2.13309
-1.64105
0.104486
-0.0674315
0.294795
-2.13041
0.914623
-0.766082
0.220961
-0.98506
-6.99097
10.8225
-0.938878
-0.591375
-0.987311
49.3978
-0.504513
-0.204454
-2.18324
-1.5493
-1.90977
0.95826
-1.55747
0.174125
-33.7661
-0.163017
-0.0916961
1.95809
0.465899
-1.18534
0.894166
0.30333
0.411103
-1.00051
-2.06818
1.54955
-1.63044
0.66876
1.14084
-5.30558
0.408456
-7.01795
-4.98157
0.32137
-2.9592
0.459437
0.755811
0.299091
0.609835
2.45599
-0.179969
-1.91733
-0.558639
-2.28775
-1.45673
-0.876913
-1.3001
0.046937
-1.64308
-2.46478
5.38287
2.22139
4.09362
1.92751
5.34558
0.0135043
1.21035
-2.04194
0.0844751
5.73902
1.87078
-1.80914
-11.9375
-0.334292
-0.323573
0.564479
0.262604
-0.783231
0.573724
6.36455
3.3723
-0.324259
-1.35343
0.342413
2.89452
-0.302952
0.648111
1.38483
1.86449
0.42304
-0.652462
-0.169743
-1.84304
-0.946878
2.9695
0.262897
-0.867782
0.989991
-0.244191
0.556912
-0.0983485
-4.22181
-1.45656
0.78661
0.415664
0.63672
1.15908
0.741076
-0.587366
0.4837
0.177946
-0.011609
2.28308
-0.982724
-0.484224
-0.461545
3.29083
0.746123
-8.0124
-0.812764
-7.3549
0.8006
0.167635
0.689619
-0.0464853
-1.49912
1.16652
1.61236
-3.86781
0.833033
-1.79009
-0.980673
1.26961
-0.367297
3.38078
1.73042
3.30248
-0.426887
1.1127
0.22905
1.38378
-0.623482
-17.3704
0.00254271
-0.0452869
-2.49191
-0.562096
1.11642
-0.206889
0.645557
-1.27926
85.5414
1.99781
-1.16403
-2.19699
2.12277
-0.0787642
0.0100092
-3.88335
1.02588
2.23428
-0.297258
-2.81021
3.79876
6.72835
-0.495522
2.57282
0.419553
0.596995
0.544205
-1.75519
2.21267
-0.765052
26.9763
1.16548
-0.0503542
0.734488
0.389075
0.0613734
-1.19892
-0.986859
-1.29203
0.173546
1.57162
-1.92456
0.318891
-43.2755
0.0260885
-1.30937
-5.79024
0.234299
-1.19846
2.0403
-4.02927
-5.03682
-2.90837
-0.828067
-0.783159
-0.247432
-13.8693
-4.85835
-0.311892
2.6522
-0.481536
-5.60168
5.79868
0.15988
-0.0948002
0.379103
0.210697
-0.576452
-0.941861
-1.06934
-0.364116
-0.353705
-5.51539
-0.0726816
0.948916
-1.4645
-0.163038
0.771492
-0.646639
3.34908
-1.613
0.959989
-12.7675
1.9622
2.15726
1.19958
2.14764
2.35736
0.49553
-7.47663
1.82962
0.390331
-95.7418
1.61465
0.0490046
60.1422
0.592379
-20.0325
0.194282
-3.11272
-6.14907
-1.45386
0.628848
1.95376
5.68749
0.0382253
-3.16355
-2.90388
-0.00756096
1.26174
-2.15763
0.406166
-0.431505
-0.758611
-66.1913
4.64119
12.2377
-0.957897
0.00977578
-11.0073
1.24489
0.0231899
-4.91298
0.340443
-0.270931
-3.8031
-0.00012527
-0.178075
1.79531
-0.773409
4.66051
-3.0756
-1.54772
-0.905977
2.31797
0.185453
-65.0459
-6.86726
2.55908
-0.674988
1.26352
-0.319658
-2.60344
-4.88403
-1.14157
-4.27622
-0.0432161
-2.75887
-3.9886
-0.154522
-0.586154
-13.3367
0.281718
2.99125
-1.85992
1.64405
3.90467
-63.2547
-0.294161
0.619698
-8.98847
-14.8545
4.12268
1.18619
0.608573
-6.55302
-0.729264
0.826727
-1.05297
-1.11324
-0.74651
-3.05948
0.361416
0.0181342
0.721382
1.85907
-1.40004
0.269793
7.64165
-0.692476
-0.528769
9.30431
3.94498
-6.27241
22.3059
4.86175
-56.4937
3.65
-8.31087
0.189837
0.0172651
-1.30115
-0.11536
-2.46173
0.261374
0.210453
-3.75901
-0.22477
3.59369
-0.392284
1.5081
-1.03912
1.50977
-1.35611
0.221657
-0.163509
-12.582
3.43252
-0.344554
0.123763
-2.64224
-0.233922
-0.802834
-2.79404
-1.29371
-0.194833
2.00228
-0.0101624
-0.740701
0.760694
5.23533
0.556066
-3.03492
-0.569381
1.18824
0.386817
-0.88065
-0.704217
-0.547653
-0.0371042
-1.55607
-0.166306
1.4628
-2.32776
1.57956
0.139378
-0.43329
2.44009
-16.7418
-0.00478228
-7.07766
4.57086
-2.28187
-1.27372
-1.49909
-0.906491
-0.219676
0.641189
-92.7362
-0.419415
0.57198
1.73367
-0.370615
4.5991
-18.8816
0.326657
-2.18624
0.529047
-0.576344
2.65871
-0.618285
0.96415
-0.0523532
-1.24019
-0.0773953
-0.631796
-0.566169
-3.50922
2.97133
-0.0886098
4.27183
-0.172429
0.973903
0.0252609
-2.53389
1.1694
-0.285241
1.53619
0.670924
-0.181429
1.18827
-2.20373
-0.113463
6.64787
-0.957715
0.119054
-3.77625
-0.0725944
-0.496729
5.17697
0.808108
-0.889652
14.6602
40.2643
-0.0563191
-1.2397
-9.86369
1.75818
2.18713
-2.30376
2.06812
-0.727019
-1.49843
0.734848
-48.1608
0.712573
201.336
-0.715563
4.25429
1.93007
-5.69722
0.075462
0.618336
-0.100699
0.732809
-4.27961
1.40126
0.32116
-0.29032
-0.284728
7.98394
2.49242
-0.240909
-0.604872
0.847708
2.51298
-2.74488
-101.21
0.190872
1.7022
-6.14813
0.0283932
0.186451
-5.12899
-18.2424
0.367744
-0.0103581
0.038668
-0.147267
0.722707
-1.27893
-68.4049
-0.740804
61.6533
0.415071
5.52387
1.41485
0.0824234
0.25418
3.48645
0.968649
1.00216
4.14842
0.451649
-2.93593
0.675671
0.957188
0.453548
2.73689
-8.37797
0.0657308
-0.329352
1.13237
0.547871
0.0787679
-0.367648
1.45194
0.37976
-0.807464
0.0528013
0.87727
1.95595
-0.552929
0.563855
1.67734
0.237588
-0.427693
-1.43574
1.84234
-0.422274
0.303149
-0.30135
-0.520632
-1.54544
-1.20005
-0.414316
-0.229503
0.850163
2.28605
0.324698
-3.56888
-2.23142
0.174083
-0.0710874
1.18594
1.36586
-0.505308
0.890144
-1.07106
-0.297583
-0.336013
0.935554
5714.43
-3.02826
-2.87595
-1.49031
-1.84262
1.98496
2.18554
1.28838
11.3837
0.887814
-10.5574
-0.872016
0.369463
-0.517996
-3.09983
-1.41936
-0.44722
0.843303
-1.582
1.95002
1.05666
1.87556
1.49198
-0.797815
-1.24309
-0.449813
-0.711713
-1.48275
-5.92113
2.23043
-0.171193
0.513218
0.121162
4.15049
-0.186827
-2.10072
0.0458626
-1.37742
2.53256
-0.330208
-0.61761
-6.01353
0.470234
3.08918
-0.0743376
0.649251
-0.863115
-0.845203
-3.86028
-4.88248
-0.864458
0.325705
3.8206
0.300307
-1.25223
-0.0571126
0.821539
2.3227
-2.02629
-0.584467
-0.775377
0.688626
-2.4734
2.51282
0.277235
-4.43097
-0.181118
0.0523353
4.41742
-5.44407
-1.87129
0.0522608
-4.69814
-5.45351
5.31649
0.470714
-0.048865
0.680905
-3.4311
-0.565171
-0.782254
5.25736
0.873205
1.47625
5.06888
1.06053
-0.00635977
-3.78103
2.56728
-0.722487
-23.8021
-2.38399
0.985305
-0.290512
0.890195
0.333114
2.74846
6.98216
3.95733
0.230894
0.804146
2.05451
1.21402
-40813.4
1.30785
0.745278
3.40289
-0.978345
1.86209
-0.0393107
-2.46631
-1.69152
1.80156
1.11953
1.32601
-0.619791
1.3315
-0.570771
-0.860699
-0.656347
1.29283
-3.48016
-0.401532
3.31504
0.951677
0.470069
0.417365
-0.0148637
2.51216
4.15478
0.608652
-0.0974988
-0.649138
3.03387
-0.457823
-0.425181
-1.54207
3.93214
-1.51148
14.4257
22.0621
0.279914
0.849832
3.49213
-0.41149
-2.89303
-1.25351
-1.76387
0.463074
0.697261
-0.478817
-0.365926
-10.6212
1.21009
-0.266433
0.474701
-1.22336
-43.7416
0.50298
2.8923
-0.45947
0.241014
0.0720559
-1.16302
1.41999
-19.5459
-8.92653
2.12193
-1.08179
0.380936
11.6205
5.22165
2.9295
-0.273455
0.392893
-2.47916
0.146325
3.60169
-3.78091
0.0173839
9.64225
-0.326572
-13.2864
0.78177
1.24938
1.23571
-0.317876
1.18479
6.53739
0.952142
2.33291
1.78405
-2.17443
2.26812
-1.83665
-2.28882
0.392872
-0.207064
-0.397995
0.149331
0.534002
0.374158
-1.20954
-0.701168
0.661454
0.259514
-0.4573
29.5613
-0.706513
-1.14875
-0.0412892
0.141843
2.4294
-0.089316
-0.0370016
1.11742
0.00156803
-8.20184
-2.37585
-1.11398
-0.891171
0.372534
-0.345215
-55.9935
2.60491
0.613548
-3.2027
-0.140934
-7.53229
-21.8262
-0.183671
0.48265
0.340568
-0.555602
1.37084
1.95224
-4.9774
-39.1187
-17.2502
0.439558
-0.248544
2.13024
-2.79823
-0.289794
-12.4783
-274.363
-0.76106
-0.815891
2.8941
1.31622
1.92718
0.907095
11.8334
2.56441
0.348274
4.16903
1.41793
-25.9215
-0.0546003
17.7823
3.3743
-0.0115523
-2.03014
0.996821
-0.493766
2.04175
0.853937
4.18164
0.0020081
-1.9794
14.5157
0.0769632
-0.0172884
-0.63992
4.83763
0.102097
-1.39738
-1.19695
1.22789
0.209627
-2.12949
1.33811
11.1033
2.13978
-0.00833234
0.179358
-2.27182
-4.57459
0.120119
-0.0790908
-0.315865
-0.00854532
-2.91097
0.52688
-1.54292
2.93307
-0.0919294
0.289776
0.243135
-31.4401
0.548476
0.314064
0.588159
0.751367
11.8169
-2.49839
0.924311
2.76581
-5.99324
-0.739214
2.62293
-2.52315
0.145807
-0.166995
1.29632
-19.8592
-1.53979
-0.512414
-0.547143
-0.27324
-3.46867
0.255995
-5.07211
-1.90428
0.964044
-0.119626
0.144575
-1.31328
-1.42536
10.0584
-4.20076
0.403202
0.59995
1.26435
-1.02766
-0.197259
3.66703
2.23433
1.426
-129.75
0.0547032
-0.705067
-1.08928
-1.68499
-0.0520252
3.86546
0.185527
-0.453326
-0.561396
-0.268639
-0.59895
2.7444
77.344
4.65264
10.2007
1.60294
-1.17071
-1.1682
-0.728671
0.719161
-2.85657
9.04269
5.34362
3.86754
-1.58364
-0.436254
-1.12979
-0.255564
-0.29682
1.68752
-29.3717
-23.3997
-0.239776
-2.15738
0.76182
-0.723891
0.999357
1.51587
4.34828
-0.466055
1.66997
0.645722
1.98932
-0.351797
-0.573437
0.167689
-0.980471
-1.39849
-0.603378
-5.09292
-0.402038
-0.383443
-2.5929
-0.735644
0.17815
-0.581685
1.71332
0.474759
27.0482
0.935757
-0.0652526
-2.07936
-2.67375
-0.644712
-0.599906
0.727394
-1.67485
-41.6304
0.896593
6.20606
-2.71709
0.259485
-0.227127
-0.586114
0.577301
-1.29415
3.55315
0.0974008
0.544095
-0.239978
-3.82251
4.9345
-0.606326
1.01793
0.745161
2.83831
2.36939
0.713192
0.500898
-0.623144
0.778783
-1.23791
-0.441366
1.05111
-1.10189
-0.353378
-11.1624
-5.10937
4.41559
30.1379
-2.28537
-1.09777
-1.14792
0.338658
-2.88161
0.43966
-0.322292
0.937156
-1.53139
-0.786877
-1.37158
0.718078
2.41577
0.326451
0.390903
-1.86067
1.61349
-0.457818
-0.362644
-0.210851
3.43657
0.465261
-0.171364
-0.407814
0.145494
0.590543
2.54472
6.45344
-1.50837
-0.592102
-3.50826
-0.118802
1.39882
-0.502721
0.637831
14.7328
-0.614847
0.535385
-1.40456
-3.9571
1.71805
-0.903234
0.313448
-0.726637
3.14759
0.439931
-2.00104
-3.7172
-1.17317
-0.518978
-0.610097
-2.45496
-0.545682
-0.0866967
0.122887
-0.969978
-2.60303
-1.19111
0.130864
1.72328
-0.241449
-0.902283
3.0137
38.3335
1.77692
-0.213057
-0.704127
-1.02646
2.29635
0.44848
5.2026
-0.216745
1.57834
-0.961164
-0.279542
2.85277
5.09252
-0.31673
0.960489
-0.418655
-0.354374
0.206406
-0.495214
0.151117
-0.354219
-0.579223
-1.0591
0.722658
9.89844
-2.40746
-0.157385
6.24427
0.670995
-0.919223
0.291386
0.176976
-26.1912
0.867607
-0.25119
-0.536494
-0.868616
-0.36773
-4.24559
0.777386
-1.1343
-0.600289
3.83623
-4.02121
0.351264
-2.89909
2.08407
1.73478
-3.19984
0.0218937
-2.01931
-1.50003
0.199637
-0.110671
35.2454
-0.0469465
35.3933
0.667768
0.460759
-0.220312
2.82808
-0.41185
-1.15993
1.21938
-2.17353
1.02788
-2.79795
-0.668686
-5.92352
-0.998296
-1.87939
0.151742
1.51081
-5.3855
1.7212
-0.0560936
-0.715639
-1.13182
0.275124
0.0907515
-0.367512
0.568327
1.59978
0.749633
-0.783008
-7.64937
4.311
-0.28758
3.01447
0.0658306
-1.13327
0.726315
2.73146
-0.597957
-0.488829
-3.69364
-0.390255
3.54145
-8.2596
0.446819
-7.61242
0.45799
0.00986102
-0.225267
-0.198808
-2.42401
-1.05911
-1.02853
-1.73379
-6.04666
-1.72652
-5.78592
-6.97162
-3.4307
-0.253968
3.07604
-9.00438
53.7083
-0.290187
0.666825
1.26181
-0.464539
-4.43262
2.92761
-0.414113
3.79506
-2.3172
-2.56281
1.2487
-0.286694
0.0291981
-3.15018
-6.4437
0.453893
29.3689
-0.790441
-0.043283
0.123051
-1.08518
-100.409
-1.854
2.93206
-1.82045
2.58222
-20.5208
-0.69972
0.099433
-3.97061
-0.281963
-0.825838
-3.2737
0.790986
-2.44388
0.693885
-19.98
-1.92531
0.383096
-0.143561
-0.484322
0.941246
-0.533066
0.269158
26.5882
0.27521
1.2006
0.711529
-1.03061
0.525256
-0.631586
-0.464618
-34.8508
0.386133
0.0984106
-1.62896
-0.379472
-0.0202077
0.429319
-1.24279
-1.61915
-2.6707
-3.51175
0.0836451
0.259053
-4.1314
1.6328
2.51891
-0.123148
0.128688
-0.542392
54.4183
1.40917
-0.409536
-1.65969
1.41714
0.182126
1.06321
-0.26513
0.540855
0.80603
0.47518
0.569772
2.63539
1.68143
-0.831428
-0.531167
3.97557
2.78088
-0.120608
-5.30659
1.12999
-0.269569
1.205
1.01772
12.5447
1.68153
-107.395
-0.197724
0.233291
0.295899
1.55728
3.5452
6.04205
2.75364
-2.38399
0.0999926
-0.334082
0.749758
0.0430613
-0.444441
-1.33442
-0.748774
-1.00244
0.567693
-1.59686
-0.0828461
-0.0952629
1.6944
-1.75466
0.0783336
1.54214
0.00864446
-0.0234371
-1.1312
1.01997
1.41393
2.20066
-0.315179
1.27032
-1.04454
0.170235
-0.349211
1.19177
0.854598
0.02731
0.857806
0.0141103
0.402353
-3.13746
-0.351741
-0.439391
0.434942
3.6171
2.85791
0.995953
-1.13086
-1.56871
-0.219163
4.0403
-1.87607
3.28925
4.55456
-0.592651
1.35148
1.99885
3.53373
1.10044
2.84407
-0.241471
1.05895
-1.3475
1.29036
2.34356
-1.34472
1.56577
0.0338144
0.824092
-7.23729
2.64568
0.38776
-0.538796
-9.07233
-0.197815
-0.0431219
0.0677555
0.154585
-0.263219
-1.6852
-0.901327
-5.1538
1.1758
-1.01643
0.0849503
0.805412
8.54527
-0.323142
0.243698
0.459327
0.736018
1.47652
0.420996
2.85714
-0.105425
1.39551
0.334964
0.306957
549.346
0.305693
-0.204785
-0.0129801
-1.4674
-4.0862
-0.374031
-0.561394
2.18398
0.712353
3.65802
-11.0097
1.25745
1.69944
1.71221
0.253523
-0.175027
0.334957
2.03089
4.10014
1.10531
-1.85841
3.5683
0.219743
-0.901313
-0.00859071
0.316721
-2.29744
2.87281
-0.964706
-0.163323
3.14001
-2.94618
15.3381
0.657338
2.29975
0.614253
-0.605486
1.09934
0.14371
0.928775
0.181784
1.08439
-0.236144
0.140097
4.6063
1.03818
-1.59264
0.486701
2.02743
1.10006
-0.76234
0.317242
0.960896
0.86492
-10.1242
1.17295
-0.79629
1.45306
11.5032
-0.43329
1.57744
10.84
-8.1849
-284.302
1.17566
-1.99443
0.030771
-4.59615
2.9043
-0.296968
-1.57133
-1.63193
-1.21557
-0.292127
-3.22992
-52.2322
1.33522
-0.498914
0.120305
-0.0776646
-0.440882
0.979321
1.08173
1.44333
0.341599
-1.75979
0.794914
1.77425
-10.5504
0.0598663
-9.71723
-0.0422565
-2.70528
3.36098
0.918989
7.7902
1.70369
-5.81608
0.471184
-0.439663
-4.17239
-1.15245
0.234943
-0.936106
1.08651
-2.72279
-2.31484
-0.770244
-2.28189
-0.414672
0.163312
-4.21806
11.7748
2.06697
-1.75264
-2.19522
1.4583
-0.0454512
0.859127
-0.714234
2.7211
0.00894606
-0.178015
-0.287688
-0.0375114
-0.0317934
4.13498
-2.86729
13.4124
-0.224707
8.4198
-19.6227
-0.831943
2.16942
-1.88629
4.95855
-1.71574
3.17698
-2.9695
-3.97634
-0.43775
8.88417
2.06723
2.40215
-0.158889
0.0263914
0.018062
2.1557
-0.2674
-0.427913
-0.168863
-2.56224
-0.280832
-0.451733
15.6558
-2.65653
0.737351
0.195734
-28.2463
-0.774876
-0.276785
3.39494
-0.363851
-1.19453
-0.651927
5.68458
-0.192362
3.83849
0.337499
-0.00668507
0.785944
0.706459
-0.413422
1.80567
-24.3325
-0.394597
-3.21982
0.0774221
-0.472382
2.08629
0.309178
-0.805389
-0.0316244
-21.1751
0.852486
1.78878
-0.809691
2.55727
-0.813287
0.41057
-2.18913
0.233097
-0.342343
-2.37064
2.16248
0.281333
-1.44708
-0.331247
0.876344
0.785543
0.0764447
-2.36863
1.21481
0.663746
1.68284
-1.17013
0.820855
1.18502
-1.22233
-0.216513
3.226
0.379201
-0.34064
0.699935
0.482871
-1.242
-0.831132
-1.27708
-5.08063
-1.75619
-0.742282
0.183233
9.41396
7.62461
-14.021
-0.694041
-2.45858
7.07545
0.81962
-0.362476
7.15048
3.51045
0.712762
0.20851
-2.09271
2.31756
9.56019
0.647791
2.70269
-1.19443
-0.196264
-1.62655
0.329675
-1.11752
0.899934
0.589336
0.321622
-1.24267
-2.14298
-0.68819
-3.10144
3.44924
0.573017
2.52029
0.397927
-0.533703
1.59578
-0.355983
-2.97413
-0.122499
-3.41503
0.617527
-6.15149
1.69577
-2.01511
-0.372801
-0.133387
-0.953437
-0.1529
2.46516
0.283212
0.309643
-1.49381
-0.122332
0.284215
0.139372
2.8143
-0.0793305
-0.31565
-0.236695
0.387684
0.0121762
0.699714
-0.467413
0.00979671
55.336
1.08758
11.8369
0.112351
-2.85695
6.37326
0.776808
-1.37762
0.752719
0.99008
1.06736
-0.302986
1.01249
-0.337631
-18.6235
2.08872
-0.663224
1.1596
-0.490314
-0.428265
112.817
0.277938
-3.13787
3.44476
0.559872
-3.29132
-1.51425
-2.99006
0.042421
-0.265124
-3.20859
-5.24379
0.944007
-0.536724
0.455784
0.773301
0.579107
0.709542
-3.4534
2.97818
0.905645
-3.38178
-1.15845
14.0298
-0.287119
-3.0797
1.97805
-0.86281
5.28388
-1.87601
0.279388
-11.6447
0.508619
0.271243
-0.00107299
0.262989
-1.87752
-0.457938
-14.5124
2.87412
-0.177058
0.213886
0.812777
1.46236
-2.18379
-2.40057
0.12714
-6.73581
-5.4789
-6.17536
-1.53853
-1.56386
-0.233663
3.18067
-1.01692
0.368712
-13.594
0.939316
0.833258
-0.24402
-1.52237
0.280924
-0.991046
-1.18428
-0.958958
0.023912
-2.23856
-0.845796
-2.63067
-1.83464
-0.91176
1.36757
0.409128
2.86926
1.64555
-0.130532
-0.0434131
0.0874228
0.338508
1.09228
0.517998
-9.8622
0.593338
2.88293
0.0825563
-3.15966
1.49944
3.90233
2.57351
0.0624919
-0.482694
-1.54417
0.410451
-0.354789
34.886
0.438339
-2.16367
1.19403
-3.02281
0.357263
0.248397
-0.826488
-1.66729
0.258899
-0.796339
-5.52905
3.8684
-2.4592
-0.846663
0.443512
1.40514
-0.889209
1.61965
-1.00413
3.91899
0.197456
1.17084
0.0929442
-4.8041
1.2319
1.26741
0.0282183
3.87328
-0.292111
7.80634
-1.50322
-0.00490949
2.19314
-3.48959
0.125687
-0.88777
-1.73709
0.563377
1.7501
0.0643266
0.115708
0.940001
0.399222
0.364692
-0.596198
0.205245
-0.348637
0.481803
1.05273
-4.10114
0.960382
0.908307
0.168799
-0.656026
-0.973229
-0.191623
-6.46561
-2.20454
-0.160482
59.4634
-1.15906
3.57051
-1.19712
0.109522
-1.71793
2.07227
-0.197216
1.03886
0.572148
-0.43525
1.60279
2.2388
0.808583
-0.586475
0.288685
-1.8326
-0.0618125
16.5141
-0.190508
5.27722
-0.217823
-0.915269
-0.696915
-0.23636
-0.847681
-1.73321
-1.31774
0.836646
-0.248723
3.3934
-0.00542825
-0.686599
1.12686
-24.2087
0.299663
0.0556756
0.938775
-0.988077
2.71085
0.588663
-0.477523
7.78057
-0.332217
3.30262
0.342515
0.0818388
0.16144
0.936982
-1.84626
-2.28055
-0.498191
-1.70703
-33.6293
0.580805
0.303134
-0.20524
-1.34398
-4.32057
-0.222236
1.45038
-7.89491
5.85237
3.88623
-1.54798
-1.19856
-0.167766
-0.158489
-3.46869
7.16105
-3.55157
0.190214
-2.10537
-3.08294
-0.263179
-2.19312
-0.124873
1.12633
0.457053
-3.09041
-0.717357
-0.402249
-1.77413
-2.10067
-8.51651
0.120245
0.24242
-18.0583
8.41014
-0.958656
1.47295
-3.19659
1.23666
3.95843
-6.97423
-2.50922
-1.28367
-0.0776136
-8.40937
3.70052
0.256609
-0.819758
1.35294
2.51258
1.54296
-7.47904
0.460269
-2.38478
-0.680105
0.43326
1.45997
5.65363
2.41999
-0.0119005
0.118013
0.167836
1.70287
-3.12249
-3.64502
0.443058
-2.14758
-1.04229
-0.540239
-0.570239
0.255236
-1.0948
-1.93411
1.94613
0.591388
0.0363817
-1.73547
-0.15133
-0.257677
2.18442
-4.23377
-0.269074
-0.696869
-4.74443
-0.60612
0.660488
6.73411
1.61527
-1.02292
1.04401
-62.5638
-1.91374
-0.330409
1.66669
-1.60292
-0.116544
0.527331
-6.60251
-0.781157
-0.339302
0.137915
-3.14201
-2.64871
0.534687
0.416095
-0.610053
0.653475
5.95048
1.42859
-1.43548
1.15079
0.731505
-0.33574
7.18376
1.17913
-0.255508
1.44021
0.387551
1.77439
1.17969
30.3235
-4.93562
2.06992
-3.15866
0.668144
-0.124924
-3.40766
-1.08417
-0.632479
4.27201
0.841015
-3.02616
2.24915
-0.78899
0.498606
0.284228
-4.86133
-1.15584
-8.34234
-0.566342
-0.590355
-0.935169
-3.60175
-2.59963
-15.1638
5.33008
0.731012
-1.45762
0.167961
4.08938
-0.43536
15.7218
-0.0463197
-0.729703
-0.0872889
-0.872007
-4.25754
0.607519
-0.498751
-1.38657
-2.51641
1.99181
0.18432
-2.26431
-3.30562
-33.8587
-0.350921
0.523532
0.252626
-4.51659
-70.8417
-5.88147
-50.3004
-3.65792
-1.43869
0.307089
0.88578
-0.575766
-0.780637
-0.0434027
0.438758
-1.17109
0.295957
0.45777
-2.542
0.0841095
-0.294918
-0.211878
-0.0060882
-3.95621
1.16865
-0.0772388
-0.776446
0.575262
-0.158151
1.2168
0.552512
-1.25507
-1.37053
0.816287
0.291056
-2.37209
-2.66403
-0.0985399
1.84044
0.0544284
-0.226431
-1.17134
-3.4687
0.76893
-0.497049
0.82112
-131.033
1.50556
-1.41523
-17.2178
0.667544
-29.1068
1.73288
-0.42386
-3.64347
0.0728511
-0.505606
0.190643
0.059721
0.884339
0.218512
-0.00819135
-0.86328
-0.0961215
-0.318959
0.438516
-2.13805
2.58262
-1.24999
1.15982
-0.106809
-0.711592
-1.42392
5.09876
-0.898853
0.21502
0.260612
0.574159
-1.54543
0.692165
3.76834
0.777396
0.0757093
1.41503
0.0312675
1.5285
-0.36198
3.01496
-0.566793
0.463915
0.0405975
0.76818
-115.286
0.519318
-0.422698
0.00841343
12.7918
-0.340816
-22.1171
0.446786
3.28043
10.3947
-7.12172
1.13686
0.0285314
-2.44376
16.3714
-3.04576
-10.2606
1.45908
1.76419
1.27231
0.042364
0.786853
0.854407
0.19112
1.68171
-2.91923
12.4741
0.481295
2.39414
-3.05674
-4.51966
0.573474
1.77412
1.21941
-1.63168
4.77163
0.339894
0.433144
-1.1844
-1.24985
-0.843994
0.903481
-0.836357
-5.36061
9.61599
2.17002
-2.47211
1.49702
2.43762
-0.281458
0.10652
1.79373
-21.5072
0.655864
-0.0603071
0.537848
-9.19252
1.75397
1.22224
0.54947
-0.659161
0.676773
0.354187
-0.92115
1.92251
-1.21267
-0.487379
5.71318
-0.32965
0.572123
-13.4692
0.538825
0.136398
0.845939
-1.45304
0.481752
0.864923
0.864055
0.531927
0.470702
0.581344
0.285028
-0.591982
-0.976469
-0.62069
1.50884
-0.479555
0.0404782
-26.4198
-4.82876
-0.26281
-4.46957
-0.789375
-0.118881
0.645236
0.160823
2.31283
0.48387
-0.282216
-52.6636
-1.09129
-0.0538221
1.8951
0.631167
-1.39254
-1.65697
-10.6722
0.956917
0.012789
-14.3354
0.289596
2.89215
0.510586
-2.45592
0.135957
1.70485
3.21971
-0.988115
-12.8149
1.60974
0.140431
13.5158
0.526488
-1.38022
-0.858658
-0.626534
0.847237
-1.01198
-2.06843
-1.53654
-3.12309
-0.204835
0.235849
-1.35965
-0.362797
0.186043
0.37197
-0.602314
-0.209244
1.29139
0.2209
-0.0769676
-0.663964
-2.64688
-0.99613
-0.932373
-0.0296413
5.02808
1.88096
-19.7053
0.142362
0.138315
1.14974
-0.444652
3.04477
12.3696
-0.705462
-0.844793
1.06273
0.47134
-0.433674
1.65572
1.25415
0.295851
3.40645
-0.218529
-1.02827
-2.36681
-0.818154
0.493492
-1.26429
-1.24528
6.56948
-0.530898
-0.283722
-0.0206126
-5.30872
0.093139
-0.238637
-1.26155
2.6206
0.230684
0.633537
-0.0518149
-1.88523
3.52487
-1.34811
-1.28726
-0.189635
0.547094
9.1528
3.75268
23.1047
1.46375
0.717321
-1.7218
-2.59392
0.46164
1.36678
-0.484411
-2.05291
12.1764
-0.0501462
-2.10009
0.303184
1.19405
0.200213
-1.00638
-0.56464
0.485375
-0.726168
-0.455112
-0.852902
0.557348
-0.279644
-1.48331
0.229204
-2.62641
-0.684393
0.679114
0.374138
-0.230441
-0.254239
3.1455
13.9677
4.60441
-0.438513
-1.97465
3.33716
0.454205
-6.13398
0.335906
16.612
6.17832
0.616362
-0.525782
-1.28753
3.15106
1.09451
-26.7001
-0.00698227
-0.603442
-1.95532
-2.27646
-8.22618
3.74583
13.1008
7.09181
-0.417569
-0.708195
0.78732
0.96539
-0.797904
0.572474
0.105022
0.453174
0.0257814
1.04712
-0.633087
-1.69864
0.39042
0.0526769
0.384412
0.166349
1.20314
-97.2003
-1.64524
-2.47505
0.317772
-0.228192
1.33516
0.271934
0.00415219
-0.974063
0.240708
1.52476
0.331055
1.17183
-0.37145
1.00146
-0.86214
-4.96214
-1.71525
1.11832
3.09437
0.0690838
-10.858
-2.05959
-11.9914
-2.06278
-3.60597
0.435422
0.821077
2.51769
3.17432
-0.206752
1.30576
1.28582
1.17434
6.04866
2.13207
-1.45251
0.743979
-8.6041
0.851148
-0.709067
-0.00440648
-0.778526
1.83474
-0.28581
0.324691
0.568076
0.619812
-4.82795
1.85474
-0.174014
-1.10302
-3.89663
-0.0969592
-0.418712
-1.44134
1.18309
0.00865843
3.95625
0.306451
-0.699229
1.73234
-0.770679
-6.87015
3.66054
-4.6059
-0.957954
0.532636
2.02968
0.296541
2.12935
-0.647373
2.36996
0.272939
0.219536
-0.435912
0.140845
-0.389071
2.40675
1.83757
-0.279823
2.11845
-0.28709
1.28101
1.01815
-1.27841
4.78904
-1.76997
34.3286
104.704
4.97782
-0.932342
-0.0930734
0.174302
-0.840209
1.54673
2.2149
-2.40329
-15.4118
0.323122
1.68678
0.468513
-0.517796
0.27201
0.543792
2.09729
0.623694
-1.85096
0.411222
4.37102
-0.870888
-0.429258
-0.74458
-1.22701
-0.708634
0.454728
0.558426
-2.5661
-0.532224
-1.72503
-4.18904
0.158544
-0.628546
0.115784
0.167642
2.20032
-1.07116
2.77694
0.0675023
63.4882
-6.9734
0.312534
2.87116
3.47898
-0.336118
7.38959
-0.905617
-7.91233
1.79092
0.657199
2.74731
5.2927
19.5562
-0.111535
0.664631
-0.208611
-0.0882784
-8.6908
1.47284
-0.515759
-4.25926
-0.237017
8.45608
-3.24833
-0.524704
0.371876
-0.122472
0.619414
-0.576869
-1.36648
1.46647
7.11698
6.36072
0.385403
2.44699
0.0277373
2.03996
-0.859461
-3.25449
-0.772538
-0.373419
0.177744
0.555688
20.4116
-0.349688
-1.4901
-0.128595
17.674
0.076015
4.36139
1.02571
2.00282
0.0303813
-2.85416
1.15688
-0.996733
0.6144
-1.36628
-0.575885
-1.0166
-0.406827
1.1156
-253.147
-0.241003
-0.64196
-0.095319
-11.0596
0.65515
0.435456
107.549
4.9099
-0.24713
0.248865
-8.30167
2.62983
1.00679
1.69781
-1.3177
0.325693
1.60519
5.86095
-0.138409
-9.22515
-0.833258
-1.37098
1.07361
-0.471394
-3.51853
1.69669
-1.72892
0.663919
1.76147
-5.39753
-0.358117
-1.39952
0.264052
-1.09966
-0.553395
17.0406
1.65463
0.462734
0.8167
-3.41673
4.03911
-0.0695171
-2.00765
-12.2942
4.78267
0.864741
1.82516
-6.08129
-1.01046
1.19949
-0.0665031
-0.453693
-0.833754
0.637317
3.50019
1.36536
6.47127
-1.06937
-1.67623
0.416331
-2.92153
-0.125397
-0.386165
-1.30454
0.387744
3.1704
-1.82936
-0.345775
1.61269
-4.72066
-0.744594
-0.351795
-1.85428
-0.486553
-0.786911
-0.904175
0.465335
1.42811
12.3631
-1.54043
1.59346
0.137648
-4.65906
-2.23573
-0.742248
-7.80704
0.548669
-0.127982
0.791242
-0.0567233
5.90357
4.79661
-2.64209
-0.740093
3.71469
-1.58795
-0.924712
-0.278182
6.27554
0.830497
-2.86609
-1.04306
2.41833
-1.9553
0.471951
0.912854
0.368054
-1.48249
-0.342659
0.560349
-0.318783
2.95372
0.186271
0.0165682
1.12527
69.4055
-0.160017
-2.0382
2.51166
-0.404019
-0.221203
-0.388526
0.122664
-0.0361825
0.0441886
2.66703
-0.154115
1.70252
-0.1747
0.290742
-1.41424
1.90004
1.3197
-4.09264
-0.489555
0.353332
-19.74
-8.70477
-24.6093
-0.146739
-0.549382
-1.94645
-2.38093
0.330145
0.20018
-0.221622
-0.746417
0.0471137
0.572144
1.25658
-0.0911106
-1.27011
0.766603
-1.84938
-0.57862
-0.27496
-3.38789
1.41328
-2.39111
5.15608
-2.74784
0.3347
-18.9588
-0.0620127
-5.13006
1.76847
1.47542
-1.18768
-0.241021
-0.503567
-2.30924
-0.885324
-0.0313641
0.851533
0.482794
-0.179436
-0.156069
-0.486623
0.394941
2.5018
2.55889
-1.66796
1.63192
-0.242621
1.66768
0.953507
0.320716
1.16438
0.781301
0.203944
10.0716
0.130972
-1.45968
3.22775
-1.04697
7.47864
1.06351
-0.685232
-0.623307
10.9894
1.93362
-5.16346
16.968
1.03208
-1.97437
-3.28033
0.0375209
0.119935
-0.674039
-0.706802
0.737075
-1.15198
1.48964
11.5995
-1.05485
-0.865311
-3.07798
10.8125
0.533799
-1.68203
-1.11438
0.171956
-0.584331
-0.0519565
-0.312411
2.3854
2.01307
-7.20207
0.00423172
-0.636403
-0.0554954
0.0269272
1.18623
-2.48709
1.12197
0.842801
7.07075
-0.85622
-0.666274
4.05824
0.254401
1.07503
-0.136824
-0.308501
-11.7732
5.45107
1.2655
1.83766
-0.718766
0.10787
-0.495775
0.75915
2.83722
-1.91403
-1.00865
3.57854
-1.66631
-0.168932
-0.276943
0.0212423
-9.30386
0.63859
-0.286976
-0.494002
2.04531
0.517513
-1.39732
-0.868105
-1.29509
-6.97854
0.921284
0.784939
0.0551203
-6.25339
-0.315365
0.0783769
-0.17903
-0.653224
-4.38024
0.277508
0.741478
-0.943479
-0.244112
6.37113
0.592867
-3.37848
0.164643
1.66148
0.655132
1.19963
1.59531
0.060993
-3.15267
-0.215588
-2.04604
0.86388
-0.159135
1.19086
-37.7902
5.97705
0.2602
0.943405
-8.16191
0.91821
-0.246109
-0.630334
-0.0281176
0.0600236
6.11303
-0.805102
-1.96261
2.31899
-0.282676
0.661447
-5.95171
-0.35133
-4.83472
1.58423
-10.585
0.480552
2.62711
0.638638
-0.469822
-0.627651
-3.14597
-5.44356
0.00831304
-0.586468
-0.543873
-0.880129
1.6009
1.31118
-36.2408
-5.64222
2.01644
-5.2698
1.39025
-0.839012
1.0949
5.22023
-63.2369
-0.706829
-2.079
-1.43025
0.943152
17.158
-0.785634
2.9982
0.541379
0.0517335
4.26032
23.1928
3.38827
1.48898
0.295938
0.357628
49.8909
-0.0997221
-0.655446
0.188701
-0.0427105
-43.9868
1.12715
0.117571
-1.79685
-0.134208
-6.0651
-1.94075
-1.99169
0.60395
1.66751
-0.0584658
-2.16137
-9.2859
-2.8718
-1.06889
-0.606551
-1.15678
-4.66259
-9.65851
-1.92785
0.330422
3.59916
-35.0171
2.06458
-0.350137
0.203542
2.07053
-1.39169
-1.53774
1.61431
-2.31106
1.05656
-0.456386
-0.399284
25.722
-0.265292
3.0402
-2.02088
1.58092
-1.39294
0.643321
2.29641
0.0921142
-0.590821
0.293098
0.134778
-1.648
7.76495
-44.9045
-1.21809
-9.66851
-0.81207
-0.451899
-44.726
82.8359
-0.0707764
-0.472509
0.803981
-0.528008
3.17845
0.345953
-2.44416
-0.215649
0.457447
0.656097
0.427567
-5.25615
-0.0806027
-4.6502
0.952641
0.163816
1.28402
-0.823537
-0.678725
2.83373
-1.11517
-0.942399
3.29398
-0.636118
4.91008
2.18851
0.87349
-0.210991
0.0071183
-0.031156
-1.08855
-1.56715
3.93678
1.41437
0.161838
0.234181
0.752191
0.832461
1.84049
-1.1861
7.38867
0.828112
-0.197371
0.0659572
0.525803
-3.16041
0.489146
2.21341
0.60821
-1.28357
-0.25602
0.36547
-4.63848
0.0383266
-2.31715
-2.56485
0.403374
-0.140046
-0.103673
1.74473
-0.349703
-1.78299
-0.635022
-0.208968
0.0760077
-1.30704
6.84611
-0.66271
0.219406
-6.62126
-6.93604
0.299874
0.824554
-0.030309
2.79076
0.399807
-0.208214
-4.722
21.1716
-2.11866
0.448603
-0.144135
0.897046
-2.68389
0.177593
-0.0334486
0.837307
-0.378531
0.574117
-0.969441
1.13993
4.58887
-0.473853
0.137508
2.42336
-2.4121
-21.5721
-1.69458
-0.531857
11.7141
0.340401
1.06823
-0.355347
2.51755
0.489599
-0.175122
2.44517
3.98349
3.23301
-3.40444
0.582064
1.78374
-1.47688
4.28924
2.53392
-9.44023
0.090619
0.010323
0.605276
-0.354712
0.194656
-0.741636
-0.395076
-1.39795
-1.33245
15.8623
-0.0378743
1.48963
-0.406852
1.57306
0.865569
-1.93109
-1.33465
0.0915339
-1.69004
60.0058
12.5369
194.305
-1.07752
1.4711
0.726616
4.23743
-0.0894601
-0.164683
-1.99349
-0.470635
0.128697
8.0513
-0.765771
-1.59375
-3.5977
-1.04129
-0.12539
1.1026
1.55428
-0.823674
-2.27649
-0.225852
0.621423
10.6919
-756.587
5.06665
1.29053
-0.0776153
0.299454
1.68296
-0.689813
1.17332
-1.52454
-0.232887
1.40486
-0.0413431
1.13034
-2.52491
1.50846
2.24722
0.49377
-0.267956
-9.63448
6.30428
-1.57138
0.772826
-1.6599
3.43573
0.173524
-1.95649
-0.868626
1.19744
0.18379
0.144436
-1.48196
-0.399321
-0.734109
-19.0367
0.612445
1.74729
1.29775
1.96495
-0.0458689
-3.95096
0.411389
-0.139502
-0.244199
-18.7629
-3.21648
2.33026
0.833003
2.34849
-1.98355
-1.58123
-0.0347293
1.1977
-0.809769
3.95354
1.93088
0.54815
-0.529781
-0.0473037
0.736827
-0.704007
4.33108
-0.86048
1.56704
15.6909
-0.218752
0.017989
-0.383964
4.46734
-0.343029
-0.0557874
-3.28336
2.21184
1.37572
0.587994
2.32929
-5.90978
-0.308184
4.34064
-0.423477
1.12769
-0.802018
-0.969009
-0.0504801
-1.64792
-0.918182
0.35433
1.31673
1.06159
2.24403
0.297074
0.248276
0.796924
0.333036
-5.44745
-1.90902
4.62525
-0.127969
-0.235504
-0.0944771
1.92704
-76.8318
171.177
1.34481
-4.29793
-2.23065
-0.0359926
0.916951
1.1062
-3.91666
0.141356
1.44383
-0.248227
-7.34727
0.452429
1.35845
0.246185
0.165469
-0.546023
0.229661
-0.0921705
-1.22144
3.02831
0.21219
-4.33322
0.745869
125.452
0.292544
-0.33454
-4.87857
0.710068
3.20273
-0.725569
1.49019
3.56282
-0.357747
0.0990996
3.48867
-0.583826
0.990875
-1.68297
10.1649
4.43224
-0.111293
0.796407
-4.89088
-2.37308
1.74579
2.73063
0.504107
0.645524
-0.176752
-0.454876
-0.384528
-0.26029
-3.56069
-0.245776
0.817661
0.817409
1.18168
-1.24652
-6.03872
7.88653
12.4884
-0.301542
0.842982
1.02429
-1.64529
-0.410798
-0.612956
-1.43679
-0.283943
4.04464
-0.948895
-0.0851206
0.291019
-2.75107
0.129457
0.18459
-14.9357
-72.0761
-0.399764
-0.802611
0.51348
-0.660788
-0.829346
0.784197
-2.54994
-0.951178
0.689242
5.62589
0.711063
0.00285939
0.275449
7.47403
-4.04443
-1.88363
0.58285
-2.67277
0.0754374
-0.917076
-0.852825
3.74884
-1.98718
2.35569
0.0255432
14.3315
1.56876
-0.214548
0.440171
3.06
-2.03115
7.64681
-1.08334
-0.651227
1.55431
-4.13014
7.10386
-1.34201
-0.301848
-0.394606
1.83736
0.0188087
0.454462
2.66902
0.926157
0.124617
-2.11889
0.425607
1.3084
-15.4925
-5.97972
0.514998
0.480999
-1.2532
-0.894381
0.949943
4.67915
0.460563
1.27269
1.15054
1.12202
-0.15074
-0.212141
-0.404643
0.0876027
0.353174
0.211241
0.0203159
0.0943719
1.22114
-0.616727
3.74919
-1.95207
2.8285
3.79747
0.385438
-1.25168
-0.465038
-5.39255
0.351354
5.93476
-0.804978
-0.0219868
0.499341
-0.810324
-0.990653
-0.746009
1.19384
-0.348054
7.20539
-2.50995
1.01674
-0.15312
0.362233
1.3482
-0.298179
0.192079
-0.543364
-19.1192
1.19457
-2.73036
1.684
0.581202
-0.472899
-3.07343
-1.35969
7.4169
0.0732173
0.14192
-1.85288
-0.509663
-0.0641669
0.797769
-0.726143
0.311841
-0.0390739
1.13872
-2.02965
2.44285
-0.6314
-5.61393
0.222873
-0.623405
-16.0512
2.71337
-0.954378
-3.63157
-0.836562
-4.16538
-2.18437
-1.82416
3.84476
-1.2961
-6.34152
2.74674
0.283414
0.267749
15.4366
-0.977189
4.7453
0.805258
-5.67667
-4.03613
1.91417
1.14343
-0.609348
3.38424
0.477905
-0.383081
5.27508
-0.304195
2.27794
-0.0384653
1.18852
2.15316
0.61745
0.789196
0.166324
190.739
1.02286
-0.0617598
4.30136
-0.0732943
-2.1319
-0.853822
0.238621
0.0560132
1.90933
3.23254
0.431545
-0.0924824
-1.65044
-4.68652
-0.0690222
-6.96217
1.58024
-203.841
-1.12582
-0.654798
-0.144895
-83.26
-0.953863
-1.4384
-1.11625
0.609976
-0.00123322
-0.0690477
-5.31808
-0.0219836
0.241494
0.384763
2.01488
-1.07138
-0.249487
-0.0526402
-1.3789
27.485
-0.974824
15.5941
1.35132
-1.31273
-0.150436
-0.94518
8.62415
0.563054
1.02149
-2.41588
0.353902
0.801619
-1.08716
-1.26602
-3.7053
-2.95117
-0.44728
-0.585107
-0.348151
-3.15677
-0.759738
0.57353
1.08249
0.0664353
0.444473
0.405616
0.775459
0.345807
1.29101
-4.74846
-0.0992315
0.588862
0.479964
-0.371133
212.916
0.111585
-12.1333
-1.4175
1.00707
-0.76481
1.7209
-0.406654
-3.00831
-1.18224
0.844162
-1.06062
0.303366
-0.936472
0.308243
-0.109632
-0.0342073
-0.901216
0.777148
-0.254076
-1.19874
-0.348364
-0.574714
-0.91161
-0.591908
-0.871969
0.0363286
2.95151
-0.565647
1.28377
3.21265
2.58738
-0.802266
0.38575
1.69138
-3.78715
0.399089
1.73787
-0.630567
-1.08119
3.08495
0.270111
-2.94665
0.555825
-0.488711
1.36937
0.310291
0.305941
-0.866694
1.98789
-1.22974
-1.14978
0.861152
0.15145
0.624961
0.00536232
0.036404
0.424584
1.67564
0.82862
2.81523
-3.24188
-0.0613867
11.5062
2.18114
-0.364526
-0.298368
1.25928
1.40385
-0.516735
-8.85003
-32.6451
0.388915
3.70299
-1.32636
14.3457
0.0720497
1.66333
0.883523
0.731273
2.27096
0.933561
0.317995
-2.65973
-0.982197
-1.51043
-1007.01
0.889843
-1.36015
-2.9303
-4.68477
0.00201723
0.687381
-0.711564
-2.18742
-0.765116
-0.263597
-1.09279
0.587318
-4.1623
0.60494
0.729227
-0.0957338
2.38338
-1.1713
0.563504
-0.256263
-0.435471
0.669539
0.00244847
0.296656
-5.7595
1.35438
-0.548479
-0.870122
-0.358791
0.593329
163.016
0.117667
0.105085
-4.12142
1.9102
0.944573
0.694314
-1.50635
-0.170201
-0.360809
-0.241631
0.924553
-22.0122
-0.753782
3.03669
-1.41819
-1.61833
-1.06678
-1.26876
-0.0797119
-0.0356571
0.324418
6.65885
-0.340091
0.667803
1.32293
-17.6269
1.34113
-0.557551
2.46508
-0.124198
-1.08694
1.02952
-0.823239
1.14073
58.2773
1.1584
0.0357791
-9.11837
-1.07184
3.21988
-0.637862
0.31169
0.567606
3.8226
-0.120835
-0.044697
0.593196
0.36308
-1.40779
0.495708
1.13867
-2.71986
-0.0333304
-0.637895
6.08546
4.65144
-3.92274
-0.633488
2.76598
-0.378381
-0.598311
-60.225
3.56652
0.598369
0.519153
1.44753
2.93989
0.828498
-0.25147
-2.72283
1.01037
0.567631
-0.922066
-1.11525
0.0501964
0.092837
-0.432871
1.30104
2.50766
-0.769176
2.97317
-1.889
0.0511004
5.30499
-0.134294
-0.644274
-0.593472
-0.824419
-0.0705783
-1.25217
0.238174
-8.03949
-0.504244
-2.94837
2.07023
-0.407461
1.26262
2.20225
0.420601
-2.80304
16.6857
1.89306
-0.243233
0.701673
10.1407
0.755182
0.20604
2.6537
-0.564743
-5.72009
2.31783
-0.68301
1.09837
0.631148
-7.31109
1.79057
-0.275671
0.0211976
12.7198
0.366116
-4.96977
0.114639
5.75826
3.4434
0.95755
1.38374
2.36435
0.0168794
-0.87027
-0.254641
-0.175164
-0.331627
1.79306
-1.11152
-2.4486
-2.0265
0.630299
-0.0983009
-7.34344
0.777166
0.942751
-0.802884
0.661018
0.67989
-7.03008
-0.282311
-1.25094
-0.587315
16.773
-0.293225
-3.43349
-0.154227
-0.306391
0.458527
-2.20071
3.14342
-0.539657
-1.06063
-2.78291
0.555769
-0.960674
-0.68647
0.158509
1.56235
-0.0709254
-0.243185
2.42222
-0.214311
-0.843174
-0.373322
0.33572
1.54957
-1.0971
-1.08867
-1.86818
-1.95008
0.570831
2.58518
0.0362946
-0.445416
0.78341
0.538566
-0.696363
0.23555
1.12696
-0.704427
-0.530234
1.19758
-10.5371
-0.0436299
0.015615
2.82638
-1.44438
19.9351
0.10514
1.10493
0.928556
-0.227033
1.01258
2.81493
0.0873482
0.276488
3.58658
0.0575709
-7.30981
9.8511
4.1018
-0.202384
0.0328116
0.866905
-5.2612
-0.619146
0.556405
-0.68052
-1.64864
0.0871445
-1.88241
0.405873
-0.846188
-0.785229
1.03163
30.015
-0.638116
0.55638
-0.199592
4.5722
3.65238
-3.60637
3.25128
-2.25551
0.0850956
4.28514
-0.414623
-0.514032
0.102284
-0.614789
-2.40553
-0.171752
-1.19449
-0.565774
1.64248
-1.28119
-1.32059
10.2857
6.32387
2.13416
-0.249698
-1.42564
-13.768
1.74308
0.245632
0.301925
1.66375
4.14688
-1.07615
9.78178
-1.67939
-0.087675
0.554408
0.454843
0.20847
-0.469056
1.90123
-0.692547
0.891647
0.849261
-3.6213
0.432159
-0.247374
-0.957012
-0.351543
1.45089
-1.38429
-2.32477
0.329686
1.90415
-0.668269
-0.910377
2.39603
-1.50707
2.52769
-2.99561
-0.656046
-1.44083
1.95355
-0.859615
-0.505109
-1.99213
0.477842
-0.492668
-1.18434
-1.56046
1.08898
1.04069
-0.532852
-1.21832
0.523327
-0.292371
1.77086
1.87679
0.666613
0.762836
-6.35456
-0.653517
0.145517
1.75877
-0.168811
2.51766
0.307136
0.525985
3.97728
-0.965658
-12.3374
-3.33123
-1.72384
-1.97468
3.62027
0.0204006
0.05762
58.078
-0.748201
0.517978
-0.852754
1.78737
3.78957
-3.68147
-8.68333
-0.81303
0.429773
-13.4608
3.26708
-2.51941
-0.750702
-0.40677
-0.891036
-0.077174
0.850628
1.76731
0.0613246
-4.3868
1.00962
-0.00175552
-2.91276
-0.0133933
0.87692
-0.446206
-3.19643
3.45607
-4.09059
-0.0171821
0.23691
-0.544099
-0.329628
0.585962
-0.819929
2.56192
-6.91336
-7.05811
0.565569
3.87888
-0.401132
0.419322
-0.227261
-0.389942
-16.8735
-0.0822684
1.29075
0.661789
3.70997
-0.502901
-0.388163
-0.19335
10.3468
-1.99888
2.04262
0.56375
-0.685735
-3.85284
0.228901
-0.939893
-2.88686
-4.3101
-20.353
0.210838
4.65148
-0.148383
-6.40451
-0.0245215
-0.970156
0.249828
-1.12584
0.0363962
-0.978609
0.0357088
2.34165
-0.990363
-0.840792
-0.0475153
-2.1535
-0.671378
3.97547
-0.596946
0.576655
-0.98187
-0.0519584
-1.65294
0.151078
-3.16019
-0.0013182
-0.286582
0.655198
-0.368576
4.39504
-0.462525
-3.09424
-3.04256
1.80619
1.64098
21.7736
-0.549274
-0.0709175
-0.556404
-0.763475
1.3104
-3.02442
1.51031
-3.10585
7.05827
-0.802263
0.731128
0.280749
-6.1462
0.413223
1.27477
1.01581
-0.615384
-2.53711
0.646084
-4.76421
0.924114
2.00368
-1.05319
0.271796
-2.65412
-1.38952
0.237718
-29.9282
2.71548
-0.169477
-1.67676
-0.133628
-0.960687
3.04762
2.01138
56.2603
-0.284838
-6.03953
0.0705464
6.83212
7.18596
0.859005
-106.761
2.2992
-0.500702
0.00148614
1.0467
0.965323
2.13239
-2.67677
-4.58538
-0.0968473
-2.12771
3.50328
1.58461
-2.45323
1.67657
-0.153689
0.0027887
-0.684607
1.76851
-10.6393
-2.27204
0.835385
-5.37851
4.67646
2.80651
0.669381
-1.46576
-0.360162
-1.42564
0.124584
0.264247
-2.77149
-0.699043
1.26416
-8.75506
1.07456
-0.823903
0.367318
-1.74835
-1.08423
-0.230025
0.257059
0.846219
1.62857
-2.04262
-0.257437
-0.283065
61.3798
-0.0643086
-3.09536
0.162722
5.03437
54.0745
-2.26676
2.30919
3.36208
-0.25584
0.369207
2.26331
-8.08005
0.666511
1.18905
0.646993
-3.17152
1.29923
1.59163
-2.77682
3.26142
0.488263
-7.19342
2.30653
2.89176
-1.83457
0.0102889
-0.922244
0.0221419
-0.653928
-0.55092
0.850968
0.870204
-1.97244
0.48591
-12.2145
2.68353
0.334867
0.0465296
1.72953
-2.21635
-0.89108
-0.807804
2.18932
-0.619581
3.79982
-3.64773
-2.48142
0.193508
5.6818
-5.52549
0.216187
1.85585
-8.09257
-0.955995
-1.46372
-1.34781
-0.766645
-0.0479378
-0.714525
2.92377
-2.95103
-0.379523
-0.113769
-1.49905
-11.2515
-0.394275
0.57835
0.819246
-3.09408
-0.085251
-1.78927
0.136952
5.23816
0.057095
-0.273648
-0.0227214
-0.643214
9.46485
0.858363
4.1552
-10.9526
-0.51288
-7.5681
3.19966
18.1912
-1.47493
-0.829632
-20.8697
-1.27317
1.01034
0.78637
36.6804
0.0598713
1.48613
2.62722
-40.0309
4.32067
20.5895
3.69373
1.64252
-0.782342
-2.93144
1.88134
-0.116605
0.369666
-0.806181
-0.35667
0.310147
0.406797
0.485535
2.02368
-1.10024
0.710422
-24.9919
-12.5226
0.889412
-0.992418
3.01897
-0.604619
-1.01703
0.0492748
-4.81244
6.61723
0.0326584
-0.707306
-1.98806
0.61238
0.00608384
0.220414
0.0759314
0.0353866
1529.38
-0.104105
-4.53506
-0.591076
21.731
1.00868
292.71
-3.11388
-0.485457
1.11647
-1.05871
1.03682
-0.747179
0.399743
2.98384
13.2116
3.99839
78.1716
3.06236
0.76799
7.49627
-3.56985
0.125536
3.51728
-0.0500126
1.9365
0.499918
-6.70115
-0.443465
0.0461122
1.14559
0.406738
0.775869
5.49547
-26.3244
1.8695
1.16626
-0.666834
1.166
-0.619135
-0.158353
-1.28256
0.0801489
-1.97547
-2.24762
0.590563
-0.172701
0.227518
0.397355
-10.1682
-0.817895
0.253869
217.875
-0.781108
4.56162
-2.58168
-1.61407
4.42491
0.819749
-5.45491
-0.127057
0.200699
1.19523
-0.0175212
-8.9339
1.14627
1.14867
-8.02786
7.60407
231.786
-1.00314
1.03869
0.648364
-0.14084
5.47463
6.10712
39.2141
0.0876959
-1.25556
-0.536944
2.03256
1.09013
0.908487
-2.34
0.0459212
0.966711
5.28804
0.52216
33.9225
0.734512
-2.84967
-2.14481
0.353261
-0.633657
0.438999
16.9416
1.35122
-0.193253
-0.601828
0.600798
7.69111
1.5624
0.313234
-0.664984
9.50867
3.12278
1.1549
3.6791
0.227478
-0.157153
-0.170142
-0.262358
3.21778
1.45384
3.76948
5.04556
0.63371
1.88923
0.22579
-0.150122
-1.23516
-0.510162
-3.23976
0.0652192
1.43683
3.42898
1.31056
-0.277301
2.45148
-1.26076
-0.501139
-1.08985
-2.83552
1.03031
0.576695
-1.81168
24.879
-0.548849
-1.53261
0.313747
14.6697
-0.231127
-1.1659
1.02802
0.941227
-0.640666
0.581361
0.820948
1.48154
0.489089
0.361794
-0.482951
-1.86278
7.85918
-1.117
-1.11998
-0.556301
-0.0276088
9.66557
-1.00539
1.23439
-0.000133463
0.0709172
1.52741
2.27573
-1.22083
54.0194
-0.74741
1.86155
-11.7363
-1.42873
-0.0581468
-1.88725
0.163733
-1.20317
0.921574
-0.0493204
-0.0632324
-0.556155
-0.155625
1.499
1.8865
-2.22279
-0.219556
-1.06853
5.52654
0.743013
0.918012
-0.255253
1.47777
-0.113361
0.0643065
1.23347
1.09355
-0.214366
2.18966
-0.551504
0.14883
-1.76935
-1.43586
0.569411
-2.03436
5.87879
1.16825
-0.555351
-0.241359
-1.32591
-0.719535
1.17612
-0.751078
-1.16757
3.19651
19.2707
-0.733459
-7.45122
1.51788
-0.271821
-1.47242
0.273715
-0.0499295
-1.48253
-0.251554
12.9067
-0.997655
-0.820678
0.732729
-0.693259
0.859781
0.94415
1.74423
-3.5777
2.32324
-3.79345
-0.755787
4.59685
2.02759
-0.0360816
-10.1055
-4.08627
-0.548691
3.48292
-0.741815
0.561772
0.246068
1.67497
1.8947
1.45698
-0.430264
0.260075
-2.67504
1.41153
1.03674
0.204223
15.9583
1.33047
2.05247
-0.701818
0.04804
-4.0178
2.07279
1.56585
0.550489
3.9661
-0.702633
-0.978199
0.165578
-0.231711
-0.0535305
0.216948
-0.565286
1.40075
-2.19182
8.6816
2.85955
-0.727077
2.12413
-0.152861
1.60702
0.532099
0.982426
0.45424
-0.0791027
0.478082
-1.47243
26.0542
-1.05665
-0.840821
0.323451
16.0793
-0.132436
1.23298
7.98984
-0.491882
-4.90351
0.605621
-0.185797
-10.0701
0.86464
0.507501
0.00229494
-1.02581
3.67975
0.508608
-3.5612
-5.53596
-13.8504
-2.05239
-2.42691
0.154836
0.67911
1.05482
1.86688
-1.35631
4.04343
-0.44806
-2.32216
0.268241
-3.42882
-1.28359
-2.31798
-0.558316
-1.38839
0.318731
1.38465
0.782582
0.863313
0.242158
0.129667
1.48589
7.46956
0.28251
-3.94704
-0.43484
0.653802
-0.21196
0.159312
0.098242
-5.71541
-0.302418
0.624926
-0.623301
0.275539
-0.380157
3.78387
0.0621152
-1.67199
0.561088
-0.904048
1.94711
-0.25191
0.029675
0.0231607
-0.602405
-0.384767
-21.4041
0.838022
1.3656
0.0196394
1.38963
-0.463246
-0.394973
-0.316894
0.208353
0.405228
-0.208176
0.218412
-0.321435
0.557535
0.887523
-0.125647
2.06714
-1.53039
-0.297928
-2.94102
0.701047
-1.41893
-0.229893
0.172839
-0.848836
0.747279
-9.20744
0.296845
0.408992
-0.994269
-0.156565
1.87347
-0.463279
1.2877
-2.73345
1.97883
-0.536023
-0.426735
-0.262019
0.115898
0.334048
0.415196
14.3884
-3.13681
2.64529
1.3324
-0.924035
0.280661
-0.693157
4.29078
-3.28014
0.83101
1.35305
-0.3924
-0.222962
2.13038
0.784822
-0.507276
-1.22819
0.558908
-0.363097
-6.91889
-0.0120368
-0.368902
-0.12164
-4.51682
-1.40341
-0.637845
-3.16056
0.876734
3.78473
-0.294287
13.0036
4.51641
0.00765248
5.20581
7.03142
-4.23081
2.49826
-3.24089
1.29868
-1.01339
0.519857
0.526443
-4.86204
-0.397643
-0.598104
-0.0163474
-1.11109
-2.53935
-0.898057
-7.1179
-3.02731
-4.84882
3.73973
-0.924539
-0.651992
-0.521363
-0.0448082
-0.0562232
-0.995958
-0.857407
1.12637
-0.554224
6.27283
0.365285
-1.5898
-0.38807
-2.03696
-0.744836
-1.95294
0.572942
0.117226
2.15752
0.370234
-0.819041
0.814972
-9.26408
0.640614
1.28736
0.198478
0.28909
0.421168
0.51252
-0.521884
-0.485971
-2.19047
-2.42323
0.714475
2.07625
3.23157
-2.45713
4.12543
-2.97662
-4.43755
1.01648
1.17027
0.834545
-1.7684
-0.284772
-0.0867146
0.355217
-6.26477
9.41021
-0.0304348
-0.818513
1.2058
0.727862
0.281387
0.469804
-0.0296301
-1.55473
-6.08339
2.0497
-1.25583
-0.828817
-1.9901
13.0947
-0.0297019
-1.2258
-1.67259
0.918445
-0.460762
0.875115
-2.91174
1.41767
-7.56764
-0.345209
-0.477088
-2.40006
-0.348218
-1.20868
2.23691
0.233381
-1.83363
-1.08705
-1.12269
-0.105705
0.180713
-0.143388
-1.41197
9.0708
-0.540022
-5.31689
0.632586
-9.06458
0.300671
3.87124
-2.57951
0.122432
0.527234
0.828264
-1.18014
2.01666
0.313636
3.94006
0.0524501
-0.581786
-0.31004
-2.9759
1.81401
1.20583
-3.908
-8.1558
-0.00189423
4.20986
1.82044
-1.54825
-0.967569
0.694482
-0.950294
0.493138
-0.149952
3.08079
1.66649
0.112829
0.105207
1.90336
-5.63299
-1.0468
0.189269
0.550046
1.18636
-0.0750522
-1.03221
0.851102
-1.15354
-0.160021
0.21001
-0.200787
-0.114843
0.378571
34.0476
0.660982
0.709191
-1.08666
1.58536
-1.62269
12.2911
0.0286651
-3.22877
-2.82065
9.4075
0.910468
-1.28385
2.02767
-1.8208
1.26097
0.0981811
2.45612
-22.9204
0.103717
0.105388
-0.240098
1.35918
0.952327
1.4031
0.680328
-0.502188
-0.461129
-1.42135
2.49579
0.786892
-0.622276
0.138141
10.6209
-0.958544
-4.44748
-1.39277
0.0226048
-1.24484
0.954938
-0.337488
1.16452
-4.23874
0.631093
-0.070619
-0.0426077
-0.166927
0.99068
-1.79827
0.146882
0.572355
1.26697
-0.342528
0.116483
6.15397
1.24785
19.3557
0.408805
23.1858
3.30266
-2.30923
0.595383
-0.0570674
0.578749
-2.08602
6.72097
-0.651567
-2.46577
0.190625
0.633093
-0.916168
-0.198678
-1.52031
634.084
0.118283
2.64101
2.98258
-0.445805
2.26926
0.563014
0.567443
0.782774
-0.101534
0.181725
-1.06962
-21.591
0.342391
-0.451285
-0.355426
1.65419
0.208451
0.00730178
-3.75302
0.320909
0.452921
-2.4436
0.157661
-1.08943
-1.32115
-0.952216
1.43262
-0.781597
-3.63118
-0.97252
0.633254
2.60158
3.27185
-0.964112
0.51591
0.783109
2.87111
1.71251
-2.07947
-1.03064
-0.775471
-0.916085
3.51344
-0.220076
1.18316
-0.0958611
-0.267368
3.74452
-0.128976
-1.84494
0.0653574
-1.58127
3.52192
-1.5224
4.1668
1.64775
-1.83725
0.140671
0.253204
19.0263
5.98358
13.8809
-16.8795
1.01081
0.0822934
-2.36452
7.45897
0.789728
-1.18846
-0.514045
1.42974
-1.35745
-0.893418
0.284068
28.401
2.51919
-0.0100669
-0.117868
-5.1914
2.40629
-2.78367
0.421926
0.207193
-4.21455
0.302094
-1.12223
-1.16267
-2.63435
7.7652
4.50516
-0.4669
0.684366
-26.1388
-3.30949
-0.603882
-0.555306
-0.350941
0.664979
1.40258
-0.41924
0.377374
-1.33132
6.009
0.651075
-0.602098
-1.21919
-0.712813
0.752628
0.72158
0.264927
0.147163
3.29594
0.704747
0.770793
-0.387163
-0.118131
-14.2653
34.1882
0.447231
6.56095
-20.2615
0.590447
3.30493
0.779531
-2.0056
2.20829
2.73781
3.87678
-0.0935527
0.566703
-3.5491
3.60003
-0.207134
0.154084
0.990233
0.133973
-0.075926
1.05259
-1.37732
-1.27787
1.71027
0.378427
0.980597
0.360185
-0.990953
-0.919656
-0.11736
0.236467
0.970607
1.45692
0.226603
-0.909222
13.3946
-2.21097
-4.31
-6.2038
0.687898
-1.0705
-16.06
-7.6336
-2.89274
-0.168338
-0.416723
0.317941
0.584368
-0.764989
22.6606
-0.349026
1.88983
3.70976
-1.15298
0.902505
-7.14607
2.44587
5.39215
1.12683
1.62503
-0.318515
0.30047
-1.245
-0.5916
-1.72971
9.31552
4.37907
0.233582
0.783581
0.719959
0.984308
3.05728
-1.89138
0.8729
0.295962
-0.35959
3.29345
-0.232681
0.736991
-2.64141
0.133248
-0.215435
1.15004
0.760582
-4.74629
5.47483
0.0785694
-1.7842
0.029296
1.27889
-0.97015
0.954295
-0.302001
10.2282
0.932318
-6.51057
0.555694
-3.7276
0.0287592
-0.155487
-1.42646
4.28561
-0.561797
0.879738
0.385434
-0.683526
-0.446492
2.61285
1.1052
-0.335594
3.81415
-0.857029
-0.565217
0.696625
-0.306891
17.0022
0.273709
-7.12992
1.60249
-2.50528
1.5355
-0.614065
7.80151
20.9325
-1.14302
-0.589208
-0.24591
7.79654
-0.113638
-1.26732
1.82121
0.259096
3.70761
3.43291
-0.0646211
-19.4546
2.13443
-1.21752
1.94063
1.09823
0.232469
1.3118
-2.57537
1.71243
0.688117
1.60625
-0.930726
-1.59437
-1.50201
2.27095
-1.1329
-0.00676345
-0.271464
1.23945
-0.133474
-9.20414
-0.0694764
0.968738
-0.314967
4.99633
-0.721293
-0.59934
0.864296
-1.66424
0.848014
1.53304
-0.584969
-0.314798
-5.71071
-1.67845
-0.61216
1.86466
1.1821
0.997192
0.587491
-0.140709
12.8257
-0.0312419
-2.67823
-50.2138
1.23744
0.905453
0.705869
0.13214
5.32398
0.386102
-5.55681
-0.617369
6.51978
0.241205
0.510256
-0.232613
-0.261556
-1.4753
0.600052
7.00134
-0.0286256
-4.4794
-2.06333
-1.38104
-1.93172
-3.40122
0.447763
0.340658
114.267
-2.16216
0.172927
-7.17242
-0.60395
0.299808
-0.034344
0.930676
24.7875
-2.23752
-0.612068
-0.753898
0.635046
-87.604
-0.844941
-0.282771
0.62366
-6.58778
-0.401484
56.8807
-0.58477
-2.42003
2.16196
2.0629
0.320235
-0.374211
-1.29809
0.800374
-1.48173
18.1642
-0.965645
-0.602894
1.3792
2.12993
1.89208
3.37411
0.0714198
0.210827
8.02205
-0.520731
0.43776
-0.100587
1.22141
0.144211
-11.3336
-0.0377351
22.3453
3.43261
0.275312
-0.841379
0.265728
-14.5035
-0.489104
1.24033
1.37064
0.0613974
-140.231
0.63617
-2.08837
-1.60967
-0.209802
30.7472
-0.382811
-14.7938
-0.869863
-1.02541
5.10383
-0.146834
0.533008
-0.0986634
0.763667
1.13205
1.12392
15.9928
22.6967
1.10403
0.455787
0.0462223
-2.54944
11.0152
-1.30173
-0.843595
-0.528062
0.420714
5.29917
0.341175
-1.9937
-2.3186
-2.30961
-0.211335
-4.22526
-6.06916
0.496112
-14.509
0.334796
-4.16419
1.16332
2.08102
6.12204
-0.605054
2.09875
0.713727
-0.356697
-2.14993
5.00656
-1.78249
-0.985525
-0.759296
-1.02846
-1.96366
6.31892
-4.01187
-1.53212
-0.33798
-0.585924
-2.55696
0.62465
1.45437
0.264045
-3.3641
1.51283
-0.506332
-1.53028
2.5568
-0.7699
0.49458
0.875916
-2.06077
-1.5106
-0.640833
-1.21171
1.43963
2.94848
0.561952
310.772
2.94781
-0.119158
1.86272
-0.369806
-1.0736
0.457526
24.0626
2.99906
4.38718
0.614007
-0.683552
0.565241
-1.26116
1.44267
-1.07149
0.821691
-0.13863
-1.57433
0.369791
-1.41608
-0.192245
1.36466
-0.0191352
5.33567
33.3864
-2.93319
-2.46155
2.97342
-7.4177
-0.454389
0.680681
0.55667
0.342231
11.6857
-0.0835926
-0.993852
