1.6776
1.27979
8.97494
-7.65103
-0.10548
-4.37797
-0.0766672
-3.73749
-2.48667
0.457384
3.38154
-23.3497
-0.404334
-0.127967
0.49131
0.0645688
0.599122
-3.28367
-0.324554
4.88904
0.29509
0.338164
-0.852201
3.0576
19.4558
1.27634
-0.258819
2.13231
-0.620047
-2.4302
-0.150761
-3.34886
0.432379
-1.50733
1.98061
0.0102068
-0.15363
-0.422814
-0.430293
0.657663
0.588331
0.531693
1.91602
-1.0241
-0.465785
-2.55918
-3.14538
-1.93644
-0.836739
1.93013
-0.623021
0.229024
1.37175
926.578
0.66907
-0.402882
-0.110858
-1.22801
-10.0201
4.00799
-36.0884
0.404507
4.09373
0.609558
2.90447
9.2155
1.51959
7.56763
-3.00399
0.180574
-1.26125
1.11928
-0.0225592
-1.40703
-0.725646
1.34045
0.267557
-3.01599
-1.74729
0.224536
1.36544
-1.15094
-14.8928
0.0762632
-1.00908
-0.314821
-0.909225
0.408167
0.789399
4.64881
0.965157
-1.11894
167.317
1.36447
3.36181
-0.428104
-21.8572
0.628881
0.418595
1.50452
-0.0769354
-2.14532
-1.08582
-2.7345
0.0846526
0.00648392
-0.603192
-19.2815
3.3891
1.62931
0.665009
0.385635
-2.93249
0.9428
1.40955
3.85856
-16.2516
-0.140841
-0.446142
4.10648
0.930531
0.0358572
2.04075
-1.49969
1.17581
-0.875564
-0.711819
-0.0343033
-0.656395
-0.172688
1.55448
-0.0973093
-2.93785
7.24612
13.208
1.22004
-0.667385
-1.06396
-0.105781
0.44963
0.129432
-0.463416
6.11813
-0.887546
0.348306
-7.02787
0.287903
0.193675
-0.285533
-0.40086
0.336268
2.38008
-13.4766
-0.137125
0.414819
377.404
-0.662339
-88.3912
-0.555254
-785.64
-0.879983
-7.3486
-0.660657
3.63609
-0.61564
3.33552
-9.3769
-1.5615
-0.546087
0.0503464
-6.91755
-0.0796617
0.949828
1.56545
-0.713811
0.485689
-3.54168
3.50369
-0.333787
0.448956
-0.178705
0.237323
-32.0947
-5.4423
1.20941
-0.785692
-1.52669
-1.43403
-1.08798
1.318
-1.36695
-0.678979
0.34924
15.5453
0.0299398
1.36423
2.0606
1.66418
1.18045
2.96154
0.821627
-1.22415
11.8781
0.676924
2.17425
0.934328
-0.132025
2.45872
-0.718069
0.0807768
-2.59048
-0.611476
0.868726
0.177527
0.886489
1.09597
-13.5609
-0.177945
2.36727
-0.584039
0.129556
0.592156
0.149087
2.77726
2.00543
-1.62177
1.9429
71.7733
0.117797
-32.7043
-7.52433
-0.725344
0.617251
6.40682
5.3244
-33.5617
-2.06863
0.45144
-0.353354
0.14494
0.573117
1.40036
1.96326
0.415305
0.486863
-0.331006
-0.646832
1.02358
2.13058
0.540277
-1.23228
-1.53341
0.296794
-0.094926
-0.0765246
-5.92988
-2.35994
-13.1739
-0.775652
2.29993
0.19244
4.75523
2.47858
0.626461
-0.763703
-1.26926
-0.959747
-1.43901
0.352115
2.39865
0.838497
0.67304
-0.340099
-0.986625
1.85679
-4.83871
-1.17514
-0.308147
1.49312
-0.803704
0.501528
3.3504
4.31619
0.550233
-0.0851471
-3.99374
-0.0283753
0.435161
1.33544
-0.702106
-0.00507019
-0.677683
-1.15674
0.301264
-0.93437
0.422657
-1.13136
0.147099
-2.04677
-1.02729
-4.96091
7.40552
-3.16509
-0.281797
-2.53833
-0.592222
-0.596651
-0.83882
0.0752888
-3.96933
-0.513633
0.412208
225.57
29.856
1.52715
-0.7883
-17.735
-0.550119
0.538188
-0.40618
0.8462
10.0087
0.323904
-0.617865
0.475851
-0.798601
-4.27867
-0.769603
-1.2494
0.359647
0.254638
1.25589
-11.4061
-0.352769
1.62408
0.635419
-4.45077
-2.00448
-1.25899
0.00808845
-1.03255
2.6736
0.461913
0.361852
0.928276
-2.08286
-6.3396
-0.220515
-1.26822
-0.529382
-0.836354
-19.8332
-1.71221
-0.757966
0.382148
-0.867018
0.504051
-2.09138
-0.753312
1.53654
-60.4961
1.56744
-5.1204
-0.137039
-0.970475
257.717
-0.583703
-0.416346
-0.653612
-0.772869
-0.15295
-0.177118
0.895257
-0.379864
1.29679
7.16667
-0.452583
-0.421053
0.407754
1.39057
-0.235341
2.50096
1.48794
-1.91086
-0.324603
-0.314569
-0.648211
-0.787123
-1.32706
-2.05485
0.108607
-0.462344
0.0446973
2.96339
-0.812917
-8.32284
-6.47923
-0.163754
0.532394
2.15366
-0.652268
-0.766765
-1.47604
0.504928
-3.19737
-1.56775
-0.617379
0.532806
-1.00304
-0.291438
1.5336
-0.994359
-2.82046
-1.39634
0.311809
-0.149757
-0.608206
-1.85958
-0.486917
4.02452
0.325766
5.85084
-0.385179
0.661621
0.128901
0.224666
3.7448
5.41558
0.394494
-0.0823862
0.11004
4.32995
-1.03834
1.07696
-17.2302
5.3254
-0.205157
-0.662141
-0.851232
0.212616
-1.47256
-2.60762
0.97895
-0.901714
-2.12206
15.9648
1.91658
-0.751576
-0.233149
-0.526868
-2.43116
6.44835
0.123776
3.92578
-10.091
1.29779
-2.98992
-0.922591
0.508466
-1.23461
-0.284183
0.421036
1.4304
-0.850494
-0.128843
-3.93021
0.652832
2.10871
0.671954
9.86178
-1.57945
0.324374
0.93192
1.97639
2.95349
0.346992
0.630443
0.778903
0.0283517
0.333128
-0.925055
-1.78048
-0.0923633
-0.133542
-0.555015
0.294583
0.346616
2.13374
1.80235
-0.215982
0.532141
-0.298206
-8.13635
1.29696
-0.798001
0.0591405
1.35502
0.267411
1.44081
-2.14183
0.0210441
2.1048
-0.382035
-0.955796
0.338197
0.196023
0.326294
-1.76858
-0.119733
0.00774664
0.0821013
0.211649
-1.23298
2.29687
-17.5209
4.48433
0.617254
-1.43178
-0.477679
-2.83099
17.1056
0.819939
6.30057
1.25828
3.77584
-3.09512
-1.04854
3.78523
1.05493
0.377455
5.88919
-1.55357
-1.2105
1.44984
-1.78501
-3.3631
-0.734647
-0.30972
2.49387
-0.214461
-4.14345
1.33233
-0.766518
3.43402
1.54623
0.147552
-12.1659
-0.0669134
2.93051
0.0368602
-0.208055
0.360438
16.2132
-1.0533
-0.117593
1.32063
0.244044
1.18345
-2.36107
-9.27931
-2.17301
49.5827
-4.13671
4.67816
-0.661491
-0.937082
-0.20948
2.59467
1.14095
1.59655
-1.2135
-0.328457
1.16813
-0.749755
-0.31907
-0.260328
-2.01962
9.31867
7.82625
0.656872
-2.11265
-0.227725
-0.727299
1.31928
0.203644
0.742582
8.89309
0.688698
0.425266
-5.32939
-3.26847
-0.266355
-3.32636
0.0459943
1.57605
-1.17818
7.32564
1.09518
0.593509
-0.0929497
-0.452336
1.5013
0.306938
-28.2381
-2.35854
-1.50093
-2.81862
-0.797858
0.0834223
-0.217034
0.218234
1.24575
0.209726
452.327
0.82492
-0.0167298
1.68599
0.784729
-0.0523485
-0.984653
-0.324176
0.88079
0.327396
-0.41771
-0.176276
-4.72127
-28.3032
4.28485
-15.5942
3.7156
-0.557218
-2.45979
-1.99017
-0.162284
-0.166981
-0.353642
0.45144
-6.81154
1.81345
0.770135
0.889134
1.51509
0.0187896
-0.587488
-7.7804
0.0277557
4.0211
-0.552975
3.30897
-0.214956
0.193657
6.34498
0.699524
9.80289
0.833804
16.7914
-1.7122
0.70868
-1.47803
1.72699
1.25027
-0.65095
-0.998217
-0.109625
0.99876
2.94455
-0.271618
-1.60705
-0.24756
-1.31836
-0.598472
0.184032
2.84336
2.58541
-0.78336
-0.188767
3.45796
-7.26525
-0.487612
95.022
-0.279532
-9.18633
-0.146617
-0.593795
2.24188
0.686455
0.314363
1.18014
-0.70683
-0.620373
4.38138
-1.07213
0.966667
-1.92376
-0.616888
11.1764
0.260602
-0.414631
0.676463
0.438386
-1.75026
0.57448
-3.57584
-0.189177
-7.46931
0.102926
-0.283135
0.0379679
-1.46042
0.110667
3.70703
0.65279
0.401493
-0.755197
-1.66498
1.47504
0.893536
36.1956
1.01838
-0.275332
1.08202
-0.605354
-3.42684
0.287623
0.224652
1.94014
32.2215
-0.450118
8.95013
0.395562
-1.70358
0.497355
0.790945
0.116029
-1.09257
1.37914
0.466359
0.235784
-0.566163
-8.32849
-0.443844
-0.934292
0.975411
0.23722
-3.1035
-0.952185
0.28322
0.212124
5.2006
3.19912
2.03748
-1.17086
-0.425345
-1.45209
2.62383
-0.567418
1.15874
-0.470112
4.1154
6.79499
0.882382
-0.296888
-1.21985
-4.88041
-17.7337
1.37988
0.780772
0.243438
-4.01795
-0.586441
-1.71056
1.95323
-0.89026
-0.087714
-1.40103
-1.75012
1.47167
3.78053
0.329738
7.20403
-0.254216
6.16292
2.67908
0.0823436
-16.7961
-22.1376
0.662514
-0.83372
5.04364
-0.446052
2.67134
0.721292
35.9906
-0.32289
0.999457
1.44017
-123.577
-0.0942341
2.85154
0.640923
-2.08318
-0.369412
0.673749
0.324581
-1.41019
0.468268
0.926849
0.118636
1.7178
-0.238448
-0.547894
1.28747
0.568691
-0.0498582
-3.50931
-2.70277
0.244094
0.195166
1.78954
0.0943022
0.19723
-0.244874
6.08623
-0.648593
1.58085
1.63059
0.258159
3.72573
0.560992
0.211661
4.89509
-2.05114
-0.27497
-0.0152971
-0.0229825
2.30714
-2.06224
9.21533
2.40884
-0.409144
0.236544
-277.06
-1.69432
-0.474524
-0.458933
-1.04916
-1.16475
2.76237
0.575351
26.0597
-0.226104
-1.32918
5.55036
-1.84433
1.1184
0.416469
-1.39387
-0.666272
-5.34891
-0.110125
14.4409
0.337706
-3.97327
1.006
-0.625499
-0.576426
0.386459
0.803558
0.558763
0.309278
-10.4224
-1.10305
-1.0861
-0.533849
-3.08189
0.316813
4.24781
-0.677499
0.254837
32.857
-2.01521
612.079
8.36969
-1.53435
1.16727
1.09759
0.104744
1.30797
1.59769
-1.56485
-0.308834
6.49645
-2.18722
-106.002
-1.18087
-0.491352
-2.06898
-0.173348
-0.323151
-8.09994
-0.623273
-3.21186
5.13967
-1.99929
0.625729
1.69654
-16.3429
-0.581413
-1.15101
-0.388688
0.701076
0.88739
-4.78895
1.672
-0.360462
0.407318
0.824829
0.0621926
0.920053
1.07474
-5.06632
0.305667
3.59993
0.880819
-0.810414
0.854247
-0.684047
-5.68856
-0.427212
0.2442
-0.212706
-3.73336
-0.114919
-1.32248
-0.566491
-0.122138
2.33738
-5.16806
-0.479436
-9.11328
-7.66333
-17.8139
18.6752
2.25958
-0.44623
0.345208
-1.60979
7.4652
-1.17044
-0.944275
15.1885
-1.50093
5.0233
5.13482
-0.18284
0.032256
-1.29923
1.06461
-57.8867
-0.426243
-1.10782
-0.289421
0.669563
-1.24303
0.578895
-1.10615
-3.71663
-0.803987
1.38458
-1.17689
-2.01919
-1.55119
0.116653
-1.83424
-1.16608
-0.264871
0.973293
-0.321595
3.12383
1.60209
-1.30411
1.3264
0.318476
0.199021
0.0576379
-0.308023
24.1317
0.037806
-1.05919
-0.727405
0.100312
-1.42035
-1.49997
2.33249
0.389146
-0.125279
-4.48962
0.390414
-18.0586
0.44712
-2.07826
0.0650906
-0.432364
-5.02545
0.214201
0.252907
0.434759
0.0983491
27.7739
-0.0680299
-0.267094
0.219765
-1.25442
0.246711
8.41706
0.04228
-16.4075
5.03601
6.63866
-0.286516
10.6604
3.0425
6.35401
-11.2939
0.446669
-0.622215
4.67704
-0.221489
0.0432435
0.41189
0.881613
1.06643
-0.435996
-1.05763
-1.0875
0.618411
1.45722
0.485057
-0.666511
2.98067
1.6892
-1.21372
1.55212
0.560307
0.540184
-111.022
0.990035
4.52947
26.1283
0.889063
-0.612462
0.125814
0.313483
0.164373
-0.461805
-0.485021
0.87553
0.521431
-1.11766
0.987386
6.60809
1.43822
-3.93048
0.203993
-0.276134
-7.80434
-2.82764
2.30292
-3.92088
-5.14663
4.44982
-4.65581
-0.0628311
0.145058
0.504458
-0.523101
1.49877
0.0312572
-1.17698
-0.535259
-2.0313
1.32607
2.44009
12.6662
2.60811
-2.23435
-1.41657
2.81595
-0.917598
-4.06415
0.329209
0.811197
-0.893225
-0.726754
0.705876
-0.726479
0.201635
0.0385718
0.537348
0.811299
0.540946
0.965978
-1.1363
-1.03206
23.6674
0.953064
0.0257636
1.24554
2.41338
-4.13995
0.63032
-5.74563
0.820827
2.46574
0.645619
-0.587891
-0.633422
14.21
0.587492
9.46445
-1.86506
1.05858
0.90189
-1.57191
-2.72515
0.623637
-1.00063
-0.403801
-0.608675
1.11285
-0.498366
-3.4074
-0.884164
-4.70269
-0.64612
-20.0733
6.75187
0.514498
1.12409
2.03679
0.629087
0.888824
1.74624
-3.82945
8.24766
-4.75351
0.850748
-1.93252
0.36102
-16.0198
0.815038
-0.61861
-5.68289
10.2716
-3.54955
0.299632
8.02154
0.76257
-0.65639
0.192165
-1.75073
-3.52104
-0.275357
-1.58718
-2.95423
0.432137
0.41338
0.881594
-0.654844
0.928411
3.03478
1.27934
-1.44295
6.06748
-0.41183
1.68774
-0.796965
-2.45552
-1.92961
-12.7598
5.95923
2.05768
-0.451806
-0.200901
-1.38762
-0.279579
0.840399
3.21596
0.0716759
-0.622356
6.66886
-0.314923
-1.6629
-6.52019
-8.67296
-1.40819
0.668754
8.93411
1.65873
1.50988
-0.203095
3.18422
-3.8851
2.75276
0.712302
0.431771
1.02746
5.40014
-22.1946
-0.508173
175.566
1.35905
2.92033
1.18604
0.60065
-0.118833
512.995
-0.897529
-0.257657
0.959114
-1.67846
-0.0555107
-0.435385
0.243867
-0.388078
8.58302
15.2427
-0.065351
-0.502262
8.44824
2.57394
0.0374348
-1.95874
0.631114
0.927194
-0.0265147
-0.878035
-0.0564228
-0.0420147
-2.06732
0.573262
8.48566
24.6647
-0.0768315
-0.16589
0.262389
-0.144915
-1.67631
-2.22872
-1.26288
-0.803372
1.4776
-0.818508
-18.1254
0.689561
0.347599
-1.36145
0.144747
-0.634986
0.569066
-0.164682
0.232526
-0.322643
-0.669568
-0.400903
-2.67376
0.248697
0.223632
3.24478
-1.54807
0.203066
-0.908446
-1.45676
1.37426
-0.280227
0.980278
0.690652
1.22069
0.228049
-18.823
2.46327
-1.1515
-51.5227
-0.969937
3.68488
0.849317
2.83216
-1.57814
2.81735
5.02148
-6.82212
-0.0846161
0.750486
-0.141561
0.185345
-7.0725
-1.79111
-0.408156
-2.40733
0.161814
0.448776
-0.204377
-0.0803021
-2.69766
0.192291
0.548458
-0.299634
1.57648
-0.760277
0.547092
-0.242699
0.0198343
-0.877113
-0.69772
37.5035
-0.761642
-0.0613953
-20.1542
0.398461
-0.148382
-0.812482
1.26058
0.110246
0.597238
0.41053
-0.502911
0.644113
-2.70642
-0.0528331
0.422239
0.0919251
1.99617
-6.73934
0.266186
7.60275
0.572779
0.238775
1.49035
-0.861187
0.758365
-0.323592
0.035942
-2.99446
-0.00580189
-0.322234
-1.4327
-1.85476
0.681519
1.7914
-1.34788
-0.910646
-1.10862
4.42793
0.406077
-2.54925
0.0899629
-3.71539
-0.0155046
-0.218751
-0.864702
-0.21009
14.3522
-2.75323
0.153871
2.33139
-1.15751
2.19988
-12.2224
0.0649193
0.638476
0.873602
0.972071
-0.62054
2.21752
0.529865
-0.891153
0.543947
-5.50093
-0.811734
-3.87661
-1.08963
1.98129
-0.432267
-0.555636
-4.3381
0.435835
-0.531759
-5.02607
-0.299146
-1.02071
0.657596
4.53547
-1.36607
-5.16297
-85.8075
-9.03296
-1.05501
0.449167
-1.38009
5.15805
-1.20818
1.15193
-0.146032
4.6326
-2.37229
-1.59718
0.255977
-0.984102
-1.43249
3.12274
-0.950763
12.0458
0.715423
0.666082
2.01256
0.631488
1.29551
-0.579184
0.204702
1.27223
15.0874
2.67388
1.6935
1.56511
0.403799
-8.62916
-2.03083
-2.27878
1.24507
0.816128
0.344368
-0.275876
-1.82093
4.96053
-0.142914
-3.33575
-0.366385
-1.7632
0.237931
1.59656
-0.361284
0.916207
2.73578
0.461397
-0.275068
0.468646
-0.678376
0.364656
-1.06086
1.91757
0.409682
-0.720416
1.41727
-5.4485
0.0753696
-0.091053
-3.38034
0.0130392
1.65291
0.388844
4.43615
2.92312
1.79711
-0.949723
2.89543
0.0135663
-0.713206
-0.189709
-2.16764
-7.70979
1.3572
-2.28806
2.73105
-0.34196
-0.388399
-0.857611
0.853458
-0.0215307
-0.199132
0.327506
-0.816457
1.47921
-1.16769
1.58954
-1.26471
4.59174
-3.21065
5.99055
-0.425243
-0.410481
-0.425367
1.45744
0.480533
-1.60406
0.400394
0.757656
0.0258439
0.354394
0.623172
-4.66018
-14.8199
1.1491
-0.946515
-0.802016
-0.428619
0.222066
-2.08713
1.73337
0.195924
0.780452
0.213585
2.99687
-1.9644
-0.600034
-1.16319
-3.02808
-2.43184
0.349782
2.63892
0.327142
-0.0619881
2.44475
4.89388
1.05896
2.05269
1.35432
1.64158
-0.643693
-0.106604
-0.817507
3.91802
0.0222952
1.67336
0.109141
0.00887281
7.05705
-1.07009
0.213155
-3.10917
0.335381
-0.305373
1.16006
0.991852
-0.619183
-0.445941
0.566235
0.449567
-5.60714
0.296424
7.32664
0.341346
-18.0448
-6.29685
-2.30575
2.16094
-1.27618
0.163648
1.71703
0.684923
-10.223
6.25189
-0.240904
-1.56733
1.30414
-0.0329468
-2.8175
-3.08179
1.41661
-22.4111
1.45588
0.955558
-0.129575
-0.425239
-3.17696
-0.48188
0.782413
1.02463
-0.595189
-0.9524
0.073184
2.10619
-0.408997
-3.051
-0.360295
0.393095
0.850004
-4.04587
7.78122
0.104819
-0.907032
-3.81062
19.7893
1.27015
1.68335
13.4736
-0.326734
36.7604
4.7131
15.2813
0.700188
-0.104836
-0.18785
1.33626
-0.82161
-1.47407
1.00899
0.389086
-0.0525704
0.512216
0.499479
-0.379053
-0.873606
2.13215
4.0877
-1.39705
0.389263
-1.43404
-2.54736
5.65784
1.67899
0.169999
0.97271
6.71325
1.20406
4.52994
-1.49142
-1.00033
0.770033
0.713853
1.45202
0.489545
11.8444
-0.277979
0.0359884
0.431879
0.75914
1.0604
0.599915
2.63824
0.53317
-0.788758
4.49277
-2.97468
0.604729
7.90158
22.428
-0.111232
1.35614
0.480307
-0.587961
0.113746
1.78138
2.63684
5.95474
6.27539
2.4944
0.430166
0.549376
-0.352598
-0.231308
0.0134071
-8.83857
0.431033
-0.313321
-19.5726
0.746522
0.121683
0.0929466
-0.55186
0.120106
0.361301
-0.441694
-0.737826
26.5107
-3.49685
-1.73109
-3.25
0.10552
-0.931073
-0.963119
-7.94922
-19.3235
0.64424
-7.47346
-4.32656
-0.286888
-0.855341
-0.656691
1.92616
-7.32041
1.33781
2.44927
-1.85335
0.362055
-0.989678
3.78656
-0.661913
-1.19317
-0.35059
2.82489
-0.336786
13.2564
-0.303473
0.115651
3.70155
-3.46419
1.01988
15.3894
0.195786
-15.6809
16.0141
-0.164167
-0.586505
-1.46034
0.484485
0.218016
-1.78
0.560529
-8.37858
-0.649341
1.33818
0.939094
-9.03236
18.607
0.513553
120.57
0.264105
3.40205
-2.80355
-0.801699
-0.354763
1.98621
-7.61166
-8.46173
-0.730206
-0.566788
-0.223289
0.486842
-2.90432
0.403583
-0.482452
0.377732
-0.294014
3.43155
-1.1043
-0.0476558
0.773843
-0.294257
2.57287
1.81433
-0.644212
0.349992
0.413838
-0.175801
4.57207
1.55717
-1.1152
-133.022
-1.40998
-1.26298
-0.662148
4.5818
-2.71219
8.64521
0.852308
1.04717
-16.9274
0.198533
-1.75667
0.7774
-0.719661
0.15183
5.91026
-1.14792
9.68976
0.45946
0.41485
1.65331
-0.593208
-1.16081
-0.238465
-2.45957
1.84035
0.76526
66.1428
-8.21799
-0.475378
-0.694513
0.472954
-1.8825
-2.45916
0.108652
0.436956
-0.167063
1.02917
2.17566
-0.679886
0.157384
1.11829
-70.2726
-4.23567
-0.380266
17.0797
2.21368
3.23236
-3.34128
0.197486
0.487359
-0.119489
-1.63116
-8.23774
0.529684
3.61652
-48.0086
-0.542076
-0.304572
-0.748016
-2.8866
0.950633
-4.6372
11.7058
-0.384195
-0.41241
-23.0147
0.391834
-0.842329
0.519736
2.21746
3.47375
-2.29162
0.57489
-0.893351
0.264652
1.155
-4.08221
-0.139487
2.12688
1.59878
0.0445957
33.8627
-133.622
-4.93226
1.12424
-1.5103
-0.172008
2.22602
9.94278
1.32396
11.9474
1.46453
-0.586043
1.55396
0.0539107
-0.675253
-0.149196
-0.260601
0.373207
-2.34039
0.679688
-0.150314
3.84704
-7.73678
-4.49764
0.446518
1.20384
-0.394845
-1.12661
0.950678
-1.61365
-0.743288
-0.0459583
-2.33174
-7.0583
-0.78511
-0.500552
0.577026
-1.06269
1.36803
0.451534
5.20264
3.62732
2.66689
-1.45277
0.125149
32.1316
1.14276
0.0644172
-0.275898
0.101289
0.0476426
-20.0639
0.282659
-0.692775
4.2595
-1.73486
-0.212265
-0.264948
6.57831
-5.76801
17.0389
-2.07824
1.7125
7.0845
1.00474
-1.18491
-1.13252
-22.4083
0.225871
0.16491
0.705552
0.430955
0.603536
-1.04071
-5.6122
-0.14713
0.239509
0.580108
3.74042
0.426333
-0.439013
-1.95093
-2.41635
14.4538
-0.17092
-1.1322
-0.432847
-0.164521
-0.418125
3.88159
34.141
-0.5905
-0.238346
4.94908
-6.00471
-4.26785
1.2297
1.5292
82.824
0.434487
-0.531432
0.0150016
0.187512
0.366362
-0.586263
-1.15873
-4.45124
1.24037
-0.892553
-1.39479
-0.484787
0.954575
0.992609
-0.747876
1.16987
-6.51086
-122.124
2.16125
2.58237
0.0442844
-1.44376
1.29605
-0.0480746
-0.451539
0.523692
-1.40266
-0.117428
-0.249777
1.19446
-10.2739
-0.588285
0.708578
-8.84381
0.344391
-0.208193
0.291565
-2.03749
-2.61704
65.69
-0.601435
-0.685152
-0.406757
5.5427
-0.667773
-0.404491
1.2332
-87.9047
-0.469976
-1.11293
0.869754
-0.316481
1.47894
0.581764
-0.992064
0.960408
0.68582
-1.49798
0.138609
2.27835
0.409643
0.028384
5.3229
6.99228
-0.566811
2.91582
1.01479
-1.37127
-0.619041
-15.9609
-0.281018
-0.330483
-1.38918
-28.761
1.31773
-4.3644
-1.71648
-0.564276
0.0939097
0.0813904
-3.85075
-3.55151
-4.23753
0.651989
2.47859
10.5732
8.77349
-1.69975
-0.213715
16.7263
0.146613
-14.354
-0.447149
0.526587
2.08113
0.198446
0.940468
-4.60743
-0.494868
-2.01052
7.14164
-0.634048
-1.09297
16.5357
-1.11322
-0.543309
-1.25068
-1.4492
-13.0966
-0.7035
-1370.77
-0.44475
-1.28302
4.29346
-1.92281
-1.04588
0.797141
0.557427
0.548869
-3.42161
0.0702476
-0.362373
-4.54375
1.62553
-0.955367
-0.0898009
1.12639
0.256517
-0.763502
-2.60393
0.693769
-0.695918
0.642291
0.766024
1.23092
0.236657
-1.42474
-2.19413
0.388274
-0.263979
-560.291
-0.492058
-10.0469
-96.4339
-0.513664
1.80119
-1.5445
-0.385445
1.61799
-1.85272
7.09949
0.649033
-0.0781537
-1.5364
2.36193
2.89976
-2.70806
0.621829
-0.140773
-0.83379
-15.041
-8.53164
0.509461
-9.21848
1.95465
-0.182773
-0.0683928
-0.532654
-0.129905
0.153455
-0.261571
4.68039
-4.81367
-2.56727
-0.955721
-0.438027
0.0930274
-9.65476
0.592668
1.85406
13.2394
-12.7
0.0928831
-5.93789
-1.85871
-2.95532
0.684895
-0.0155999
1.10038
-3.9249
-8.29298
-5.68049
0.931107
-7.46416
-13.4643
0.181961
-0.140036
10.7692
-6.77769
-1.35463
-1.5279
-0.689215
-1.23855
4.99683
0.46904
-0.268205
5.93358
0.665757
0.233974
-1.64593
-3.6444
-0.225405
-21.0631
102.257
-0.65488
1.00706
1.03799
-1.3288
-0.958431
0.504115
-1.91322
-0.99971
-0.868308
4.34292
-0.228634
-1.92113
0.541436
-0.0252233
-0.120595
-2.65749
-5.92306
0.0948572
0.537781
0.0650521
-3.42394
-0.163025
0.732671
0.831772
0.488018
-1.65639
0.00977201
0.00418439
0.325147
1.73377
-0.797365
-0.187529
0.357081
-3.00184
-3.05453
-2.35635
0.248731
0.37782
0.698054
0.656213
-3.88068
-2.13187
4.37407
-2.71362
-0.573578
0.940606
1.06081
0.091661
1.3872
-0.633382
0.592468
1.13053
1.76367
2.4672
-0.20736
0.0674932
0.568354
1.65588
-3.63787
-12.979
0.144993
-0.731876
6.80873
0.362705
2.1223
-0.167881
-1.40832
2.03787
18.535
-0.136915
0.0379396
-1.63023
-4.89113
0.663086
1.34798
0.947578
-1.34669
-0.26822
-2.64183
0.173763
-3.46316
1.12063
0.311202
3.96251
1.20184
1.17576
-1.42702
-9.00234
-1.69124
-0.288246
-0.806193
-0.894758
-94.0134
-1.49998
2.76976
2.50323
-0.713238
-3.29965
12.815
0.653398
1.84189
-2.49484
0.193994
-0.709098
-0.120457
-3.33964
0.30521
-0.575101
-0.147617
-1.07737
-0.391066
-0.639255
3.34011
0.278733
-0.070663
0.372699
-7.36183
-11.5946
1.34384
3.03911
0.58488
-2.66849
-5.65845
1.91937
-0.276906
-0.479712
-1.01506
0.0822827
-3.64054
-0.273227
2.72371
-0.505371
0.670436
-3.71551
2.22895
-1.42857
-3.0147
0.588078
0.286747
-0.0630491
8.97349
0.621242
1.56446
0.197604
-0.286487
2.08139
6.69462
-8.43044
1.30451
4.27472
-0.834524
2.57587
99.2632
0.538361
-0.291829
6.89834
0.0479457
-0.968969
0.626388
0.947716
0.38346
-2.88035
-6.27133
0.188392
-1.5368
12.6525
-4.05384
-0.302106
1.76418
0.935827
0.00780121
-2.83073
-3.60047
1.23099
2.25802
1.61732
-0.588054
0.688181
4.02802
1.24998
-1.99591
3.59729
-4.08446
1.36616
-5.05033
-1.15315
1.52066
-3.99489
-1.16457
12.2002
-2.89055
0.00821413
-0.272693
-1.13591
0.135154
-0.25209
10.8599
-0.284455
0.290689
6.3862
-1.24076
0.202206
0.965572
0.860351
5.7929
3.46797
1.87341
-0.386648
20.4057
-9.7851
-0.135467
5.23281
1.80087
-0.520798
-0.894479
-1.61128
-1.24264
4.64426
-1.60658
-1.9667
0.490547
-0.357917
1.12297
-0.976843
-6.88794
-84.1546
0.668152
1.42834
0.701331
-2.05165
-12.8455
0.39813
5.32057
3.28115
-0.634555
1.06734
9.62179
-18.8968
1.56053
-3.18107
-18.9446
0.368913
-0.380901
0.62124
0.889297
-4.89345
0.550814
-266.313
-0.82292
-4.41734
0.397086
-0.42902
3.69832
-2.05615
0.327881
-1.72333
2.05617
-0.548402
-2.01461
-0.529548
0.229197
2.60723
0.63609
-1.35729
1.26951
-10.5065
-10.1983
-1.44071
11.7613
0.221546
3.72457
-1.86152
-0.095335
-0.730921
-3.31449
0.102313
-4.1733
-0.424094
-2.8174
-4.18802
23.4117
0.229494
-0.00129762
0.718626
-0.375543
0.516333
0.823461
-0.217343
0.637095
-1.33878
0.968676
0.420621
0.424514
0.441097
-0.842232
-1.11476
8.58357
-2.29455
-0.170138
3.56029
0.461312
0.190725
-0.713452
0.0430547
3.0469
-1.82207
7.75184
0.271145
-0.843621
-0.514479
0.0372255
-0.446838
1.96983
1.10028
1.04261
1.35219
1.78623
-4.29761
-1.39664
-1.4299
-6.60865
2.73723
2.71156
-0.904568
1.51657
0.0967048
-0.0238565
3.95697
22.7904
-1.01891
18.9531
-1.92788
5.10385
5.15835
4.89492
1.89133
-2.18602
0.181911
0.116636
2.56557
0.0788664
-0.641544
16.9183
3.95987
-0.981708
1.08994
0.0793044
-5.39878
-1.39267
-0.128129
0.589647
-0.605748
3.13809
-0.407581
-0.229414
-0.525128
0.230776
1.10937
1.36998
5.56288
0.216974
-0.4463
4.59148
1.54776
-10.6096
-38.3842
0.0329334
-0.203916
-0.278057
-4.95325
-2.07703
-0.114554
0.0212467
-0.182525
-2.88037
0.126552
-41.6242
1.37685
1.82395
-1.02256
0.0575784
1.99072
1.1603
-1.38965
0.0368739
-0.734307
-2.88578
-1.86358
-0.153729
0.441278
1.04871
-1.47633
-9.68497
2.73326
83.1647
-0.386794
-0.0505269
-2.49288
-0.909576
-0.0623693
5.6186
1.62988
-7.54682
1.32647
1.04132
8.35775
7.97754
2.03674
-3.41406
0.998817
5.4228
7.30516
-29.2941
-17.4519
-0.67953
-0.151276
0.621505
1.3698
-2.95906
-0.445542
-1.34048
-0.889549
-0.737354
-0.325207
-2.73997
0.825662
2.46813
-1.7135
-0.000250598
1.54445
-0.245179
-0.134362
-0.593622
3.53563
0.0508622
-3.82193
-1.46154
2.51189
-68.1693
0.667673
-1.94037
-0.0260255
0.134672
-0.314859
221.918
2.70299
-0.732269
0.255298
-0.0119474
0.591426
1.04884
-6.27416
2.40013
-1.58607
-2.74342
7.03576
-0.924305
0.298509
-28.8137
-0.456763
0.193669
0.145631
7.17166
0.338212
0.553611
0.539198
-4.38663
-0.325744
-0.11942
-0.735431
1.07831
-0.165386
-0.118223
-0.363044
-18.1483
-0.266668
0.0279454
-1.22684
-0.618767
-5.67534
0.087405
-1.72598
2.04001
-0.267323
-15.273
-0.35922
-0.191872
-4.54483
0.0167913
-1.01294
-9.01733
0.168617
-1.92651
0.421636
-5.03138
-0.135824
-0.313398
-0.807148
1.06868
-0.665098
-8.28352
0.220871
-3.20717
-6.67045
3.38055
-0.794096
-0.128847
3.87657
-0.279108
-0.563005
-7.22179
-0.842157
-0.133636
-0.385653
-2.25584
-1.53499
0.16321
-4.65672
-0.772832
0.54173
-0.221939
-2.11665
4.01171
-1.96798
-0.958792
0.592615
1.11332
0.127386
3.64502
-0.0856767
-3.61163
-1.15376
-0.424445
-0.254852
-0.10925
71.1754
-2.23808
-0.238756
0.534501
-33.758
-5.24568
-6.24102
4.38888
-0.186166
-0.409669
-0.320495
-0.342575
0.572605
3.66387
2.33465
-0.0849751
3.22919
1.10501
-9.79476
-0.716791
2.30605
1.89043
-0.030102
-2.89174
-0.503752
22.5302
-0.0747681
-0.0281249
0.846061
-0.373049
1.61386
2.28531
-0.186459
0.0131587
1.00836
2.61211
-1.01852
-0.722507
-29.4037
0.00601057
-0.283603
-0.163158
-1.73961
2.2634
-0.49576
-0.343273
0.70225
-1.08968
0.41145
1.82667
-0.59473
-0.990641
1.131
-2.61109
-0.485056
0.312885
-0.399247
0.415412
10.1915
0.0799026
-0.00685424
17.7781
-3.59674
0.646026
3.83471
17.6027
0.964338
3.92709
-11.663
0.965015
14.9664
-14.7049
-4.31678
27.1267
4.18133
-0.204529
-0.957286
1.71786
-0.143147
10.7545
-2.38329
-5.79692
0.105369
-0.767112
1.38473
-1.09006
-2.27136
-1.16397
-0.116251
0.997502
-0.808352
-0.0907918
-0.0957324
2.71299
0.289041
-1.95656
5.08495
-1.88204
-9.0568
0.654754
-5.77857
-0.177153
0.585914
0.721041
1.54294
-0.324711
-0.273479
-0.417748
-4.99007
-0.781197
1.19173
-2.8408
1.10895
-1.5741
0.0319027
1.31544
1.59813
-3.30208
0.764418
1.40909
0.688789
0.595883
2.31273
-0.665051
-4.55873
-2.36725
1.01297
1.77571
0.365827
0.199446
-1.13011
0.542106
-1.06666
-2.21454
-0.749869
0.218292
-2.7415
-2.27303
1.20246
1.50691
0.414666
0.805651
2.70591
-1.13935
-2.71912
-0.992224
-2.07325
-0.597202
0.848189
-21.3346
-0.363034
0.430551
1.05738
-2.20622
-0.31126
9.93678
-0.501118
-0.29467
0.524322
-0.172327
-0.398192
-2.84835
0.965104
-6.20457
-0.86829
-0.0285327
1.69278
-18.3233
-2.7785
-0.720241
-2.85425
1.00588
0.871984
21.6908
-0.443525
1.51962
3.90701
-1.96181
-3.94357
-0.106324
-0.117326
-0.838648
0.63648
-42.0635
-0.694376
-2.13394
0.132788
0.0209535
-1.12215
0.945333
1.33013
-1.7644
0.826978
-0.961887
-3.29124
0.0952394
0.0686735
4.66203
-0.0887521
6.88127
2.48066
-1.64252
-2.1556
0.16792
-0.251487
1.92989
934.093
0.492397
-5.9366
-6.7256
-0.55993
0.592755
-0.367423
-0.0841514
-0.142837
0.520594
8.84163
1.16447
4.4921
-0.143029
-3.6012
0.782192
-1.10174
-6.47529
2.91479
0.355607
8.17126
-2.14942
1.66937
-1.91389
-0.0544022
0.290744
0.410326
-0.0185804
-2.61998
-4.59439
8.14249
7.39279
0.405973
-13.0012
-1.44059
0.309534
2.41453
1.1062
5.26512
0.329901
6.34362
30.5085
2.24469
6.9683
-0.235272
0.0367511
-3.03791
-1.81025
-0.726056
3.96985
0.271416
-0.373598
-1.61575
-3.49982
0.0616925
-0.106697
0.232819
3.01223
-1.87831
-3.03735
0.386411
-1.44076
0.794794
0.61944
0.551867
0.496913
-3.7123
-0.280498
-2.72382
0.130009
0.505545
-0.05279
-0.0602554
0.154519
2.00648
0.15152
1.13594
0.507142
-0.20973
-1.50287
-9.78685
-4.30624
1.91992
-1.64781
-0.347891
4.09785
-4.06649
-5.86829
-0.40387
-0.0828125
-0.435197
4.30386
2.0117
-0.899787
1.76226
0.181155
-7.34931
-0.881109
2.99143
2.60679
3.2061
0.99993
-1.11922
-1.39759
-3.34812
-3.84311
8.29763
-0.480495
-0.736338
-3.90711
0.762697
0.701932
-7.677
-1.4165
-0.131009
0.703662
1.1524
-0.133461
-0.502161
-2.84647
0.0162609
245.838
2.88924
3.47555
2.54308
0.736356
-1.7183
1.77331
-0.344848
-0.366722
-3.65014
6.67243
1.41624
-0.372633
-0.846005
1.27917
1.53752
0.857825
0.136593
0.963793
-0.65075
-0.0527598
0.181491
-7.57626
1.68859
-0.712856
-7.91896
-2.9949
-0.451518
-1.46504
-0.000482444
1.35765
0.369715
-2.29469
2.44585
4.77631
-0.791601
8.50722
-2.46461
-1.12221
0.242996
-1.32363
0.72226
1.3021
-1.79652
-3.43177
-1.0322
0.259374
-1.26524
-2.49795
2.0349
-1.65775
4.65301
0.108189
1.14752
-5.72754
0.198664
-21.1438
0.178889
-0.807453
1.62682
-1.65496
0.572405
-0.62948
10.4945
5.19383
-0.457004
-2.27769
3.38473
2.07141
-7.69405
0.244527
-1.48574
3.6122
-0.477292
-2.14615
0.0549185
0.494177
-0.0891
1.17202
-5.73874
-6.78047
-25.5018
2.02397
-0.452447
-0.82901
-0.42891
-2.11658
-0.20281
0.558848
-0.105696
0.668246
-0.714583
-1.22558
0.4385
-2.54245
0.0189902
0.556888
-0.636168
0.586813
0.0463023
-2.73063
0.64373
-22.0437
-0.157741
-0.00361916
0.743019
0.607452
-0.525696
-0.0504367
0.739174
-5.49387
1.59716
-5.3969
0.20201
0.903255
-1.42985
2.29474
-0.166622
-0.394893
1.38568
0.137517
-0.488441
0.129352
-0.503473
-2.823
-2.23981
0.05364
-1.24007
1.37581
0.336885
-0.845111
-0.0107444
0.556865
9.12358
1.81481
0.057973
-0.479455
-2.18022
-1.7361
13.3174
3.73755
-5.62095
3.81561
0.944085
-0.7912
-0.203816
-1.42587
-0.260847
66.2487
-4.16169
1.36998
-1.25127
3.98536
-0.191753
7.49871
-3.32896
5.97698
-1.45619
0.712236
-0.433824
2.56767
-0.0739824
-0.486277
-0.387849
2.2473
0.548088
-0.101227
1.24749
-0.553456
-2.39337
0.957612
-0.752142
-2.09761
-4.83688
3.77336
-0.792224
3.36013
1.04103
2.11873
67.476
-0.206586
-2.60953
0.136097
1.25627
2.26302
0.455485
-0.253181
0.0921326
2.41165
-0.0172177
-1.52179
0.786159
-0.384816
0.235049
0.289828
-0.835607
0.823702
-0.377973
-0.362101
16.8884
3.10343
-2.24709
1.55336
3.91929
1.91821
-0.99621
-0.436412
1.19078
-1.21264
0.836488
0.00193208
-2.94074
-0.362116
3.9139
0.382264
1.07394
-3.86747
-19.7487
-0.385643
-3.66183
4.18736
2.47541
-1.09174
-0.563959
-1.24547
-1.58083
-2.77022
-1.73013
0.32886
-0.48327
-0.197779
0.0705152
1.20546
0.993499
0.589288
2.1019
3.79456
3.47637
-0.239219
1.24857
0.499495
-0.147224
3.27832
-1.42917
-0.615691
0.336881
-4.11402
-0.294285
-0.271565
-0.819399
-0.319307
-0.502202
-2.82372
0.264742
0.477553
1.99317
-2.15013
-0.226981
0.841065
-3.75829
0.645931
0.811445
0.0806354
0.560193
-2.81655
6.95211
-7.62128
-2.96864
0.0626185
2.45895
2.96663
-3.43606
-98.0299
-1.66071
0.232267
-0.815876
-0.838135
0.0499044
-1.73726
-1.26926
0.113342
-0.522647
-2.40287
-1.2488
0.897321
0.082717
-0.807368
1.29715
1.72511
0.0273266
0.482953
-0.831836
-0.373683
0.650417
-0.554615
0.500428
1.21438
0.462403
0.63044
-0.916624
0.472203
1.32841
0.646444
-0.342703
-1.97093
-0.426075
-1.2323
0.220378
-3.93287
5.15505
-0.63986
0.0937453
8.31849
-5.00915
-5.3286
1.02518
24.895
26.3966
2.13376
-3.7527
0.815091
-0.214819
-1.49403
0.989423
-1.52711
1.18322
1.02184
-4.53215
0.366333
-0.341306
1.67447
-0.0447211
0.500541
0.189486
3.22285
-2.27941
-4.77488
1.70722
4.57973
1.46968
-1.65321
-5.13113
-1.77234
0.76216
4.60239
-0.0590365
-1.4415
0.107701
-5.4256
-0.742761
-0.187831
0.671474
0.536071
-0.33707
1.25598
2.9565
-1.86853
0.434999
-3.08896
-4.39366
1.45624
5.55581
0.194903
0.346353
-0.701747
-4.29233
-60.6401
-0.291356
1.16866
-0.503477
-1.23218
-8.62217
0.131247
-2.09995
0.452681
-0.784946
1.22721
-6.22612
-0.241771
0.0253336
1.61644
-0.690043
-12.9698
0.118129
-2.08569
0.446795
0.0430431
-9.5545
2.92341
-4.67873
1.7181
1.01005
0.858449
1.58607
1.34507
-27.6934
0.823687
-1.30287
2.14577
1.79349
0.86996
-0.127101
-1.14877
-0.175553
-20.4713
-0.503222
-7.60634
0.362698
0.806936
0.294581
-0.809268
1.09163
0.015191
2.09712
-2.09477
0.32878
-15.3017
-1.31685
0.350066
4.14485
5.66829
0.359597
-0.444399
-0.499509
-1.48763
-3.64826
-6.74711
0.554116
0.993301
-1.58202
6.54929
-0.380451
4.34608
-18.7442
-0.7886
-0.491385
0.921701
-3.72431
0.90353
-1.30386
-0.466021
-0.730463
-0.456473
0.211307
-5.98277
1.67751
0.427332
-0.0162583
-3.87167
-0.525152
-18.5002
1.13087
-1.48915
-12.2073
4.22567
-0.657253
-7.5717
-1.28353
0.204829
-0.115188
-0.925887
25.6185
3.63921
-3.04676
0.290616
0.95919
1.84123
-0.965018
-0.0877749
0.250164
1.40549
1.85604
4.80238
-2.31117
0.339247
8.62918
-0.322956
-0.709719
0.721461
0.81661
-3.15959
0.55662
-0.943932
0.4417
-0.896089
21.0931
-3.05906
-0.291345
-6.91747
-107.717
0.890292
-0.300127
0.200086
-0.0172317
0.0544507
1.59725
-0.0727113
0.992424
3.32855
1.22203
-0.566193
-1.16285
1.12169
1.61975
-0.463839
-2.03507
-3.37106
-1.39192
-0.461333
-1.9561
0.676588
-0.434373
0.697611
0.268752
2.18502
4.95372
2.362
-0.853396
2.80509
0.260926
-0.43355
-0.469904
0.594896
-0.593575
0.757426
-1.08749
-0.604687
0.407358
1.61923
-0.915463
-0.306176
5.16218
-0.295434
0.513918
-9.81041
-0.485857
3507
-0.934296
0.478939
-0.237652
0.649756
0.404228
18.6262
1.84242
0.850355
0.727102
-2.30977
-0.702633
-0.357409
0.15602
-5.83932
-0.922894
0.360991
-0.36578
0.427902
-0.20244
-22.0388
-0.674757
0.245514
-1.59832
1.07331
1.85206
-1.12624
3.09813
1.19065
5.13896
-1.63939
-8.30478
-5.32474
6.25064
1.12551
-0.92589
0.223404
0.283325
-0.00473878
-1.0214
0.770477
0.967617
0.0401646
1.46186
-3.34509
-4.20949
1.07431
3.97164
-1.21699
0.51819
-3.18473
1.33179
-1.11398
-0.164127
-0.631638
-0.433297
0.00333304
0.429272
-0.18093
-3.67092
-1.94459
1.48303
1.32826
3.38156
0.117008
-0.693778
-0.184799
-0.701593
-6.64467
0.0953183
3.2573
-1.3983
-4.51716
-0.151624
3.57616
-0.271454
0.102988
1.28424
-1.46446
-0.155722
-2.34603
0.163732
0.59072
-0.431842
7.16817
0.456709
1.84164
-0.480713
1.55015
-4.57737
-2.11294
1.24949
-0.757667
-0.776409
-0.794978
0.567335
1.31018
-0.678748
-0.683058
0.246178
0.0997072
-0.334346
0.713307
10.2832
0.833567
-0.0648676
-8.9117
-7.42873
0.17617
0.470311
0.65905
-1.50272
-2.2608
-2.98508
2.23537
4.26828
0.589951
-12.3907
-0.518745
0.498206
-1.00813
-0.51098
0.740818
1.41092
3.15586
0.365629
0.996325
-0.438686
-0.989233
-0.372722
-1.6233
-16.5227
0.50723
-0.488423
4.91441
-3.19004
1.23177
0.342431
0.594543
0.224225
0.932721
75.4165
-23.5445
1.46879
-0.886051
-0.146176
-0.19504
-0.331522
-3.87661
1.42959
0.938918
-1.08341
0.890291
-0.0248613
-0.73771
1.34865
0.765867
-1.99659
0.417018
-0.205762
1.14429
-0.12991
1.65588
-0.226407
5.29596
0.49256
4.09199
-0.744155
-0.899272
-1.04619
0.859204
1.21981
0.730869
0.250764
-1.7243
-1.16211
9.23679
0.0214753
0.940811
-4.38867
-6.03104
-0.914786
1.31482
-0.10823
-0.500454
-1.17114
0.0375241
1.47411
4.50638
2.10215
0.810289
1.35729
5.04324
0.669722
-1.07524
0.464152
-0.677309
2.0558
-0.682237
0.300458
0.604672
0.322383
3.16725
-3.01492
2.17949
-8.63339
1.98632
-0.328138
0.748714
1.97306
-1.48533
-2.70336
0.189664
136.433
2.23518
-1.27657
-0.883794
0.940793
-0.151512
2.00477
-1.86675
-5.40868
0.429761
-0.404679
0.819394
4.95879
2.40998
0.78898
1.11092
15.8651
0.178146
-1.84412
-3.84804
0.835183
0.689983
-0.233504
-0.291165
-1.14887
-0.455886
3.18174
-0.369071
0.609233
0.0762739
1.42263
0.555349
-2.4857
-2.41332
0.324155
-0.226398
7.21494
0.603972
-64.333
0.813451
3.9134
-2.25865
-0.0379285
0.746153
-1.47453
-0.924668
-0.0993813
-0.0139938
-1.12453
-0.159244
0.765951
-0.274932
0.187763
-0.436451
0.508356
0.430875
0.675104
1.06431
-0.967967
0.066212
0.431993
0.246962
-0.50064
-0.972975
1.73635
-3.92165
-6.15611
5.16546
-0.100724
0.060875
-6.68336
8.54748
-0.759677
-16.1633
0.107621
1.59753
1.25418
297.062
-9.40829
-0.209948
0.797381
-0.141145
0.550483
-0.941266
-1.52717
-0.463308
0.95258
-1.76522
2.94998
-0.396469
-0.0505901
-2.99679
-0.0912092
0.154654
-0.28317
-2.10177
-1.68322
-1.25779
-2.20873
-0.755484
-0.726906
-0.543169
-1.07073
0.515965
-0.568443
-0.405548
1.84992
-0.672574
-1.59976
2.74227
-0.249574
1.88537
0.0431697
0.29607
0.539545
1.04947
-2.20251
-2.12235
7.6954
0.176612
-0.73788
0.816773
1.45442
4.91169
1.36982
-0.60693
0.281316
0.256428
0.716226
0.766794
1.29658
0.842931
3.06282
-0.453971
0.819607
-0.783859
2.56717
0.562363
2.13957
-0.789356
-0.0664036
1.96679
1.67467
0.811986
-0.614259
4.26789
1.2491
0.202012
0.988491
0.399746
-6.72299
0.77088
0.0572493
-0.55735
-1.62746
3.3792
-1.3084
1.52219
-1.53517
-0.0729567
-0.121983
0.887159
-0.65255
1.16704
-1.26069
-9.62855
-0.829615
-1.95379
1.29292
-0.498161
0.0434168
11.5922
-1.37551
2.69868
-0.91808
-0.44637
-1.11943
0.369359
-3.38269
-32.4315
-0.534284
1.79654
0.994341
-14.92
-0.144799
-26.3166
-6.76672
-3.76005
1.6606
-1.26325
-1.24156
13.9154
5.66232
0.467288
-4.80453
0.574701
0.440827
-1.25828
-1.77399
-0.0900295
-9.19315
50.2689
4.19221
-2.31646
-2.04808
-22.968
-4.24738
-0.423003
0.0105981
0.929763
-1.74243
-1.48187
-0.0400571
-0.643738
1.13919
1.43034
-0.182285
-1.08955
-6.74072e-05
-1.42405
-0.0376635
-0.677684
55.1387
0.448091
-19.1822
1.4121
-2.02431
0.485142
4.67242
-0.684889
-4.16124
2.80552
-0.560335
0.189088
0.163068
72.6245
-1.5384
-5.87113
0.141305
0.996907
0.510057
1.34687
-4.17968
0.296287
0.111446
0.739551
-0.548552
0.901174
1.05724
-0.315249
0.285081
2.66277
-1.38651
-93.8797
-0.0843042
-1.14064
0.00863267
-4.71892
2.03051
-0.929663
0.854854
-3.89949
0.944338
-0.0608746
0.0507337
-0.191795
-0.191527
0.503703
2.37353
-1.86101
-0.189009
0.0323289
0.19685
-1.19429
0.597364
-2.61958
-0.262431
16.5005
1.25225
-53.2699
-4.9054
-0.0966331
1.01303
0.231364
-0.00400724
0.24216
4.07715
-0.0431786
0.129062
-1.42497
-10.4849
-6.95209
1.86483
-0.0743251
-6.69554
5.40656
0.246753
-12.327
0.302167
9.01502
-1.74567
-1.76916
3.09939
8.71456
-1.7691
0.686871
0.283912
-5.0838
0.733034
-1.54833
-7.29143
55.2825
0.710749
0.695918
0.518475
1.27614
0.982284
-0.591595
-0.60214
-0.154131
11.1566
0.449982
0.10903
0.595837
18.3307
0.470316
-4.86368
2.15928
-0.976397
-0.802845
0.32345
4.40116
1.65511
2.62387
2.8639
0.837258
14.6748
-0.264083
0.892781
1.14209
-3.29937
-8.21886
0.90505
1.82416
-0.480657
1.01438
-4.87891
0.787955
12.194
-0.947325
0.206158
-7.5398
0.503542
-0.960587
-3.44065
0.305325
1.81454
-0.0556366
-2.71994
-21.6477
0.328773
-0.603691
-4.04763
1.01656
-0.980154
0.962057
-0.809203
-0.909511
2.4858
0.308756
-3.67922
0.372681
-0.0769645
4.90104
-1.59348
-0.0815706
24.761
-1.51269
-0.0969053
-0.763189
0.0371542
-0.49152
3.7055
0.377896
0.824561
-0.10703
-0.124119
0.191646
2.1127
0.35779
9.12015
4.02955
0.838478
-0.123449
-0.0370225
-0.555196
-1.94785
4.61867
-10.515
-0.491795
-1.4217
-4.30053
0.273199
-0.893738
-1.04927
3.43108
0.104254
0.473757
-0.627435
-1.63169
0.229658
-1.22572
0.478645
-0.601157
-1.52392
1.08543
3.53726
3.6465
-2.10993
-20.3817
-0.833462
1.02778
0.302367
0.498049
3.26974
0.0499052
-1.39661
-0.12811
-0.295123
-2.02449
-1.37711
0.700772
0.22984
0.196479
-0.722677
0.271736
-0.923467
0.843819
1.47922
0.022227
-0.309955
-1.23212
-0.737068
5.3106
-0.304337
-0.213036
-1.35283
-3.96095
-0.300495
2.08594
0.129944
8.20771
-0.850338
0.387222
1.32145
0.391517
-4.74247
-0.113861
-0.845691
0.306054
-0.131032
0.706002
0.678697
2.47723
-1.33268
-0.782757
0.287436
-1.24604
-0.0647258
1.5482
-1.40399
8.52526
-0.980028
-2.14922
-0.552224
-11.291
0.0183505
-0.423637
2.28662
2.30058
-0.203945
2.89501
-0.730994
-3.7727
0.676016
-0.956074
2.00547
-1.6368
1.72254
0.582704
-1.6119
2.16992
-1.04511
-1.50286
0.504458
-0.111958
2.4224
-0.772352
0.194249
-0.120247
-0.676176
84.5568
0.377174
-8.82022
0.00745897
10.6421
0.229052
5.12559
3.90906
0.284796
2.13827
0.374485
0.226211
-0.453795
1.89161
0.97642
0.158519
46.7692
5.12377
-0.362332
1.42772
0.0818509
-0.118167
-0.800158
-1.17611
1.24129
-3.60377
2.56854
0.324902
-0.53577
-1.93399
-0.234374
3.1084
-0.140045
-0.49881
-3.07244
-2.40233
3.91855
-13.2487
2.83612
-0.505496
-1.52148
-1.72184
-1.24452
27.7255
-0.279495
9.7078
-1.17071
3.88697
-0.571742
-1.38306
-10.981
0.303769
13.5635
-2.98314
-0.653726
-5.84591
0.357215
1.34139
1.19704
0.612918
-0.481395
-0.360091
2.0326
-3.54378
-1.48376
0.0137487
-0.0473087
1.67526
0.254462
-0.0274526
-5.43694
-1.75693
4.49568
-0.868491
0.974124
-9.02982
0.3381
0.44419
3.2645
-1.29551
3.89803
-1.57191
-0.250019
-0.214696
0.0990266
-1.2252
-1.82107
-2.37976
-0.206664
2.54738
-3.31021
-0.806166
3.14922
0.498644
0.665288
-4.7092
-0.272396
4.99767
0.473024
-2.32664
0.217491
-2.19877
-0.660143
3.95088
0.264767
0.352495
2.35479
-0.542785
-2.69145
-1.40068
1.17156
-1.03793
-3.98433
-0.718265
-0.168768
5.76773
1.53484
-0.373298
1.15784
0.356522
-0.672034
-2.93183
-0.0905163
-2.99545
0.719851
-1.78147
2.76785
2.89877
-6.70193
0.154176
0.664658
-1.29551
1.03779
6.27398
0.438849
-0.370399
-1.01259
-0.251949
0.784333
-0.0458422
-1.67151
-0.519093
-0.0749499
45.2959
-0.19149
-0.781583
-0.321492
4.60097
6.08747
-0.299077
-0.231663
-1.5877
600.466
-0.394474
0.335314
-1.85433
1.52767
0.767942
0.942347
0.630179
-0.642097
-0.306466
1.31175
-1.27171
-7.61838
-0.402859
-2.63759
0.502552
-0.444838
1.103
1.13156
-0.337615
5.83899
-5.4722
0.233482
-1.34595
8.02186
-0.278535
0.847295
8.11864
-1.59197
2.01114
0.630578
5.06753
4.6981
0.216067
-2.40567
-0.650791
-5.69522
1.4165
-1.22099
-0.970244
0.200359
-17.6696
-0.402135
0.631075
11.6342
1.84466
0.482274
2.27403
-1.32799
-0.0142374
1.52591
-1.3004
-0.398701
2.58554
-42.6066
0.482823
-0.164971
0.513357
-4.23228
-0.128558
0.802471
0.315692
0.295309
0.505711
0.637563
2.34512
-1.18644
0.828309
3.58962
0.906114
-0.209558
0.858164
-0.615148
0.500067
-0.182994
-1.06147
-0.77422
-3.02577
2.32882
-0.780722
-1.72711
-0.703587
-0.159937
0.0673835
0.419857
-4.02204
-13.9827
-4.59836
-3.73571
-0.300645
0.558356
1.38702
0.705073
-1.99094
-1.74854
0.132922
0.180814
0.192261
-2.26702
0.370071
0.119596
0.250814
-1.34996
-6.87279
-0.118434
10.2489
-0.730888
-0.69358
52.9382
-4.46708
-0.0586322
-2.91707
-1.03196
-0.869441
-0.0325813
-0.422953
-0.692855
-4.69266
-28.0645
-1.51206
1.93885
0.430639
-1.27055
1.16651
0.3306
0.211379
-1.59436
-1.36197
1.69289
-2.38939
0.946784
1.32022
-4.63649
0.110868
-5.48011
-7.01179
0.409137
-2.78464
0.140872
0.985043
-0.10077
-0.413369
3.86336
-0.0770006
-2.04302
-0.542782
-6.38217
3.54241
-1.14153
-1.68581
-0.139365
-1.17829
-2.45774
-0.0294665
7.08284
3.46769
2.21591
5.74389
0.135167
1.21018
-2.45308
0.66955
5.73632
1.46004
-1.82468
-11.9025
-0.305976
-0.331808
0.454278
-0.0604911
-0.521359
0.977155
-0.252237
10.6925
-0.171693
-2.14112
0.186098
2.54108
0.0445754
0.709481
1.48289
1.09648
1.11194
-1.24035
0.316331
-1.39481
-0.905342
2.28806
-0.014282
-0.205452
0.152382
0.330421
0.600211
-0.117047
-4.54063
0.420677
-0.963087
1.00915
0.154739
1.67498
0.704697
-0.996247
0.818128
-0.157977
0.0785131
-0.305007
1.41176
0.0458927
-0.652703
1.40411
2.44866
-0.371904
-7.87389
-7.47306
0.279703
-0.51629
1.28095
0.248005
-1.53375
1.00594
1.08681
-0.287362
-1.48933
-2.24432
-1.33344
2.02891
-0.925965
3.6619
1.11529
3.58637
-2.1921
2.39614
0.734513
1.34979
-0.636756
-17.2052
-0.74543
0.785119
-2.46478
-0.578943
0.75068
-0.0682849
0.611166
-1.11802
85.2631
1.42517
-0.501131
-2.41141
2.368
-0.131212
-0.357887
-3.45103
1.08924
1.95867
0.0277682
-2.80304
3.76961
5.91183
0.198402
2.64356
0.0700456
0.859359
0.604857
-1.8074
2.2489
-0.98525
-0.146707
29.111
-0.374726
0.46653
0.205447
0.284594
-1.02533
-1.09584
-1.06188
-0.483951
0.354289
0.0173081
-0.112674
-43.4702
0.160308
-0.604514
-11.7789
4.87756
-0.104695
1.32706
-3.9855
-4.5846
-2.89205
-0.931119
-0.683087
-0.571741
-13.8928
-5.00892
-1.23951
2.06491
-0.656731
-3.51978
6.39748
-3.53009
2.88758
0.104111
0.267952
-0.0142994
-0.996464
-1.45913
-0.303745
-0.200052
-4.56024
-1.00883
0.478281
-1.03764
-0.606111
0.976655
-0.58985
3.97785
-2.20229
0.234732
-0.920954
-9.19003
2.85754
0.581545
0.524889
3.54999
1.19455
-7.74206
0.947237
1.18172
-95.6274
0.171631
1.57229
59.9138
-0.179428
-18.4824
-0.395559
-3.25774
-3.69505
-3.69268
0.969784
2.09625
5.38308
-0.310151
-3.559
-2.35394
-0.0509024
1.21338
-2.44337
1.51056
-1.34259
-0.55761
-66.086
1.45896
15.1036
-0.1598
-0.638498
1.32047
-11.1106
-0.165651
-4.73543
0.0622724
0.0128806
0.349174
-4.1805
-0.277707
0.886366
0.496429
3.80518
-2.91907
-0.983226
-1.27425
2.91666
-0.00470687
-65.23
-6.92189
2.71469
-0.682836
1.40335
-0.192641
-2.29642
-6.58938
-0.0989653
-3.75621
-0.525637
-3.18254
-3.58438
-0.141956
-1.06233
-12.7431
0.221795
2.61447
-1.53765
1.589
3.5647
0.479592
-63.6682
-0.0905231
-8.07602
-15.42
4.61584
0.991117
0.0351393
-6.09121
-0.215442
1.04858
-1.52608
-1.05408
-1.02059
-2.96621
0.360358
0.159896
0.467666
1.88598
-1.2864
0.411609
7.33001
-0.819714
-0.578396
-0.205182
14.0301
-0.830326
16.8664
0.570255
-52.3875
4.5065
-0.0631776
-9.09608
0.832875
-1.60333
-0.47571
-2.04618
-0.300933
0.275957
-3.62151
0.289166
2.7745
0.346275
2.05322
-1.55824
0.298977
-0.479926
0.215038
-0.2505
-12.6023
3.00742
0.348419
-0.146321
-1.9201
-1.23625
-0.600819
-2.75349
-0.600855
-1.02228
0.5561
1.54536
-0.661266
0.65839
5.09358
0.314559
-3.32054
0.210657
1.3866
0.370971
-0.530961
-1.30848
-0.569147
-0.174008
-0.995198
-0.522592
1.17062
-1.72093
1.68449
-0.456584
-0.0858012
2.78169
-17.2295
1.81267
-8.56395
4.80684
-2.81232
-1.17722
-1.5944
0.580347
-0.322371
-0.901158
-92.6696
-0.313771
0.931844
0.859863
-0.290945
4.67013
-18.3622
-0.292734
0.215363
-1.78719
-0.614019
3.34312
-0.390617
0.68696
0.00834572
-2.14154
0.607717
-0.767649
-0.730114
0.174033
-0.529295
-0.0576639
4.14196
0.427251
0.00756107
0.335558
-2.44231
-0.92901
1.87665
2.12631
-0.0634338
-0.00214048
1.12375
-2.07276
-0.30539
6.693
-0.712682
-0.0230774
-2.30003
-1.84035
-0.150866
5.18905
0.603114
-0.728534
14.5514
39.583
0.770385
-0.556633
-10.8768
1.74335
2.10813
-0.0900552
-0.0969811
-0.540188
-1.35924
0.761912
-47.9343
0.491092
201.367
-1.93337
5.27785
0.592502
-4.57552
0.519919
0.620499
-0.24335
-0.0810448
-1.20656
-1.10443
0.559689
-0.361929
-0.164804
-0.123386
9.52893
0.136437
-0.0317061
0.389955
2.3274
-0.196012
-103.023
-0.0954185
0.722334
-5.17701
0.25855
0.00819139
0.126692
-22.7894
-0.132889
-0.134073
-0.020976
0.0964665
1.03085
-1.8984
-67.6185
-1.39074
61.4691
0.67617
5.51913
1.90121
-0.739844
0.390865
2.48831
1.43913
1.58215
3.63777
0.985191
-2.88783
0.7974
0.772538
1.0773
2.61414
-8.54819
-0.426216
-0.40041
1.03398
1.00667
0.114646
-0.649763
0.466456
1.81889
-1.20223
0.846025
0.151758
0.177409
1.31264
0.463965
1.9003
-0.0779251
0.0605573
-1.6667
0.963147
0.666238
0.0757103
-0.0152217
-0.84199
-1.27689
-0.974893
-0.515081
-0.561544
0.731833
0.679463
1.85068
-3.20738
-2.49671
0.320669
-0.205558
1.46619
1.32773
-0.614653
0.405367
-0.786521
-0.132847
-0.607162
1.10831
0.550663
5712.66
-4.62372
-1.60016
0.36719
0.148575
2.49989
0.845923
11.1456
1.3416
-10.3063
-1.61814
1.02379
0.258551
-6.83733
1.10287
-0.378953
1.30788
-2.10265
1.89323
1.13853
1.2483
2.18103
-0.516498
-1.18555
-0.602154
-0.387432
-2.17833
-5.79992
2.2416
0.225692
0.153801
0.083142
1.13306
2.77616
-2.70633
1.58579
-2.42563
2.6457
-0.441334
-0.61412
-6.20482
0.650967
3.25994
-0.485379
0.581625
-0.603866
-0.545224
-3.32169
-5.6962
-1.48333
0.451352
4.45056
-0.133606
-0.938317
-0.0499988
-0.75946
3.54232
0.209555
-2.70335
-0.45362
0.525783
-2.54504
3.10377
-0.2678
-4.25189
-0.604456
0.738485
3.42717
-4.78038
-1.63926
-0.844362
-3.91894
-2.56383
2.19617
0.592019
0.0557495
-0.833946
-1.63104
-0.672351
-0.880036
5.18199
1.07821
1.69258
4.61501
0.361182
0.988448
-3.9913
-0.33412
1.99752
-23.6653
-2.41348
0.99458
-0.19705
0.327601
0.843483
-0.495913
9.01819
4.6516
-2.92329
4.59328
1.48721
1.27505
-40802.5
-9.5342
-0.114424
3.75724
0.0272529
1.56123
-0.668447
-0.47664
-3.19922
1.64467
1.41539
0.500316
1.20861
0.434754
-0.487088
-1.25369
-0.010099
1.08759
-3.75883
0.201902
2.15076
1.23904
0.811105
-0.246877
-0.101545
-9.70386
16.5694
1.10119
0.117631
-0.471987
2.4842
-0.202749
-0.471465
-1.15046
3.25821
-0.898314
2.06796
32.9115
1.01013
0.101762
4.6274
-0.30279
-2.89084
-1.80429
-1.14744
0.670163
0.489327
-0.614889
0.259412
-11.1154
-0.215793
1.0132
0.615864
-0.925029
-0.122348
-43.5337
2.96289
-0.419858
0.389866
0.0167345
-1.40557
1.44531
-4.52454
-23.8909
-0.0628965
1.13675
0.339327
11.4846
5.28718
2.77585
0.798328
-0.517251
-3.20071
0.911417
4.23808
-4.41855
-0.220831
2.6822
6.93649
-0.447993
-12.0674
1.10725
1.31189
-0.1814
1.12306
-1.08445
8.64531
2.49779
-0.186794
-0.36122
2.81954
-1.58857
-0.940213
-2.50086
-0.168507
0.40039
-0.369574
0.733103
-0.158329
-0.00529366
-1.37878
0.900325
0.208904
-0.0322089
31.7613
-3.50567
-0.483018
0.307794
0.117269
1.27888
-0.0743213
0.274643
0.442185
2.16965
-9.94435
-2.23892
-0.207656
-1.43208
0.438027
-0.795434
-53.8983
-0.339939
1.42996
-1.50377
-1.65797
-7.83616
-20.9424
0.388169
-0.816258
0.704066
-0.78309
0.0489399
3.23838
-5.00323
1.00707
-59.1544
2.09121
-0.221646
1.62545
-2.50506
0.882492
-13.2317
-274.339
-0.488608
-0.692161
2.12488
1.16667
0.451838
2.84332
11.991
-0.264756
2.66664
4.36119
2.03198
-3.34573
-23.1437
18.0969
-8.18998
11.3932
-1.80738
1.97089
-1.95978
2.03036
0.443478
4.72463
-0.0617467
-2.0907
14.6678
-0.19266
0.241013
-0.586948
-1.04437
5.97357
-1.12864
-1.75017
1.86941
-0.350593
-1.56447
0.545657
9.94047
3.63749
0.0228618
0.68975
-3.09957
-4.95051
1.04814
-0.614911
-0.126604
-0.307622
-1.96913
-0.273165
-1.96604
3.67293
-0.156387
0.475209
0.250995
-31.4554
0.347567
-0.102002
-0.468857
1.86479
11.6752
-0.256922
-1.84723
3.25175
-5.36875
-0.526214
-1.17118
1.09271
-0.236659
0.540361
1.55248
-19.1709
-3.02403
0.143985
-1.06651
-0.512276
-2.52257
-0.731503
-4.60189
-2.05831
0.746985
0.172504
0.142925
-1.76228
-0.842065
10.8196
-1.62731
-3.15046
-0.0667236
1.31636
-0.395703
0.0346182
3.39539
0.597729
3.00051
-129.621
0.356092
-0.783813
-1.30309
-1.64353
-0.472438
4.24382
0.0298392
0.00479858
-0.833597
-0.0730527
-0.894561
2.5102
76.9472
5.29654
10.0268
3.45755
-2.84417
-1.24931
-0.439053
0.156362
-2.62269
9.603
4.9208
3.79826
-0.861814
-1.08109
0.698368
-1.83728
-0.29666
1.59436
-29.7441
0.309247
-24.109
-0.502887
-0.544421
-0.916179
1.03625
0.169932
5.65979
0.083178
0.262573
1.65881
2.15401
-0.147096
-0.614988
-0.560873
0.0536606
-2.34529
-0.414347
-4.93871
-0.457519
-1.29659
0.763767
-2.20562
-2.44127
1.45178
1.28079
0.259637
26.8219
1.4337
-0.287227
-1.54113
-2.8881
-0.720963
-0.828755
0.883396
-0.837257
-41.8451
0.767137
5.86765
-1.97272
-0.570391
-0.10944
-0.729722
0.404754
-1.02232
3.45127
0.325503
0.173175
-0.0391528
-0.171611
-4.31098
4.93635
0.830905
0.912373
1.79793
3.55313
0.190037
1.09555
-0.917745
1.05199
0.0842878
-1.55551
0.772953
0.197783
-1.67061
-10.7183
-1.83883
0.670007
-0.273492
27.972
0.16601
-2.2197
0.216446
-2.88197
0.88423
-0.986322
1.402
-1.68674
0.081477
-1.71224
0.123583
1.34353
1.27376
0.539442
-2.71974
2.64977
-0.728618
0.204934
-0.431936
3.48356
0.0904523
-0.0892148
-0.00700722
-0.50076
0.678337
3.01666
6.25447
-1.40631
-0.183699
-4.21393
0.298981
0.901135
-0.479921
0.877674
0.945545
13.0822
0.59762
-1.52554
-4.45286
2.52112
-0.650217
-0.131533
-0.587977
2.40946
0.790211
-1.26807
-4.53517
-0.596373
0.0836516
-1.68529
-2.11432
-0.721408
-0.156897
-0.0454784
-0.859102
-2.791
-1.77287
1.05095
1.41626
0.387724
-1.19741
1.41538
39.8799
-0.204694
1.97606
-0.76507
-1.32956
1.96604
0.936242
4.00915
1.25211
1.85608
-1.86314
0.220447
2.21531
5.68677
-0.977863
1.41702
-0.197228
0.0116729
-0.268836
-0.547491
-0.11224
0.161419
-0.212347
-1.60601
0.834013
9.35209
-2.00459
0.540817
4.96831
1.22005
-0.739963
-0.102742
0.462625
-26.1617
1.44483
0.585904
-2.00991
-0.580873
-0.505967
-4.43181
0.821005
-0.97048
-0.343607
2.46763
0.337735
-2.7676
-2.99461
1.81289
0.499894
-1.79611
0.0368477
-1.61827
-1.4925
-0.869208
0.578406
-2.08747
36.8884
37.3162
-1.02733
-0.0263758
0.447477
2.44255
-0.0473428
-1.39759
1.33473
0.114086
-1.65341
-2.21143
-0.164845
-6.82128
-0.769392
-3.09045
1.23127
1.55989
-5.86666
3.19649
-0.929563
-0.655229
-2.90757
1.99726
-0.0900505
1.62326
-1.36036
1.69888
0.856982
-1.10075
-7.42899
4.0081
1.41476
1.20413
0.509148
-1.3807
0.498262
2.99501
-0.0367595
-0.693291
-3.53245
-0.617177
3.37598
-9.79208
2.1467
-8.45584
1.19318
-0.170033
-0.977489
-0.435051
-0.732802
-1.30547
-0.378653
-3.13902
-5.53332
-0.502089
-6.60267
-7.32256
-3.41178
-0.36937
2.96817
-9.22537
54.2731
0.611437
-1.93573
3.05495
-1.11101
-2.18831
1.26743
-0.573658
0.00710145
2.39448
-1.88726
-0.510394
-0.435228
1.53413
-4.56656
-6.40604
1.0349
28.8602
-0.565538
-0.234595
-0.159489
-1.24377
-99.979
-2.2448
3.4565
-1.94014
0.308098
-19.7655
0.848708
-0.812595
-3.13072
-0.304435
-0.765473
-3.19597
2.01333
-2.61673
-0.645419
-18.2597
-3.51827
-0.592853
1.56695
-1.2031
0.875585
-0.638531
0.545213
26.4559
-0.0475792
1.2946
1.06579
-1.17915
0.451762
-0.210671
-0.434798
-34.7162
-0.0895893
-0.227149
-1.28883
-0.53525
0.104971
0.605344
-0.730597
-1.13757
-3.75965
-3.48237
-0.484407
0.833412
-4.02118
1.66996
1.9879
0.263256
-0.200077
-0.209795
2.70404
52.9538
0.486041
-2.52822
0.62897
1.67183
0.404099
-0.03873
0.316191
0.511205
0.367944
0.188828
3.36321
1.55433
-0.314518
-0.852839
3.90329
2.07765
0.582273
-5.295
-1.09282
1.94588
1.59087
-1.02892
-0.22891
16.0573
-105.478
-1.97137
-1.24136
1.74821
1.44823
3.70647
6.04281
2.90136
-0.900768
-1.67108
-0.177192
0.444413
0.405315
-0.13287
-1.61545
-0.255024
-1.89842
0.694768
-2.7619
1.07348
0.166719
1.03447
-1.342
0.0432032
1.37176
0.761201
-0.411137
-0.456208
0.437469
1.33927
2.13126
-0.104254
-0.102063
0.528348
-0.367566
-0.232883
1.3307
0.57458
0.635995
0.164198
0.170249
0.190768
-2.81078
-0.255745
-0.977068
1.14684
3.98462
1.84164
0.941204
-0.985278
-0.0208398
-1.59694
4.05646
-1.77806
0.594763
7.15983
0.593251
-0.295225
2.00958
3.62437
1.31025
3.01708
-0.0688091
0.887741
-0.0780761
0.278752
1.10594
-0.364667
1.41383
0.0669073
0.880938
-7.09248
2.92405
0.271954
-0.940961
-7.06514
-2.05848
-0.09606
0.141668
0.134348
-0.577254
-1.24179
-0.896423
-4.80545
-0.20016
0.0577971
0.140356
0.0452024
9.84763
-1.8147
0.988814
0.692888
0.5558
1.65046
-3.36753
6.32883
-3.25192
3.68244
1.18499
0.263591
548.97
0.569973
0.0249895
0.114513
-1.87218
-3.82086
-0.624988
-0.0115732
-0.934854
3.64267
3.8171
-7.97295
-2.8067
2.42061
1.57784
0.370468
0.145713
-0.121325
2.20643
4.25533
0.629065
-0.14682
2.06647
0.255918
-0.731262
-0.129891
0.464
-2.0593
0.96369
0.661824
-1.29058
4.11614
-2.77225
15.2781
0.637361
2.08062
0.418328
-0.202154
1.07998
0.590678
0.413574
0.097228
1.05892
-0.218691
0.192191
1.33077
4.12384
-1.32251
0.379922
2.72263
-0.447911
0.373534
0.125091
-0.371113
2.26784
-9.61491
0.343649
-0.339968
0.847115
11.9992
-0.354358
1.79288
1.39497
2.35629
-1.48453
-282.923
-2.0868
0.177468
-4.73985
-0.17588
2.68929
-1.55037
-1.54475
-1.22567
-0.462535
-3.08838
-51.2376
0.663556
-0.766522
0.253401
0.141585
0.140888
-1.00289
2.14442
0.970814
0.875286
-2.0116
0.79821
1.60858
-0.857486
-9.40825
-14.3242
4.57396
0.326033
-0.181508
0.801439
8.5998
1.35536
0.962878
-6.25768
0.0673993
-3.88854
-1.58425
0.103887
-0.963401
0.278299
-1.81687
-1.15194
-2.48992
-3.19407
1.1815
-0.137844
-4.11394
11.8778
2.26476
-2.94699
-1.4789
1.23606
0.532781
0.759162
-1.24036
3.22284
-0.575972
0.340367
-0.319082
-0.103488
-1.1314
0.954604
1.45376
13.4448
-0.355795
8.75608
-19.6469
-0.670002
1.65215
-1.74394
5.00731
0.368406
1.26219
-3.29711
-3.41425
-1.07979
9.38999
1.98163
2.1357
-0.015877
-0.797022
0.545132
1.18884
1.41003
-0.933674
-0.357123
-1.44496
-0.139158
-1.62462
13.7994
-0.709371
0.342774
0.571235
-28.4257
-0.415264
-0.51138
-0.512067
3.57404
-1.35706
0.140812
4.93407
0.0432666
4.3485
-0.582458
0.12026
0.167084
1.37571
-0.953645
2.55703
-24.4181
-0.327601
-0.751879
-2.45838
-0.30166
2.04752
0.288967
-1.19256
0.856927
-22.0783
1.20429
1.6199
-1.13924
2.11952
0.165294
0.270791
-2.24883
0.344357
-0.284858
-2.81858
2.68957
0.132773
-1.04536
-1.01226
1.08596
-0.169955
1.11986
-2.52194
1.46057
0.56278
0.938522
1.51315
-0.940433
-0.291055
0.274785
0.352488
0.350055
2.68193
-0.497139
0.848454
-0.814525
0.0536027
0.409896
-2.24737
-0.652751
-6.43334
-0.36526
-0.339998
8.50912
8.41917
-14.2942
-0.378058
-2.30055
7.08531
0.71815
-0.60143
2.22191
6.4178
2.60929
1.04475
-2.69133
0.260684
12.9712
-0.662984
0.500742
1.35472
-0.311737
-1.49616
0.225192
-1.23737
0.775276
0.631478
0.406511
-1.39458
-1.92206
-0.569134
-3.43634
0.391518
3.57543
2.50019
-0.0654344
1.94613
-0.942155
0.868587
-3.69848
0.141736
-1.47248
-0.69717
-6.35232
1.33405
-2.36004
0.0251572
-0.144038
0.0161569
-1.26549
0.71825
1.40787
1.05094
-0.41307
-1.10117
0.256159
-0.434432
3.28109
-0.0962911
-0.563421
-0.189358
0.569651
0.0922187
0.259339
-0.506061
0.259383
-0.218762
56.3161
0.476331
12.0559
-3.12264
6.08736
0.643429
-0.144409
0.261478
-0.0895155
1.70513
0.378884
0.510885
-0.884262
-18.625
2.57296
-0.90428
1.50403
-0.525409
-0.30294
1.03568
110.737
-2.11957
0.282669
3.69754
1.05947
-5.39557
-0.514334
-2.50705
1.02477
-4.56013
-5.32171
0.93726
-0.472053
-0.74063
1.73485
0.12119
1.10703
1.27364
-1.6964
-0.598316
-2.13317
-0.824068
14.0884
-0.192976
-4.49037
3.23721
-0.623813
2.32193
1.42089
-0.276126
-11.4777
0.409372
0.172745
-0.197229
0.542559
-2.20838
1.05792
-23.2791
10.6959
-0.670904
0.989436
0.0716096
1.21434
-0.910554
-0.729161
-2.46457
0.484129
-11.9899
-6.68506
-1.77867
-1.20151
-0.929842
3.23934
-0.664846
0.609284
-14.0908
0.699552
0.671874
0.331534
-1.45428
-0.631857
-0.213673
-0.404557
-1.28217
0.440256
-2.41736
-1.50849
-2.38919
-1.62126
-0.749372
0.75752
0.219202
3.36943
1.61118
-0.567962
0.759886
-0.97839
0.517845
1.60336
-0.278966
-9.29148
0.132251
3.15608
0.475915
-1.75218
-0.0559187
3.29882
0.950595
2.13632
-0.407515
-0.971103
-2.77627
2.51721
34.6216
1.48222
-3.21085
0.822816
-0.259646
-1.67607
0.248634
-0.425458
-2.34936
0.471342
-1.13477
-5.4269
2.79582
-1.60907
-0.635019
0.171092
-0.346494
1.29135
1.39038
-0.412134
4.14156
-0.624605
0.988257
0.575066
0.292051
-4.44526
0.917021
0.882603
3.27573
-0.529686
8.2983
-1.36214
-0.132117
0.995353
-2.31503
0.290128
-0.316517
-0.32622
-1.09307
0.798985
0.89618
0.269711
1.03025
-0.00832773
0.5627
-0.339134
-0.305217
0.0145301
0.186978
0.929686
-1.70078
-1.30177
1.41339
-0.393989
-0.491465
-1.02254
1.38409
-7.76275
-1.51111
-1.18071
1.3906
56.9464
3.41629
-1.43151
0.444101
-0.510822
0.910098
-0.355841
1.36088
0.441657
-0.191533
1.33731
2.27823
0.849855
-0.335432
-0.446654
-1.41847
0.663394
15.7719
-0.227103
2.78407
2.24148
-0.366655
-1.42061
-0.0912669
-0.561904
-1.41996
-1.41523
0.462172
0.0466635
1.88183
0.956215
-0.297606
0.960842
-24.3878
0.60068
-0.185933
1.2103
-1.3136
2.95936
0.742884
-0.629875
5.14366
2.2763
3.64939
-0.0938152
0.167535
0.0215243
0.894311
-1.66654
-2.51321
-0.562556
-1.27985
-24.5475
-8.83078
0.322661
0.0520937
-1.65586
-3.47607
-0.856508
1.60608
-1.1918
-0.951809
2.63628
0.244208
-1.97904
0.653906
-0.183656
-3.98156
6.90732
0.476738
-3.63092
-0.812023
1.3282
-5.4624
-2.96341
0.0520043
1.08601
0.768137
-3.22248
-0.97049
0.79801
-1.48697
-3.66153
0.592977
-9.64567
1.32203
-2.81558
-11.0571
3.31662
1.05546
-2.94332
1.10507
-3.07667
-0.0190076
-2.45813
-1.08709
-0.273684
-8.03992
3.10735
0.656123
-1.00634
0.23404
1.23577
3.89902
-0.0538206
-6.4576
-0.732269
-2.82017
0.338256
1.98142
5.19104
2.40795
0.0457133
-0.143466
0.914557
1.54003
-0.79611
-6.44846
0.713733
-2.22388
-0.496352
-0.500734
-1.0899
0.219346
0.194303
-3.06135
0.0849186
2.20332
-0.250513
-1.36833
0.335236
-0.251073
1.60759
-4.11779
-0.4626
-0.397445
-5.1462
-0.339292
-0.0497865
6.79543
2.46039
-0.513603
0.40832
-62.6725
-0.088582
-1.8466
1.4636
-0.354196
-0.980936
-0.880248
1.63024
-7.97016
-0.892773
0.847539
-3.23676
-2.59231
0.471498
0.121425
-0.326428
0.557027
6.0286
1.11333
-0.979269
0.785877
1.28705
-0.644309
7.08734
1.2437
-0.267292
1.39632
0.098618
2.04461
0.865151
30.6782
-4.80453
2.04244
-3.39268
0.554221
0.294549
-4.07816
-0.747995
-0.0568255
0.541459
3.94969
-3.06768
2.76573
-1.05985
0.378129
0.099448
-4.76861
0.235774
-9.81476
-0.325288
-0.790888
0.166836
-4.22867
-0.747218
-16.9338
4.81581
0.787564
-1.59154
0.310067
4.19654
0.484712
14.9407
-0.211627
-0.418668
-0.222158
-1.69481
-2.79499
-0.156146
-0.452044
-0.463471
-3.50153
0.374141
1.37556
-1.50764
-3.20556
-24.0451
-10.5884
-0.288174
1.76263
-5.69665
-70.5616
-1.21111
-21.0418
-36.2327
-2.51284
0.114894
0.461476
-0.322422
-0.41831
-0.243358
0.456634
-0.919008
0.150312
0.597709
-2.54818
0.0955344
-0.351784
-0.322495
0.173537
-4.35107
1.42135
-0.444623
-0.101986
0.117329
0.169507
1.00084
0.70521
-1.36721
-0.309495
-0.138217
0.215205
-2.75156
0.466009
-2.75687
1.64841
-0.0703285
-0.103024
-1.31865
-0.216223
-2.26715
-0.649773
0.992083
-130.977
1.53181
-0.833048
-0.484642
-16.649
-29.2102
1.23659
-0.201791
-3.07678
-0.616836
0.291121
-0.0898228
0.0548293
0.707388
0.203072
-0.0705655
-0.651134
0.419561
-1.49149
0.33083
-1.74359
3.05178
-1.56841
1.24091
-0.219689
-0.582179
-1.16022
4.55756
-0.655722
0.484502
0.782065
-0.376732
-0.53335
0.23391
2.18037
1.15712
1.13782
2.19943
-1.18203
1.74303
-0.440736
3.44763
-0.0843568
-0.681223
0.234833
0.971636
-116.12
1.1646
0.0907984
-0.124283
12.9141
-0.70814
-22.3994
0.377188
3.78555
10.2733
0.0360711
-6.45963
0.306963
-3.08053
17.4375
0.28549
-13.9662
-0.49164
3.42191
2.697
-0.777374
1.47661
-0.0181021
0.214529
1.48577
-2.74861
18.0234
-5.10349
2.4884
-3.20314
-4.74785
0.950639
1.58535
1.3728
-1.1306
4.11944
-0.161526
0.81253
-1.19287
-0.502616
-1.62522
0.469553
0.375196
-0.876197
4.45929
2.09079
-2.03017
1.31422
2.431
-0.497024
0.293118
1.75146
-21.5513
0.595297
-0.23883
0.682512
-9.14773
1.96646
0.523881
1.37911
-0.801684
0.629712
0.45017
0.0695896
0.891309
0.517151
-2.27563
5.67925
0.0488485
0.00297373
-13.2325
0.459282
-0.289743
1.77792
-0.328893
-2.28997
1.31892
1.66868
0.381779
0.823938
0.23246
0.483721
-0.777833
-0.539501
-0.566245
1.2202
-0.471203
-0.0732938
-26.3369
-5.39246
0.389226
-0.593005
-4.87822
0.394383
-0.597637
0.508285
2.87622
0.325385
-0.212819
-52.487
-1.17415
-0.301525
1.72533
0.629517
-0.91954
-1.26822
-1.17239
-9.24626
0.277679
-14.5308
0.806066
1.43554
1.73587
-3.17469
0.0745176
2.978
1.62455
0.893842
-13.9763
1.66294
-0.473683
13.4675
0.0182506
0.363038
-0.88295
-1.23974
0.676826
-0.660459
-1.36029
-2.43964
1.04514
-3.98989
-0.785082
-0.383253
-0.677415
0.210562
0.421501
-0.55447
0.879841
-1.50078
1.83212
0.186077
-0.279525
-3.58256
-0.374276
-0.93589
-0.165002
-0.723153
5.63119
-18.1517
0.75527
-0.0578391
-0.932073
1.47436
3.87104
-0.781475
11.5446
-0.815267
0.949001
0.339971
-0.277391
0.961571
0.713107
1.56025
3.44779
-0.0289135
-1.19021
-1.83577
-1.48046
0.504484
-1.15938
-0.280564
5.25898
0.635796
-1.09774
0.364821
-5.38134
-0.136274
0.124006
-2.01484
1.05215
2.17726
0.498446
0.142084
-2.37282
4.14042
-1.28871
-2.64258
0.954554
0.391636
9.73002
3.39518
23.0523
1.21903
-0.135977
0.802749
-3.7848
0.356788
1.12821
-0.436261
-2.00594
12.1581
0.0115392
0.0401422
-1.88974
1.47709
-0.162502
-1.02868
-0.461553
-0.0383323
-0.307677
-0.363608
-0.480408
0.487642
0.312767
-2.90775
0.829353
-2.08939
-1.11599
0.430745
0.581962
-0.346466
-0.246587
3.05304
0.425292
18.053
-0.291197
-1.90669
3.11473
0.904938
-6.78523
0.00693968
6.58583
16.9876
0.215869
0.63505
-1.33493
2.09165
-0.994254
-25.149
1.06381
-1.61214
-2.61546
-1.52586
-7.53924
2.19685
2.74138
17.5965
1.23928
-0.695252
0.481179
0.815119
-0.523897
0.699596
0.0670068
0.151213
-0.0552482
1.06603
-0.765095
-1.26343
-0.405484
0.599293
0.442735
0.026501
0.818726
-96.6905
-3.88375
0.35075
-0.161866
-0.329486
2.30257
-0.559281
-0.807826
-0.0115407
-0.00615025
1.71601
0.301667
1.04037
-0.30319
1.33235
-0.173227
-6.0833
-0.469168
-0.422767
4.30989
-1.84421
-8.85768
-2.48951
-12.4555
0.3764
-9.01752
3.1076
1.03468
2.45219
3.12557
0.0476098
0.321329
1.03041
2.12821
7.06377
1.46566
-1.48604
0.346007
-8.26569
0.747278
-0.176212
-0.599211
-0.182965
-0.0237807
0.91662
0.343065
0.857224
0.569026
-5.47589
1.251
0.867249
-1.11962
-3.9206
0.156512
-0.595047
-1.02838
-0.991531
1.73383
4.03729
0.48298
-0.34485
1.18909
-0.370625
-7.02411
3.21396
-4.354
-0.487454
-0.029221
2.05607
0.366731
0.988593
0.571356
2.36397
-0.185309
-0.209455
0.259032
0.446745
-0.632478
2.13366
1.95452
-0.0387094
1.50395
-0.0262829
1.58491
0.601392
-1.1337
5.01678
-1.8172
39.5252
99.6345
4.87354
-0.882747
0.123615
0.0215486
-0.967549
1.83325
2.23594
-2.47395
-8.50776
-7.55754
2.74288
-0.384647
-0.0878016
0.522823
0.651969
1.85068
0.964255
-2.10064
0.461891
4.35647
-1.29613
0.209179
-0.926686
-1.32548
-1.61777
1.43799
0.126097
-2.34201
-0.347325
-0.418924
-5.76981
0.34829
-0.696117
-0.871154
1.08075
2.40154
-1.38788
3.33953
-0.254153
63.6929
0.121665
-7.25499
3.03622
-0.438262
3.77163
7.73343
-1.28691
-3.70088
-2.38923
0.473249
2.44352
5.76153
1.31347
17.9712
-0.22552
1.30365
-0.0994174
-5.01485
-3.07035
-0.021969
-5.00714
0.656128
8.06002
-2.8705
-0.791875
-0.0153478
0.519115
-0.178522
-0.119667
-0.0269897
-0.288486
1.07417
12.2377
1.38468
2.03944
0.16999
1.96869
-0.594061
-3.51566
-0.635737
-0.372325
-0.660446
1.43024
20.2375
-0.169865
-1.5107
-0.321998
17.784
0.00981724
4.28238
0.904297
2.26159
0.0809833
-2.99029
0.587833
0.217491
-0.163391
-0.356491
-0.943136
-0.533747
-0.914106
0.609749
-1.26524
-251.936
-0.804848
-0.018183
-10.8079
-0.0637254
0.962855
107.773
4.34603
-0.288853
0.721252
-8.27573
0.0417791
2.34418
1.95592
-0.766484
0.848533
1.74091
-0.836462
6.03123
-8.87111
-0.909902
-1.6231
1.00544
-0.227772
-3.35012
1.02989
-0.839253
0.07353
2.10939
-0.388735
-5.42846
-1.36085
-0.047722
-0.0255656
-1.38589
16.7441
2.45342
-0.237629
0.84778
1.16446
-1.01957
0.17709
-0.651886
-13.5526
4.8111
1.10013
1.52686
-5.95098
-0.939003
1.00355
0.380451
-0.868941
-0.648969
0.663289
3.13063
1.77016
5.59775
0.00960539
-2.06434
0.0488501
0.127629
-2.59688
-0.275887
-1.68284
0.362866
0.0967724
1.51903
-0.491314
4.15249
-7.34779
-0.617731
0.904114
-3.02763
-0.0265722
-1.0312
-2.36082
1.56437
0.0177082
13.4001
-1.24087
1.59608
0.461736
-5.00424
-0.82097
-2.13315
-1.09782
-6.55631
0.716409
-0.0036073
0.590683
5.43143
1.11293
1.50502
-0.878285
3.64673
-1.15209
-1.2031
-0.43084
6.54668
0.549556
-2.87968
-0.998752
2.4409
-1.00002
-0.481533
0.384814
0.727533
-0.165646
-2.19852
0.869285
0.130492
3.08304
0.193333
-0.142689
0.52391
70.3588
-0.558127
-1.89903
1.93256
0.112575
-0.557729
0.757574
-0.783278
-0.111305
0.635582
2.11162
-0.221433
0.697646
1.11409
0.0115878
-0.983953
1.07683
2.137
-4.74629
0.531159
-0.363428
-19.6594
-8.99075
-0.549254
-23.9838
-0.507186
-1.57487
-3.4246
1.5442
-0.593063
0.142752
-0.473343
-0.560488
0.719251
1.60265
-0.349084
-1.33244
0.863494
-2.35514
0.219874
-0.282417
-3.5948
1.00286
-0.920511
3.94087
-2.65992
0.27935
-19.3397
1.01695
-5.80238
1.8582
1.42655
-0.229769
-1.44755
-0.231821
0.363743
-3.58949
-0.205354
0.936123
0.532614
-0.508923
0.0804522
-0.457786
0.35522
2.53314
2.794
-1.3246
1.14689
-0.193216
1.35412
1.15604
0.107905
1.30836
0.0419094
1.02556
10.1191
0.599055
-2.01675
3.10901
-0.521057
1.37471
5.79516
-0.160036
-0.174759
13.64
-1.48592
-4.28058
-1.4401
19.4413
-2.23743
-3.61002
0.49373
-0.0555741
-0.461817
-1.21389
0.648622
0.442014
0.0751937
12.8902
-2.46942
-0.353077
-0.164097
-3.10164
11.2699
-1.08491
-1.57312
-0.253979
-0.322585
0.65763
-0.666199
1.75497
1.1907
-5.85709
0.146884
-0.532776
-0.28025
-0.0215686
1.54576
-2.6092
1.06065
0.552036
7.38252
-1.32537
0.0560555
3.94177
0.0646445
2.79063
-1.76513
0.068728
-12.4295
1.26285
5.62641
1.58546
-0.0626176
-0.598467
0.0335701
1.15088
2.5348
-2.2778
-0.939939
3.86238
-1.50647
-0.664135
-0.21292
-0.402403
-9.1712
0.871679
-0.109911
-0.932696
2.97282
-0.654033
0.975244
-2.35549
-1.73574
-7.4351
1.32703
0.538572
0.330909
-6.0262
-0.414511
-0.0495267
0.000927678
-0.908193
-4.18277
0.16098
0.820959
-0.574736
-0.464716
5.26283
1.47112
-1.54447
-1.66531
-0.118481
3.23639
0.47697
1.60148
0.197955
-3.36441
0.465618
-2.79228
-0.232056
1.12303
0.830339
-37.5998
5.74279
0.869717
0.0192021
1.95909
-9.25085
0.0498811
0.505535
-1.08686
0.492999
2.46431
2.73277
-1.97818
2.10111
-0.0731023
0.772798
-2.05321
-4.18638
-4.61712
1.42871
-10.908
0.542384
2.75712
0.562758
-0.561574
-0.553322
-3.31858
-5.1805
-0.333835
-0.487828
-0.20923
-0.851499
1.76066
0.932785
-0.266889
-37.7032
-2.22639
-4.88719
0.963096
-0.156886
0.844518
7.11305
-62.209
-3.56325
-1.98954
-1.64097
0.174837
17.9504
-0.520319
1.07166
2.79803
-0.568441
4.01773
23.8768
2.49974
1.91928
0.307308
0.135336
49.5729
0.556707
-0.278844
-0.346999
0.111521
-45.2997
2.39466
0.373417
-0.643733
-1.24201
0.0986445
-8.38721
0.466364
-2.28706
1.91122
0.335487
-2.64366
-0.254435
-11.6402
0.195573
-1.73106
-1.09952
0.00119457
-14.5968
0.00270751
-1.50369
3.48669
-35.0182
2.66369
-0.87173
-3.15402
5.27467
-0.982336
-1.12544
0.175079
-1.45174
1.05766
-0.493823
-0.375387
25.5533
-0.27589
0.0636884
2.40166
0.314115
-0.249191
-0.571038
2.48567
-0.00628398
-0.758935
3.59161
-3.12784
-1.57953
4.43871
-42.5669
0.272868
-9.67912
-0.981278
-0.632426
-45.0901
83.0064
-0.0450464
0.733056
-1.2128
0.321445
2.10194
1.44166
-2.6266
0.168027
0.420932
0.289411
0.357883
-5.15887
-0.15539
-0.871166
-2.71314
0.345859
0.990138
-0.874009
-0.383307
3.41165
-0.857117
-1.72756
3.20997
-1.08059
5.26926
2.22185
0.605677
0.0483229
0.259077
-1.54204
0.545719
-1.2619
0.592741
3.53899
1.20379
-0.192992
0.334413
1.03005
2.31412
-1.16108
7.16108
0.73867
0.129313
-0.281887
0.703421
-0.933107
-1.97685
2.37514
0.452134
-1.09012
-0.298287
0.722041
-6.89181
1.71566
-2.33029
-2.45891
0.414829
-0.260439
0.279485
1.55089
1.02795
-2.87115
-0.838676
-0.244762
-0.0500739
-1.22994
0.721233
5.16894
0.555995
0.332918
-7.36454
-6.23978
1.30788
-0.651077
4.41365
-1.09717
-0.411001
-4.59843
21.3313
-0.264899
-1.5482
-0.11117
0.516283
-2.11938
-0.766383
0.80758
0.40532
0.384994
-0.199984
-1.3089
1.31063
5.27345
-0.449008
0.192186
2.31473
-4.034
1.30792
-23.1384
-0.625584
11.8938
0.0903837
1.37698
-0.273597
2.49524
-0.33986
0.667012
2.77716
2.36255
4.63441
-3.67826
0.491749
1.72092
0.0382756
2.31231
2.88943
-9.00145
0.966291
-1.08903
0.619624
0.594475
-0.743758
1.14792
-2.12526
-1.32627
-1.38504
15.7331
-0.00717126
1.6676
-0.403757
1.13138
1.53664
-2.44585
-1.04569
-0.327232
-1.25381
60.1538
11.6352
194.681
-0.215649
0.197996
0.176265
1.45332
3.45218
0.526618
-2.2429
-0.539442
0.0680292
1.40047
6.25596
-2.39547
-3.17692
-1.05043
-0.148505
0.99185
1.71255
-0.649935
-2.49058
-0.0540754
0.403158
1.58276
-747.394
-1.15723
7.35436
-0.566569
1.06361
1.17752
-0.754083
1.30617
-1.30744
-0.0604176
0.433788
1.44753
0.319131
-2.12244
-0.851149
4.37483
0.507663
0.0109752
-9.77642
5.78369
-1.23212
-0.280973
0.461349
2.38614
0.257343
-1.85176
-0.90008
1.05483
0.263756
0.0086847
-1.39187
-0.187003
-0.965726
-17.9902
-1.53312
2.79828
1.34305
2.10646
0.00759455
-4.09876
0.120344
-0.0856107
0.140495
-17.9112
-2.82085
0.731044
1.21413
2.12395
-0.867504
-2.38156
-0.381021
0.479846
0.452244
3.5352
2.68322
-0.482317
-0.300849
-0.0440454
0.51309
-0.596287
3.94539
0.295723
0.804324
16.0331
-0.114745
-0.697632
-0.0395336
4.47136
-0.303491
-0.0746517
-2.27019
1.00797
0.272756
1.72501
2.46029
-5.76848
-0.541691
4.59445
-0.417445
0.0743492
0.0743163
-1.08871
0.163814
-1.43861
-0.532713
-1.30879
2.63903
0.0459041
3.24662
-0.0529415
0.523934
0.16015
0.356103
-5.04728
-2.31849
-0.60433
5.52779
-0.463135
0.0658322
1.46776
-76.6775
171.255
1.57788
-4.9652
-1.62967
0.422963
0.606396
1.00855
-3.88795
0.104836
1.51731
-0.253603
-6.78938
0.0349087
0.585456
0.294944
0.75978
-0.38624
-0.216603
0.304222
-1.51182
1.18529
2.23102
-0.688155
-2.6226
127.153
-1.76853
-0.401205
-5.10383
0.438579
3.18837
0.378564
0.236494
3.12281
1.1583
0.399263
2.78768
0.41237
0.0267386
-1.18096
10.3177
4.11576
-0.964906
1.40085
-6.27617
-1.00086
2.38984
2.24032
-0.0814881
0.998698
0.121788
-0.70329
-0.458783
-0.279041
1.60656
-5.46082
0.927764
0.70878
1.46396
-0.00628842
-8.80509
9.43784
12.5819
-0.0357085
0.565473
0.77124
-1.86632
-0.42926
0.704496
-2.28334
-0.653017
0.659643
1.65808
0.958489
0.0486458
-2.60812
0.749499
-0.449198
9.96777
-97.61
0.632165
-1.81274
1.23512
-0.698298
-0.11356
0.0775357
-1.78117
-1.92873
0.250088
6.34791
0.323934
0.145614
0.590924
-0.342896
7.33229
-5.43252
-0.172944
-2.25034
-0.0738509
0.48986
-1.67463
3.12448
-0.970785
0.741822
1.07037
14.2604
0.96703
0.228388
0.616174
3.01799
-2.6547
8.14564
-0.667549
2.16445
-1.72551
-3.34495
0.467661
5.17414
-1.34471
0.355888
-0.276322
1.82319
0.733524
2.14642
0.888865
0.369628
-1.49619
-0.729813
1.54751
-15.24
-5.26188
-0.0135961
0.696101
-1.35548
-0.474935
0.427533
4.83095
0.189718
1.49432
0.469317
1.63882
0.0259422
-0.33323
-0.113578
-0.114195
0.154265
0.200041
0.0549256
0.333898
-1.16711
2.53877
-2.43322
4.49602
1.2951
4.81266
0.15941
-0.830757
-0.756808
-6.27938
0.738973
0.962767
5.68666
-1.56055
0.350064
-0.506881
-2.15643
-0.231894
1.68713
-1.66306
6.737
2.50234
-3.5648
1.0989
0.684003
1.01723
0.0741624
-0.476505
-0.411043
-19.3364
1.93289
-2.54039
0.893969
0.80555
-0.467927
-3.26903
0.385281
3.52031
3.32106
-1.04848
-1.61918
-0.227761
0.059518
0.0228853
2.16566
-2.34105
-0.0565999
1.8082
-1.91478
1.50266
-0.158292
-8.25911
2.89286
-1.05708
-15.5997
1.837
0.0215647
-2.11535
-2.36148
-4.31909
-2.25004
-1.84469
1.50093
1.23724
-6.1201
2.3814
-0.116582
-0.0545278
17.2675
-2.11265
4.80889
0.876391
-5.82152
-3.91768
0.150002
3.04137
-0.70956
3.30112
0.0282538
0.46437
0.710528
4.01156
1.07224
0.754076
1.4008
1.77352
1.20329
0.499196
0.403897
190.743
0.710718
-0.406712
4.44225
0.423097
-2.04993
-0.545712
0.453865
-0.763147
1.9431
2.54111
1.53511
-0.645908
-0.927853
-5.18632
-0.137192
-2.27653
-3.19759
-203.694
-1.1536
-0.282527
-0.722786
-83.1249
-0.869547
-1.38491
-1.22893
0.291024
0.835789
-0.371425
-5.15782
-0.715295
0.579833
-0.551933
0.365392
1.6959
-0.398597
-0.144488
0.282719
26.1366
-1.38451
15.8562
1.26327
-0.800145
0.170857
-1.74316
8.77555
0.262588
1.3943
-2.13539
0.590731
-0.180053
-1.58543
0.162921
-4.75075
-2.5966
-0.342956
0.11639
-1.36937
-3.33324
-0.29699
0.516869
0.920532
0.113162
0.707782
0.160155
1.17936
-0.0336222
1.60527
-4.92267
-0.179093
0.691602
0.466959
-0.167414
212.3
0.333284
-12.2377
-1.01294
-0.106447
0.00522954
1.67901
-0.347045
-1.9526
-2.2224
0.934206
0.00970199
-0.924984
-0.695459
0.142389
-0.0167796
-0.8805
0.631991
0.055125
0.518027
-1.45612
-0.882948
-0.362399
-1.14852
-0.194726
-2.55369
1.00718
3.08788
-1.86074
2.56911
3.43738
2.00595
0.0124044
-0.636235
2.5726
-4.0026
1.03738
1.03614
-0.142996
-1.40166
2.23868
1.34327
-2.97793
0.348958
0.0311027
0.590267
0.565302
-0.0222504
-0.361488
2.02148
0.361709
-2.75027
0.229325
1.12662
-0.19672
-0.0643197
0.859325
-0.122276
1.94723
0.696077
2.09922
-2.38936
-0.550257
11.8317
2.53017
-1.02606
0.199342
0.749724
1.02117
0.281684
-9.05476
-0.525276
-31.5607
3.33864
-1.20689
14.2187
0.483805
-0.548242
2.40746
1.33868
0.990035
2.36951
-0.0129167
-1.02024
-3.84006
-0.157925
-1007.2
1.04625
-1.35301
-2.65394
-4.75435
-0.343563
0.386627
-0.190323
-1.50145
-1.09089
-0.613533
-1.19287
0.30797
-3.71184
-0.152502
1.37492
-0.272997
0.147216
3.38849
-2.65897
0.804071
-0.0882047
-0.285783
0.359642
0.113381
-5.22271
1.32995
-0.0131831
-1.47277
-0.118734
-0.0165523
163.711
-0.358838
0.628192
-4.43092
2.18886
0.503585
0.952417
-1.28093
-0.852458
-0.13947
-0.22786
0.507859
-21.7803
0.175234
2.62561
-1.68983
-1.44307
-0.978256
-1.38913
-0.0698343
0.0148135
0.0970442
0.1558
6.20913
0.678279
1.16478
-17.7009
1.4537
0.277368
1.96711
-0.335828
-0.988303
0.956861
-1.20523
1.05566
58.8188
0.913484
0.29043
-8.76897
-0.584632
2.4053
-0.872187
0.293165
0.795225
3.5906
0.385961
-0.441987
0.260096
0.168014
-0.944172
1.16589
-0.217669
-1.95963
0.211052
-0.850629
6.94707
3.657
-4.14871
0.00622938
2.26226
0.0662544
0.654044
-61.9843
3.82458
1.00771
-0.00983186
1.59223
2.67002
0.972541
-0.0740178
-2.69713
1.10225
0.305577
-0.918997
-0.476152
-0.754056
0.176759
0.554331
0.777963
1.81785
1.10292
1.34312
-1.58702
-0.229556
5.10753
-0.940569
-0.0715277
0.83571
-1.50788
-0.0238362
-1.55638
-0.332882
-6.35584
-1.27216
-2.36752
3.85452
-3.06955
1.31343
2.0141
0.440211
-2.82564
16.8449
1.83615
-0.138973
-0.0594358
11.0237
0.85444
0.275686
1.23113
0.550248
-6.78671
3.29813
-0.770962
1.23258
0.521496
-7.34785
1.1555
0.608994
0.0481574
12.7404
0.0851345
-4.92163
0.0580644
5.64824
0.986206
4.29073
0.265662
2.74301
0.0114501
-0.549098
-0.854157
0.0583031
-0.11735
2.20979
-1.61873
-2.54179
-1.78268
0.341235
0.127818
-7.26535
-1.0987
2.71832
-0.906829
0.637127
0.737809
-6.5864
-0.428698
-0.759144
-0.113674
15.8617
-0.612762
-3.58318
0.344154
-0.63556
0.598093
-2.22987
0.905727
1.4903
-1.05236
-0.0728464
-1.93392
-0.965111
-0.97464
0.181692
1.62748
0.0921812
0.371821
0.0520625
1.31046
-0.395299
-0.65805
0.284142
1.4719
-1.29378
-0.643973
-2.3317
-2.76323
1.39984
2.95575
-0.870962
0.650405
0.410786
0.738347
-0.781592
-0.471461
1.7165
-0.378709
0.841834
-2.57354
-8.4114
-0.0450222
0.043497
2.49244
0.0420514
19.0514
0.581132
0.272453
1.47734
-0.732542
1.26629
2.45857
0.237407
0.597528
3.41524
0.0172657
-6.03899
10.0785
2.4331
-0.935181
1.3233
0.333674
-5.21631
-0.614808
0.725827
-0.487951
-1.98954
0.316386
-2.24412
0.285698
-0.611594
-0.718494
0.825039
0.166847
29.5155
0.879402
-0.733226
4.53929
3.89391
-3.75115
3.26573
-1.14429
-1.28606
4.4184
-0.26852
-0.262688
0.240845
-0.540861
-2.48579
-0.861838
-0.302046
-1.31641
1.70942
-0.994047
-1.89766
2.42638
14.7425
-0.35731
1.95546
-1.19299
4.59032
-16.8691
0.147369
0.1602
-0.436884
6.55218
-0.892233
2.51965
5.79127
-0.642497
0.91547
-0.416206
1.23916
-1.11841
2.30598
1.2008
-1.59962
1.47782
-3.83288
0.232513
0.867836
-1.97002
-0.117382
1.20593
-1.1934
-2.24331
0.516474
1.24629
-0.353595
-1.07652
2.84848
-0.961005
1.64914
-1.05927
-1.92214
-1.87991
-0.0507796
1.20973
-0.302745
-2.38447
0.54416
-0.740478
-0.672849
-2.0368
1.21213
0.911909
-0.369529
-0.835144
0.0546832
-0.206898
1.33733
1.56841
1.30699
0.654213
-6.53169
0.0311553
-0.0305856
-2.03566
4.60335
1.48315
0.216509
0.467484
3.68929
-0.573895
-12.2392
-3.34246
-1.78355
-1.89709
2.86968
0.673291
-0.207472
48.3222
11.1711
-0.84915
-1.35725
1.71091
3.86755
-3.22038
-8.99909
-0.290075
-0.269725
-13.5567
0.595644
0.153272
-0.662759
-0.11818
-1.20608
-0.0328958
0.871776
-1.47492
3.15755
-4.25315
1.38421
-0.147321
-2.98847
-0.744924
1.23849
1.91132
-5.45723
3.66455
-2.11804
-2.1149
0.489514
-0.757289
-0.0693304
0.0892992
-0.369865
2.11478
-6.73012
-7.05297
0.49943
3.38099
-0.188114
0.643054
0.0363062
-0.435212
-0.240068
-16.5066
0.775691
1.01229
3.80359
-0.788232
-0.163929
-0.384365
10.0975
-0.233263
-0.830871
1.42213
0.15401
-4.21861
-0.31591
-0.0285131
0.141312
-7.59831
-22.736
2.62217
1.40886
3.67852
-7.43539
-0.163166
0.578603
-0.878761
-0.560774
-0.538816
-0.960907
-0.053779
1.18048
0.311836
-0.784277
0.0327573
-1.02686
-2.9248
4.81779
-0.709397
0.964037
-0.986927
-0.207541
-0.278059
-2.72592
1.92631
-3.65075
-0.0938224
0.576062
-0.241899
4.67768
-0.826482
-2.9174
-2.72907
1.26144
1.30295
22.1663
-1.6016
0.675836
1.01948
-1.55248
0.741563
-2.89664
0.822346
-2.51904
1.27781
4.82273
0.771997
0.237494
-5.28109
-0.580227
1.51714
0.507018
-0.110142
-1.11989
-0.793303
-4.48133
-0.499973
1.94022
1.07553
-0.619464
-2.61162
-0.902023
-0.231994
-20.8009
-6.38793
0.422884
-2.38633
0.0823432
-1.60509
4.02823
3.8878
54.5115
-1.45486
-5.62097
-0.107791
7.35186
0.0703496
7.32009
-106.219
0.798938
0.825977
-0.0683113
0.303121
1.89832
2.21422
-0.107067
-7.49351
-0.309945
-1.06912
0.696093
4.27244
-1.12056
0.350593
-0.470495
0.60081
-1.21516
1.44212
-10.0557
-2.29046
0.564162
-5.95128
5.26769
2.65004
0.0171869
-0.722484
0.279209
-2.21751
-0.131348
0.583864
-2.64389
-1.15924
1.69511
1.35418
-9.24291
-0.739369
0.0977356
-1.94969
-0.597097
-0.221855
0.030964
0.729929
1.67767
-1.7541
-0.897529
0.763697
61.3356
-0.297443
-3.40408
0.364664
4.88794
54.1002
-2.4172
2.62131
2.52598
0.483643
0.477947
2.25081
-8.29405
1.08255
0.883597
0.858865
-0.0853332
-2.92462
1.09226
-1.39423
3.3447
0.38909
-7.10652
1.76065
2.30996
-0.799755
0.187179
-1.27626
0.071375
-0.48914
1.71902
-1.36871
0.721697
-2.45496
0.867869
-11.3448
2.17312
-1.00841
1.13646
1.80859
-2.18013
-0.890603
-0.661982
1.52064
-0.132778
4.35389
-3.73735
-0.2609
-2.95826
6.19871
-5.61648
1.53997
-0.0764677
-6.36484
-2.28271
-1.33861
-1.15903
-0.88349
-0.0783049
-1.34112
3.64846
-4.08709
1.20596
-0.912886
-1.05558
-12.9738
1.42414
-0.0156043
1.18395
-0.963024
-2.16633
-0.00117001
-1.8762
5.43377
0.00484522
-0.303007
-0.0792703
-0.434648
9.46276
0.552394
4.41445
-10.0567
-0.805982
-8.39679
1.5333
2.95067
15.568
-0.638042
-21.1303
-1.45638
1.60245
0.79156
36.2323
0.47525
1.26937
1.12189
-33.539
-0.489662
20.2771
3.85701
-0.216938
2.23622
-4.20052
2.02057
-0.101354
0.336929
0.118626
-0.541369
-0.191842
-0.138005
0.815953
2.03068
-1.00168
0.656897
-25.0243
-12.4526
-0.215266
0.224201
2.40269
-0.170323
-1.00276
-0.630308
-4.12876
6.49789
0.0980057
-0.934619
-0.330689
-1.02652
0.194833
0.105277
0.433467
-0.374046
-0.392864
1529.86
-4.32041
-0.463323
25.8711
-3.49681
292.638
-2.73111
-0.692491
0.642797
-0.60861
0.58738
-0.506963
0.692864
2.63563
12.6554
2.36743
80.2623
3.03545
0.523521
7.9538
-3.70235
0.745832
0.786124
2.45196
0.553185
1.74705
-0.406356
-6.67608
-0.0775032
1.18352
0.411308
-1.30389
7.40652
-26.2497
0.5614
3.16657
-1.71076
1.38313
-0.509476
-0.0854931
0.15652
-1.76578
-1.51671
-2.02327
0.211358
-0.462571
0.416222
-0.104603
-7.92291
-2.34386
0.249777
-0.601145
217.654
4.27276
-2.22014
-1.79901
2.44444
3.00818
-5.47517
0.129386
-0.0851002
1.06313
0.0539003
-0.12406
-7.62784
1.30861
-0.381998
-0.425888
232.247
-1.1421
0.899551
0.540127
0.00953064
4.64058
6.56432
36.9223
2.78437
1.03052
-2.22165
1.5702
0.860511
0.782754
-1.60188
-0.529228
0.384001
1.69323
4.72427
34.0408
0.405197
-2.69815
-1.96393
0.391441
-0.851229
0.408339
16.8876
1.19744
0.552132
-1.02883
0.293692
5.88159
3.71441
0.162927
-0.71142
9.68805
2.90271
1.06415
3.93718
0.277725
-0.0634613
-0.196157
-0.241333
3.48429
1.0257
0.208837
8.18457
0.687325
2.97697
-0.503218
0.192001
-1.25108
-1.16031
-2.52264
-0.536638
1.946
3.2073
1.78219
-0.726887
2.05224
-3.20093
2.09587
-1.16563
-3.17311
1.14605
0.500089
-0.0608612
22.4934
0.274236
-1.65149
0.254483
14.5051
0.425638
-1.03655
0.538213
-0.711408
1.56702
-0.862721
1.88181
-0.198943
1.91313
0.533236
-0.590711
-1.86365
8.34232
-1.49427
-1.09063
0.0465915
-0.570924
9.39195
-0.952204
0.594378
-0.101382
0.305339
1.85421
2.5857
-0.940314
57.7624
-5.75814
3.01757
-11.7633
-1.72531
-0.324346
-1.77859
0.186893
-0.921017
0.556354
0.269426
-0.128343
0.359986
-0.15499
0.316265
0.0185498
-0.227752
0.819415
-2.10523
0.205419
6.2196
0.705868
-0.0912356
1.24408
0.0495493
-0.367697
1.05188
1.45291
0.0329311
2.31547
-0.798157
0.234948
0.627554
-2.44509
-0.761863
-2.39235
0.0894711
7.46719
-0.644942
-0.0351851
-1.39152
-0.757486
2.02814
-1.79545
-0.890553
1.04115
20.8539
-0.172376
-7.99394
0.686045
0.914189
-1.36398
-0.00987964
-0.0725574
-0.927988
-0.806225
12.5992
-0.0336641
-1.39708
0.910576
0.0014605
0.225078
0.634449
1.97245
0.0282188
-1.18103
-3.92897
-0.459347
4.24506
1.87764
0.361961
-11.4559
0.625796
-4.03062
-0.0189396
2.54321
0.647854
-0.0405856
0.862465
2.60106
1.96464
-0.524326
-0.267889
0.368228
-1.06275
0.246071
1.49986
5.76828
11.2551
1.68525
-0.69308
0.115728
-4.23796
2.30662
0.959347
1.26746
3.78844
-0.802936
-0.635807
-0.109269
0.145947
0.0470906
-0.265211
-0.254904
1.4772
-1.99775
8.21088
3.4535
-1.20804
2.02398
-1.02254
-0.17268
3.86149
0.0394964
0.864894
-0.338103
0.23932
-1.46494
27.3832
-1.87919
-0.578322
0.193745
16.2713
-0.549223
0.856298
8.1684
-0.251475
-5.55575
0.0638543
1.01978
-9.70217
0.343692
0.318685
0.167672
-0.491971
3.40574
0.392805
-3.87376
-5.6973
-1.76447
-13.6961
-3.02032
0.825157
-0.0939418
2.36129
0.731561
-0.484996
3.69642
0.335504
-6.36755
3.48876
-3.42536
0.49277
-4.23589
-0.481423
-1.2063
-0.19277
0.714989
1.84786
1.06249
-0.118095
0.573975
0.114668
9.03488
-0.016937
-4.14172
-0.587487
0.503174
0.0934742
0.0425507
0.139117
2.60872
-8.57101
0.504725
-0.453039
0.507103
-0.356796
-0.307457
4.03389
-0.846305
-0.497829
-0.604467
3.51967
-1.88838
0.0640268
-0.813104
-0.21009
-0.0366728
-21.3407
0.717961
0.769176
0.30757
1.57189
-0.413632
-0.351967
-0.500002
0.229629
0.722305
-0.255836
0.0881816
-0.0837913
-0.250143
1.29874
0.15402
2.29653
-1.80066
0.377064
-3.12331
0.12974
-0.0421314
-1.51594
0.248371
-1.01015
0.800678
2.14357
-10.698
0.0759479
-1.37865
-0.0237929
1.23266
0.596647
0.917487
-2.53167
1.21875
0.687914
-0.870929
-0.361221
0.435841
-0.0217828
0.563089
14.3643
-3.33103
2.67335
1.20898
0.110018
-0.515975
-0.694634
4.43417
-1.69649
-0.423871
1.36395
-0.764324
-0.245908
2.2341
1.13274
-1.2904
-0.991849
0.221205
-0.265161
-6.49625
-0.284285
-0.187508
-0.248766
-4.23645
-1.92053
-0.379484
-3.50752
1.20825
3.37455
-0.0789256
13.0372
4.66024
-0.00268522
5.31779
7.01341
-2.31783
0.340803
-2.76668
0.0155466
0.201254
-0.490669
1.52084
-5.36749
-0.155233
-0.608415
0.373267
-1.35402
-2.75108
-0.741421
-7.18602
-3.8726
-3.60783
3.22383
-0.991002
-0.370252
-0.482538
-0.197985
0.0997245
-0.303729
-1.48306
-0.178792
1.22331
-1.06914
7.07389
-1.49206
-0.752445
0.0332365
-2.28812
-2.00335
0.634275
-0.709099
2.57025
0.639372
-0.458395
-0.00886027
-7.59882
-0.663591
0.858815
0.32932
0.571132
0.061942
1.11455
-0.712412
-0.0770802
-2.8337
-0.17476
-1.35025
2.08818
3.1755
-0.462864
2.03239
-2.66314
0.205832
-3.8199
1.2524
0.4002
-1.43274
0.218408
0.0228443
-0.0633251
-6.8034
0.739569
8.89996
-0.381436
0.756978
1.07549
0.365594
0.0684293
0.0371388
-0.982929
-6.58936
1.91419
-0.912399
-0.975599
-1.60021
12.6383
0.123844
-0.914345
-2.97048
1.67102
-0.17606
0.198428
-2.27445
0.212829
-1.35224
-5.42531
-0.965273
-1.82739
-0.600875
-0.762569
1.1715
0.818585
-1.15724
-1.84697
-1.03026
-1.18044
0.866099
0.699236
-1.31132
8.39035
-0.360463
-5.75588
0.736062
-9.0818
1.38042
3.21477
-2.89799
0.480165
0.35221
-0.142179
1.53698
-0.798926
1.35834
3.98661
0.176509
-0.457563
-0.492691
0.357895
-3.18422
2.6568
-3.75452
-8.04186
0.752892
-0.710523
3.54953
0.8591
-1.33864
1.72807
-0.531501
-0.590707
-0.153648
2.70975
2.38306
-0.330782
0.089502
1.73591
-2.41884
-3.43028
-0.322533
0.454884
1.15621
-0.487271
-0.442223
0.623723
-0.525441
-0.637027
0.418847
-0.329755
-0.397178
0.562403
34.1441
0.765119
0.756217
-1.32759
0.991123
0.752286
10.0628
0.683018
-2.03947
-3.91772
8.50849
1.06608
-0.950856
1.99812
-1.8275
0.700427
0.746174
2.47264
-17.8404
-5.1047
0.168328
0.22256
1.51708
0.330377
1.27579
0.591578
-0.699216
0.0711932
0.338307
0.0930085
1.37916
-0.723649
0.115319
5.15277
4.5398
-4.36727
-1.31123
-0.262932
-1.71517
1.31342
0.141708
0.887203
-3.98225
0.795213
-1.0479
0.747845
-0.654412
1.25633
-1.63337
-0.171866
1.0804
1.01438
0.430239
-0.43081
5.80226
0.929805
19.831
0.39554
0.30714
24.8322
-0.994038
-0.0905153
0.518071
0.529449
-1.91805
6.79278
-1.10155
-1.73315
-0.0696596
0.328981
-1.41976
0.807744
-1.7758
-1.75979
636.245
2.59265
2.5539
0.153224
2.1796
0.323415
0.0359621
0.191659
1.50855
-0.360314
-1.11659
-21.5373
-0.0041689
0.203107
-0.742369
-0.229402
2.19475
-0.169691
-3.16483
-0.280206
0.0573475
0.930862
-3.85809
1.59829
-2.50223
-1.16024
1.14093
-0.567362
-2.21988
-2.92464
-0.321208
4.0261
4.76486
-2.48059
0.515097
0.871325
2.8988
1.32992
-1.93091
-0.580323
-0.985854
-0.907357
3.55622
-0.298049
1.23336
-0.131747
-0.429633
4.20735
-0.520339
-1.9399
0.250385
-0.194656
-1.44968
3.25381
2.72772
1.81827
-2.25414
0.623284
0.365166
18.9444
5.45578
13.9135
-16.5747
1.27498
0.0928229
-2.09619
7.04787
0.529435
-0.88507
-0.643474
1.61724
-1.58629
-0.502181
-0.0919803
28.4188
0.986801
2.02717
-0.704435
-2.19308
-0.388526
-2.68333
0.162641
0.0923425
0.686649
-4.17652
-1.72749
0.372298
-2.50412
6.57232
4.00488
0.230953
0.0932405
1.29455
-30.4113
-0.60997
-0.656458
-0.0658656
0.501103
0.364388
0.655985
0.0611209
-0.183577
4.48479
1.12093
-0.572534
-1.12679
-0.818585
0.904154
0.546121
0.364837
0.20254
3.12543
0.856188
0.991311
-2.33436
0.415783
-12.7707
35.5231
-0.933954
6.41576
-0.368674
-19.4025
3.98805
0.179533
-0.118896
-4.58188
7.39286
4.25249
0.000458205
-0.0183771
-3.07257
2.98595
-0.826398
1.51432
0.00858825
-0.500848
1.07899
1.26822
-1.44579
-0.744899
1.17142
0.613772
0.923641
0.188856
-1.19001
0.00924648
-0.69376
0.0302491
1.53227
-0.318268
1.56367
-0.745402
13.2029
-0.770399
-6.08618
-6.32929
1.18918
-1.16328
-16.1186
-7.23476
-0.265919
-4.00536
0.682039
0.0360914
0.552351
-0.828525
23.2405
-0.849572
1.44434
4.22466
-1.19743
0.538428
-6.71665
2.07171
-0.142078
6.67689
2.03129
-0.260615
0.0797172
0.370425
-1.75269
-2.05282
9.04071
4.80665
0.180986
0.147577
1.21426
1.00169
-0.1041
1.50539
0.814541
0.218711
-0.539771
3.28533
0.0930992
0.272311
-2.65162
0.283714
-0.0277734
1.0165
0.68317
-4.37573
3.26555
1.63976
-1.99926
0.425316
0.900026
0.181484
-1.43731
1.67351
9.96163
1.04239
-7.08159
0.963416
-2.72735
-0.590987
0.0354052
-1.93523
4.74919
-2.0879
2.13149
0.523594
-0.659718
-0.846149
2.01178
2.21407
-0.442405
3.71306
-0.51287
-1.18099
1.9896
-1.76807
-0.46614
18.1279
-5.04172
-0.431047
-2.74791
1.51931
0.400275
6.9528
21.0445
-0.178093
-1.78531
-0.429904
8.37599
-0.418587
-0.735519
1.29881
-0.314866
4.39297
3.34635
-0.400742
-19.1421
0.00965405
0.96672
1.60242
1.43289
0.201644
0.848706
-2.44075
2.17052
0.897425
1.16801
-0.8849
-1.57709
-1.54706
2.39906
-1.07154
-0.212933
-0.379479
1.24434
0.0388856
-0.771572
-8.46404
0.901906
-0.229727
4.93563
0.144984
-1.40892
0.90616
-2.01771
1.69436
0.579989
-0.2581
-0.413337
-5.60545
-3.01607
0.76462
0.457604
2.33253
0.40775
0.696458
0.539361
13.0002
-0.187403
-2.69192
-50.3635
1.34686
0.422228
1.32399
-0.739298
4.83092
2.34977
-5.21267
-2.59482
7.64018
1.07992
-0.345668
-0.35669
0.212152
-2.18203
0.747305
6.79267
0.212506
-3.56789
-2.87898
0.706364
-2.26259
-2.97091
-1.34171
-0.119887
114.264
-1.79793
-0.182653
-7.07186
-0.665525
-0.48411
0.52152
1.01657
23.9236
-1.399
-0.156898
-1.00171
0.386197
-87.1012
-0.992119
-0.432282
0.466788
-2.37249
-5.51241
58.1476
-0.721595
-2.53253
1.96125
2.19413
0.247598
-0.216493
-1.66617
1.19841
-1.69769
18.705
-1.18586
-0.558417
-0.773112
3.13262
2.69524
3.69069
-0.415197
0.443906
3.36801
4.3613
-0.0917555
-0.289644
1.57141
0.514825
-2.04533
-9.62601
22.5565
-0.190254
3.81661
-1.04195
0.342114
0.389739
-15.0815
0.569855
2.23206
-0.0248832
-140.308
0.410123
0.697066
-4.5929
0.193888
30.5543
-0.479644
2.21883
-17.8535
-0.817288
5.44683
-0.501606
0.172993
0.501744
-0.0118137
1.5632
0.924328
16.501
-0.60007
24.9744
-0.199484
-0.147434
-2.13224
-0.771047
10.3503
-1.10602
-0.512693
0.376295
3.41084
2.37192
1.26004
-6.0743
0.667454
-2.79568
-3.61287
-6.60147
0.45115
-14.6596
-0.166416
-3.62317
1.11338
1.74017
6.41433
0.138003
1.55161
0.92068
-0.597327
-2.4801
5.42127
-0.932059
-1.67075
-1.16142
-0.784963
-1.64265
5.91049
-4.49484
-1.14511
0.065776
-0.692682
-2.86413
0.513115
1.74038
-1.06731
-2.04092
1.42213
-0.570963
0.349468
0.658439
-0.656373
1.62341
-0.292992
-1.98628
-1.34678
-0.946176
-0.919339
1.15504
2.34741
1.61428
310.704
4.31713
-1.39303
1.51613
-0.170901
-1.37627
0.66372
23.9401
1.20852
5.57297
0.958814
-0.560123
0.771404
-0.954591
1.26213
-1.37867
0.745612
0.523412
-2.04048
0.309591
-1.83994
-0.027202
1.53944
0.0444686
5.13076
33.652
0.444944
-3.97794
-1.44903
-10.0392
4.73434
0.403905
1.73439
-0.662026
6.42861
5.814
-1.08942
