0.0490886
-1.6658
-0.725287
0.477264
-3.65979
-4.42986
0.658235
-5.06056
-1.95503
7.35956
-2.09214
-0.579479
-0.299425
4.35608
6.98128
0.705812
2.43909
-1.51549
-7.92999
-0.507568
-1.96421
0.106982
-1.09583
0.779902
1.15524
1.49193
0.73481
-0.0617032
0.503979
-5.6158
-1.78436
0.770951
5.10027
-0.501285
1.11378
-1.92549
-1.79449
-0.752825
-2.88937
0.932381
-0.219077
4.39691
-0.4
0.465628
-3.42309
1.31485
-0.115371
0.30698
1.31145
2.98312
1.54949
-2.73298
17.5468
-6.68233
0.723735
-0.107103
2.25677
11.5662
0.965735
0.716819
2.72242
-2.01262
0.875692
-0.880343
-2.08435
-1.34045
0.946498
-0.308348
2.55184
0.366817
7.75519
-1.09231
0.645917
-8.28861
1.83262
-0.607511
0.401444
14.6342
-0.66906
-0.493724
-0.0391598
-8.98805
-0.961534
-2.29005
1.33819
0.183702
1.37027
3.15305
20.0014
-1.54122
0.391117
3.08246
-1.24709
-0.916309
-1.28869
-0.543446
0.534437
-6.92661
0.0437032
0.390631
3.1928
-0.13709
-0.883335
0.131577
-0.177412
-2.24479
-0.504457
0.105479
-5.71715
1.47756
0.229578
-0.00848085
0.707046
0.525402
-0.473493
0.307551
0.409471
-1.58947
-4.16996
-0.118393
-1.2793
-0.82168
10.6602
0.267584
-2.44602
-2.7515
-0.41798
1.58945
-2.31637
-8.7584
-0.635247
-2.49204
0.42971
-0.352375
-1.31048
1.01668
5.0293
-0.256166
-0.371856
1.056
-1.3942
3.2375
-1.02267
-0.556122
1.16887
-2.5376
-0.140616
-2.22164
0.894302
0.789301
0.517561
2.59304
0.305169
-2.67369
0.742997
-0.164772
0.323092
0.836649
0.145711
212.788
5.67971
0.112642
0.752489
0.663518
0.0401745
0.544313
-1.87781
0.44358
-1.10106
12.7477
-0.441171
-1.79015
-0.316288
-1.24262
-6.88094
-1.8452
-1.22946
1.24935
0.39203
-0.0302783
3.34127
0.529759
-0.764343
29.8561
-0.472694
-0.315835
0.459188
-0.180294
-0.11954
18.2304
1.05541
-0.519653
7.52451
2.1411
0.2926
0.797189
-6.51532
3.59445
1.39433
7.90228
-0.0151437
1.33386
0.196349
0.688819
0.626767
1.07047
1.11112
-0.274794
-0.678173
0.355503
-42.5443
-0.0519734
-1.09686
-2.73612
0.381952
0.711669
-5.61229
3.24896
0.595741
3.00327
-0.339491
-0.50363
-1.76263
-6.94123
-1.43389
2.10601
-7.81407
-0.262375
4.4052
0.552881
3.86952
-3.28742
-0.479359
1.58436
-0.406097
0.767762
9.03056
-1.53071
-0.807437
0.490359
-0.0950687
1.07841
-2.2261
2.20845
-17.6401
-0.393747
-1.21112
0.830055
0.317845
0.094182
-0.0894704
-0.117377
1.18209
-0.415691
4.8808
-0.746737
-0.296913
25.1555
0.900116
0.117626
1.04836
-2.38775
-1.73025
0.110922
-2.53566
1.25928
1.76242
-7.55436
0.428846
0.761681
-0.264357
-1.36302
-0.475368
-0.366472
-28.78
-5.16124
1.52852
-0.0306601
0.508947
-3.61615
0.412932
-1.58928
-1.17845
0.144577
-1.91755
0.677828
2.4272
-0.577066
-1.50708
-0.0490867
0.701415
0.145348
0.596285
0.20171
1.18919
4.58875
0.161733
-0.422675
-1.35182
1.13965
-1.0723
-0.822289
0.59526
0.563164
-0.672615
-2.92842
-0.915489
-1.01645
-1.03068
6.27808
2.62498
0.964496
0.752194
0.0924065
-19.808
-7.1669
-21.6961
-0.100038
0.488321
0.520425
0.273277
-0.427256
-45.3249
6.94761
-0.623746
-0.492403
-0.784181
2.49518
0.71548
0.389983
-1.84658
-2.55018
1.03577
0.0828362
0.567239
1.6211
-0.0582226
-0.429963
-0.847002
0.981954
0.859905
-0.800644
0.862474
1.84747
-3.09553
-1.04831
-1.30295
4.16927
2.9831
-0.54409
1.17998
-0.279479
3.97021
1.50383
0.13166
0.176634
-0.140982
0.272337
-14.4517
-3.23709
0.0655139
-0.472316
-0.442816
-2.69851
0.430113
0.168689
0.72341
-2.39513
0.951903
-0.695722
-5.14964
0.288405
-60.5951
-73.4329
-0.865568
-0.2709
-1.04154
-1.52718
1.87922
-0.384205
-1.21136
-0.591845
-0.767691
0.0831931
2.83852
-8.00164
42.9765
-33.6155
-2.80522
12.8431
-5.45599
0.249474
5.48705
1.48506
-1.61722
0.88992
-0.820226
-0.677101
3.07008
-0.785224
-1.68822
-1.21508
-2.91201
-29.2196
2.09407
0.160771
-0.351836
5.54885
-0.28647
1.47813
1.34037
-4.79519
0.258309
5.17262
1.20674
3.45958
0.671759
-0.238061
1.71516
-0.583926
-4.54523
-1.76925
-0.114465
21.2759
-0.252359
0.336816
1.23899
-7.86874
1.84334
-1.80817
5.20434
-1.4079
-0.899466
0.0862128
1.91235
0.245804
-5.28741
-0.537628
-7.68346
-0.790027
1.50627
-0.699063
1.52433
1.00049
-0.637477
0.230034
-1.60935
3.39356
0.697843
-0.414697
-1.00556
-2.66118
-1.01794
-0.15675
-0.843259
-2.78804
-0.611261
-2.24442
-1.01206
0.245494
1.05886
-0.294094
0.182037
-0.0703591
0.734244
-1.23989
1.06676
-0.802141
-11.0516
1.09067
-2.82467
-0.180099
-1.75487
-2.35894
0.0199973
-0.18242
0.439724
13.3256
-0.30425
2.87247
0.0536698
0.968322
1.08954
7.51908
-0.93247
1.02912
-0.617042
-2.94723
1.0924
-0.930574
-0.520409
3.63628
180.476
1.08706
0.85365
-0.0999546
0.799407
-0.0303771
0.323149
-0.702227
-0.820565
0.825581
-1.53346
-3.19567
-7.02039
0.616377
0.943567
-0.68962
-2.02323
0.0379274
1.41274
0.0398452
-0.741805
2.32021
-0.0350382
1.77196
-1.24661
0.115733
-0.29237
0.760792
-1.97005
-0.927797
-35.2003
0.503738
-7.53753
0.0368949
-0.152677
-2.23589
-1.40138
0.77539
-0.073581
0.200603
0.454325
1.16512
0.774346
-0.11737
0.906049
0.823456
-1.16368
-0.346082
-0.581944
-0.0376463
-0.802807
-0.592464
0.399316
-8.595
1.99482
1.04369
-0.546981
-1.88716
0.474871
0.872502
5.04766
-18.0414
120.505
-13.3298
0.757506
3.23974
1.12104
-0.698431
1.29729
-0.48901
-1.07368
-0.187706
0.46784
2.18884
0.0723995
-5.50152
-0.487685
1.49711
-8.10045
-0.940007
0.454944
1.96974
-5.79111
1.70722
8.89624
-1.90363
-2.70019
-0.45431
-57.3047
15.1246
-1.63212
-2.64622
0.29611
1.369
-68.6182
1.02542
-1.23438
0.755022
1.07243
-0.06518
1.84181
-0.0691915
-2.02925
-0.591775
1.86266
0.206527
0.619158
0.386526
0.46097
-1.49824
-10.1612
0.164236
-1.24773
1.86803
-2.05926
1.88922
0.300219
-1.19808
-1.04094
2.79752
0.683158
3.60722
-33.1482
0.345281
0.534687
-0.30244
0.144162
-0.950475
-0.0712353
0.85815
-0.785924
-1.68912
0.38814
-0.283829
-0.854953
-0.605138
-1.19295
1.18791
-0.123252
0.396356
0.306297
0.945887
-0.981626
-0.169666
-1.69526
0.0980268
0.784016
-5.00781
-4.07039
-1.34204
-4.27953
0.915927
0.0850236
0.811906
-0.795369
0.0114962
-3.47324
-3.01865
-1.40894
-4.07158
-0.869123
1.25645
-0.655765
-0.799439
1.26374
-1.52585
-0.481668
0.622488
-0.242214
1.14789
6.82665
-3.50531
-0.371083
1.4608
-4.76336
-2.94264
0.212741
-0.631192
-18.7429
-0.138667
0.42007
0.475019
-0.617348
0.183716
-1.65749
-13.1462
0.155531
-1.18747
-0.471571
-1.44465
-3.09746
-0.36696
-1.39013
0.13052
3.29968
-0.232143
0.125702
0.179615
0.426567
4.56074
2.43995
2.00876
1.78942
0.244884
-0.462264
0.323109
-1.50703
-20.2784
1.97293
0.22509
0.4477
1.50218
-2.20649
-1.85551
6.20444
0.928804
-0.402938
-2.4488
48.7952
0.413383
-0.719343
0.141116
-4.97694
-0.668533
1.53557
-5.10961
1.2067
0.306037
0.362082
17.584
1.44349
0.268446
0.554158
-12.66
-1.26517
0.839529
0.135227
10.8881
-0.398613
1.04507
-0.337087
-1.11721
0.739518
-0.00783918
1.99769
-4.83422
-4.42568
-0.0913831
0.565768
-1.84723
-1.01377
0.181958
-1.25384
-0.697847
0.142321
0.816807
0.641418
1.28545
-0.256777
-16.7219
-2.46619
1.96767
3.59062
-1.21079
-2.72368
-2.05043
1.09528
-0.683845
1.34664
0.484142
2.39608
-28.6024
-1.12064
0.562903
-1.29683
8.12704
7.42232
-0.398588
-0.419585
-0.403213
0.223957
-0.469853
0.567051
-0.24559
-0.187763
-0.120103
-0.0856816
0.329139
-10.6778
-0.839558
0.132466
-0.499439
1.40504
2.20359
1.4574
-3.40063
-0.435998
-145.984
-0.57494
-1.58981
0.0676228
0.0199134
4.21504
-1.03849
-0.565328
-3.67105
2.61385
1.86423
-0.0561646
-1.21238
0.926573
-1.48174
1.59511
0.607275
-10.1821
0.13982
0.712802
-3.63159
-6.99038
2.18093
-0.71304
-0.637012
0.176618
-2.08608
1.22844
1.12294
2.43792
0.493817
1.05336
15.045
-0.326422
-0.671358
-1.59429
9.00444
-0.800273
4.913
-0.0966271
1.29064
-0.387802
-1.0383
3.56027
-1.93041
2.16956
-0.320381
2.10283
0.755333
0.464262
12.0755
0.229718
-21.2182
-0.867821
0.679414
0.211123
0.689329
-0.95205
-1.09692
-4.58098
-0.0984136
-0.526801
0.0210783
2.67892
0.245408
-0.426386
-0.423706
-0.467377
-0.140212
2.28557
-2.91406
-6.59273
-3.73947
0.521131
-43.6217
-0.539717
-4.32977
0.323988
0.854506
-1.5022
0.700401
-0.000453292
0.632645
1.077
0.785187
-0.49222
-0.130969
0.892826
-0.0157044
2.297
0.0864146
0.229304
-1.13845
-0.0686235
-371.179
0.56994
-0.66411
-2.51461
-11.3937
-0.232881
-0.774072
-0.574494
-0.481375
2.0205
-0.355369
-1.32281
4.14504
24.9771
-0.245169
-0.0546418
4.82631
-1.61223
-0.273258
2.43992
-0.330886
0.35539
-4.65861
-37.6989
4.96989
0.98109
-1.06304
1.0431
0.380522
-0.706899
0.102702
-1.42203
0.400019
0.661978
7.25734
-0.310316
2.03873
0.112354
1.0158
-2.41391
-62.4506
-0.968241
0.116149
1.25624
0.223868
44.6399
2.14146
-11.9798
0.461033
-0.345645
0.117884
0.5553
-3.95936
-5.72095
-7.39948
-11.3373
-14.2224
-0.924756
7.85663
-0.388174
-0.0497318
0.0189127
-1.13987
0.666774
0.542524
26.7536
-6.64052
6.93886
-1.19515
0.931547
0.17422
1.05036
10.6895
1.63154
-11.6707
0.0542512
-1.10923
2.30651
0.168944
-1.24197
10.394
-0.311936
0.423547
-0.736254
1.21256
-2.65078
-0.0503506
-2.19359
-0.257651
0.208491
-0.447822
0.128221
1.42435
-0.50437
4.09419
2.69807
70.2744
-0.305371
1.44492
0.250346
-0.236509
-0.229735
1.82238
0.929397
-0.592218
-0.290941
-1.76848
1.38841
51.021
0.529034
109.512
-7.5796
0.779947
1.50383
-4.95657
-1.03189
1.77815
0.970961
1.60562
0.265811
-0.835923
-0.183221
0.58461
0.954499
-0.28297
-2.76292
0.265297
1.11414
-0.137263
1.31038
-10.2052
-0.79079
-0.940428
0.930272
-0.559551
0.563486
-1.06528
-1.65561
0.0994798
-13.5714
-1.06091
1.9913
0.23052
18.237
0.870781
-1.16639
-0.531409
-0.366948
3.25171
-4.57234
-14.7189
0.572439
2.62429
0.020556
0.394795
1.18576
0.245722
1.21776
0.491139
-3.41818
0.288967
0.50769
0.620699
-2.16267
-0.438755
1.0787
13.2676
9.93498
-0.111261
-2.4349
-0.730733
1.07087
22.4853
-0.419384
1.40181
-4.0798
11.9549
-1.27041
-0.988786
-0.333028
-6.5094
-0.846271
1.01992
3.84592
0.565195
-1.53434
-2.19153
-1.41357
-0.608864
0.145126
-0.524381
0.364661
1.41587
-1.55395
-0.705362
-0.574626
0.466533
-3.01436
2.16393
2.22567
-0.970011
7.65503
-6.53884
-0.537
-0.969507
-0.743505
2.30787
2.58214
-0.298749
-0.256648
13.1567
0.278712
-0.0199459
1.51141
-0.356529
-1.37755
28.9731
-0.320362
-0.253201
0.204914
1.56777
14.228
-0.849701
0.866347
0.23912
-0.572204
-7.08976
0.937307
1.35821
-0.467407
0.0225872
-1.3604
0.259222
1.6296
-1.63965
-0.246726
-0.607331
-4.64904
1.04023
-0.191344
1.20772
1.7039
-0.0291808
0.195658
-2.43775
1.12167
-1.29056
-1.56308
0.0416666
1.21931
1.22446
-0.462535
-0.0400959
-0.00286141
6.38511
-9.06124
-1.05698
-1.28036
0.257903
-0.0262479
-0.104705
2.57793
0.210091
1.09941
2.37131
0.982313
0.625011
5.50632
1.09684
2.18155
0.207133
-1.15813
-0.119653
0.210017
251.761
0.503088
0.266705
-0.578381
16.7068
-0.193488
0.749456
-42.0398
0.055333
0.218605
0.575586
1.26874
2.17855
6.42259
-1.41304
0.04245
3.69982
2.32066
0.666063
-0.896535
0.93596
1.84867
1.08039
0.490296
0.706186
0.270023
0.0751807
0.82816
1.27569
0.39723
0.805471
-1.98469
-0.661284
1.46671
-0.388964
-0.484921
1.20438
1.96202
2.77392
0.908538
0.634929
88.425
0.607377
-145.405
4.72572
0.152113
-0.648017
-0.0619446
-3.14234
0.111576
-0.133542
5.10842
0.845806
-2.71737
-3.3475
-0.479728
3.43808
1.07713
-1.35243
-0.0056252
-0.932402
0.685577
-1.20318
6.29525
0.570263
5.99052
-0.547123
-1.44888
-1.06972
-1.20539
0.512915
0.432588
-0.179576
-2.7799
-29.2732
1.61285
-0.738284
-1.51378
0.0103899
2.03593
0.12963
0.0734415
0.331764
-0.581234
0.550495
0.0174706
1.63736
-5.93457
-1.88175
-1.01807
-0.431765
-1.45726
-0.153522
-0.250583
2.07401
0.532809
-1.588
1.88601
1.05379
0.450765
0.277459
-0.881291
-5.41154
0.691707
-0.804276
0.770213
-2.17315
-0.102931
-1.14396
-1.44501
4.47428
-0.298984
6.13985
1.11543
0.202789
-0.0963029
0.215138
8.76692
-2.09893
4.74544
-1.17348
-0.736485
-4.85667
2.39299
-0.844594
0.0866333
-1.02481
0.177275
0.117231
-0.316887
-0.302524
15.4531
0.899792
-5.05529
-1.23231
0.144305
-3.59511
0.13469
-8.24191
0.303503
-0.125938
-0.734922
-1.53845
-2.73239
-9.76584
-2.85333
0.264363
-1.09063
-0.222323
0.542297
-1.88619
0.129305
0.53431
-1.76655
-4.18442
1.04265
-1.81978
0.540846
0.777317
-0.156757
-0.883917
-2.1287
-0.30464
2.75825
-0.152152
-0.377918
-0.589855
1.54756
1.5798
0.483438
-0.161285
1.31804
0.523241
-1.20267
-1.911
1.05018
0.510867
30.2299
-0.212845
-0.665619
9.36384
2.5532
-0.699171
7.95051
0.618832
-3.18726
-0.124227
1.38068
2.01844
0.727648
-1.37413
0.124253
-0.624522
-29.2597
0.160103
8.67423
-0.512016
-0.992203
0.376341
-0.483001
-0.403927
-1.03332
0.54884
0.0296459
3.95714
-0.159113
142.743
-2.98016
1.46175
0.476381
3.65401
-0.410824
-1.32756
-6.20807
1.72309
-0.886245
-3.83451
1.30839
1.42635
0.134794
1.78495
-641.445
-0.497046
-0.665926
-6.96471
-1.63046
-0.302154
-0.213859
0.558194
0.102846
0.00610228
-0.39266
-0.428053
0.792209
-0.159302
1.71699
-0.414169
-0.479521
-3.88504
1.00481
0.148712
2.59451
-1.73312
-1.42583
0.150735
1.51594
-1.14515
0.642851
-3.74461
-2.1035
0.114938
-0.17447
-2.44816
0.509092
0.493502
0.674703
-0.1924
0.334406
0.368684
-2.02712
1.07803
-2.35908
0.607588
-6.00605
0.252528
-0.444069
4.06929
-1.91282
-0.129234
1.3339
0.144726
0.687283
-0.000642583
-0.304669
-2.18627
0.669084
-0.481728
-0.691138
-1.00689
3.44888
-1.24206
1.7962
29.3625
-2.07959
-1.66125
4.44239
0.800555
-0.1685
-0.697626
4.6601
1.53277
2.14064
3.25914
0.956692
-3.03491
-0.14066
-0.87383
2.85104
1.08745
0.940783
0.828687
2.11869
2.33785
-7.21365
-11.8017
-0.443226
5.23344
-0.0313912
4.89051
0.751172
-1.00601
-0.345702
-3.95761
-3.64508
-0.236748
-6.4129
-0.132762
-1.8908
5.10034
-1.67472
1.99995
-3.35156
-0.465916
1.02906
1.75878
-19.6904
6.08165
1.98789
-0.511915
-0.941617
0.315992
4.27617
-0.366657
1.48457
-0.606866
-1.31347
-1.75298
-1.33555
-0.566964
-1.63664
0.29207
3.28635
-4.12293
-10.0685
-1.56521
0.147229
-0.12071
0.802129
-3.43998
1.58846
1.40779
-0.260332
0.00287648
-0.897801
-1.21155
-1.24314
0.0656471
0.0828282
-0.137854
3.05792
-3.09064
-0.102908
-0.910294
-0.922556
6.04671
1.93638
2.61259
1.56709
-0.926552
0.527283
-1.67772
-4.72124
-0.373259
-4.5829
0.541129
-3.43992
0.47856
-0.84239
0.571644
0.190199
-7.70806
0.356277
-2.56954
-1.57065
0.793438
-1.74551
-0.358416
1.97345
1.87001
5.43493
0.44342
-0.382496
0.689185
-2.18725
-0.466867
0.0159332
2.19467
-6.09416
7.28208
1.89726
0.162355
-0.115019
1.22007
-0.579315
-0.224824
3.18187
0.411845
1.52584
-0.599821
0.493251
3.16869
20.0948
-1.52045
0.122104
-2.13412
-0.698149
-6.57238
0.761964
-0.421885
-28.2662
-0.214121
-27.318
0.0979879
0.426988
1.51049
-0.115734
0.631558
0.297571
0.0477579
0.824683
2.31084
0.456291
19.5797
0.830093
-0.318572
1.36773
-0.058261
-0.335891
4.49841
0.876724
-1.03384
-0.0672177
-1.11139
0.229277
-0.119117
0.14334
0.413701
-1.33914
0.696975
-0.779815
-0.111055
1.3252
-4.30753
-1.5669
-0.454895
-2.14314
4.57893
6.30613
-0.62655
0.612277
-0.511764
-0.704799
0.12956
-1.65115
0.680802
0.197331
0.341867
-3.31162
2.00601
1.94665
0.863662
0.0358849
0.944622
-1037.5
-0.440574
-0.323378
0.346578
5.28452
-0.30058
1.69042
-0.184838
0.136272
-0.238031
-0.220275
-0.591416
-3.69175
-0.438959
0.634833
0.293824
0.463308
0.484587
0.780491
6.58179
1.02462
-1.47317
3.57658
0.250309
0.513817
0.661616
0.905734
1.71792
-1.79665
-0.889998
0.484281
2.07725
0.512192
0.132696
0.67064
4.65792
0.350661
0.565544
-2.55037
17.9806
0.0802278
-0.190379
-1.24197
1.09963
0.173222
-0.34861
3.36093
7.0525
-0.31797
-0.465013
-0.373505
-27.7013
-14.9377
0.34695
-3.50218
-0.0965121
63.4079
3.84325
-2.66595
0.0543632
1.04088
-57.4516
0.786264
0.809751
0.464559
-5.16791
1.30642
0.262607
-0.622044
-1.93587
-0.351614
-4.26868
-0.584844
-0.393064
-0.389996
-0.717006
-0.472577
5.14863
-1.81404
-4.63143
0.619923
1.25365
-9.87027
-3.87756
1.15646
115.311
0.682031
0.678524
-1.88978
1.40145
-1.96672
0.424761
-0.522947
-2.55081
0.0519506
4.81453
-0.209256
2.71543
-1.84581
0.010939
-1.18485
1.02654
5.46067
0.341795
-0.821815
0.260383
1.98949
0.500624
0.471245
-1.37236
-0.572339
-0.51548
-1.79688
1.68948
8.57112
0.661251
-2.31318
-3.42456
-1.84898
-0.320759
0.977912
-0.265938
13.8249
1.63233
18.6096
-0.962526
0.352478
0.791287
-0.170348
-0.869235
1.20227
1.45846
-0.874133
0.657927
-0.56653
0.917365
0.450143
-2.77708
-1.84451
-0.361877
1.72942
7.73849
0.813478
-1.43472
0.663418
-1.21917
-5.80145
-0.343404
-0.608761
0.848327
3.89927
2.94448
-0.413024
-3.06586
-0.864235
0.190059
0.298079
5.59034
3.27609
-1.01162
-0.680263
-0.100946
0.0185843
-3.9413
-1.94646
1.96153
-4.35517
-1.13172
-1.02311
-2.69024
2.66254
-0.597789
-3.91907
-1.69901
0.298676
-0.791167
1.25563
1.04946
-0.0680974
0.443553
-0.256873
2.39591
-0.365987
-0.663995
-0.217072
-0.0773335
-13.9477
0.447083
2.87152
1.47899
-0.687588
0.849012
0.97823
0.194059
1.96315
-7.10958
-0.550086
-1.40169
2.02089
-33.8682
-1.02087
1.29873
-3.09736
-0.175576
1.15811
-0.492739
-4.28686
4.67753
0.0232021
4.58111
-4.54226
0.594998
-0.1948
1.99093
-0.560616
-0.273856
-0.00744988
1.51412
-0.31986
-0.215553
2.15946
-1.33666
-33.7726
-1.32087
-0.773942
1.46089
-1.055
0.798253
0.685997
0.778065
-0.892731
-0.534009
3.71788
0.979532
1.03831
2.85849
-0.421665
0.129376
0.555301
0.374144
1.77695
-2.08951
2.72213
0.0665198
-0.0830883
-0.109396
-3.96277
4.31665
4.7442
-1.10785
-0.198381
-5.49577
5.39408
0.0479742
-1759.42
-2.43187
-0.863827
-0.770512
9.42371
0.191485
-0.0203531
-0.832519
1.76139
-1.87572
0.293242
-0.130896
0.31502
1.02171
1.28643
-0.538647
-0.124967
-51.3493
-0.608978
-0.0360699
1.45282
0.14651
-0.579323
-0.478395
0.667208
-2.51582
51.9688
-0.985857
-0.435209
1.86931
-0.165007
1.29367
-0.902255
1.57692
-1.19502
1.96924
-0.408344
2.14353
1.17966
-2.00385
-0.689844
1.33001
-0.189251
-1.51848
-0.834904
-1.55735
-0.454217
-0.384704
-4.61394
0.849344
0.325039
-0.704055
0.727765
1.39125
-5.76151
1.80954
0.258416
-10.8292
3.08604
-2.15225
0.928221
-2.92394
2.38412
0.25754
-0.938088
-1.1215
-0.0920451
1.1085
-1.62953
1.6261
-0.0268503
0.844058
-1.09633
0.785288
3.68587
0.150496
-0.492709
-0.7802
-1.22091
-1.38223
-5.45468
2.1832
1.86247
-868.231
0.580804
1.79654
0.960717
-176.581
-0.920107
5.71725
0.824758
0.822243
-1.55667
1.17941
-0.606589
1.43551
8.77662
0.560341
-0.178673
0.893414
-0.452842
-1.06907
6.9992
0.923301
2.10706
-0.342322
1.10082
0.103264
0.176321
-0.909043
2.29536
1.99866
2.02174
-0.146133
0.174345
4.00001
-1.69968
1.49608
0.626802
0.0734541
-0.238064
0.311821
0.427261
0.114481
-0.959845
-0.265232
-5.08987
-0.112063
0.918525
-0.609911
0.881557
-0.448081
4.84905
-0.892732
-0.029965
1.37887
-0.784045
-10.8894
0.136875
-0.883147
0.388068
2.41636
0.314797
8.55672
-0.219131
-0.497839
-1.63529
0.237189
-4.59906
0.166653
1.08183
0.354565
-0.599201
-0.429307
-0.192858
-5.03783
1.38406
-0.747967
-5.10421
-21.9126
0.841746
0.46863
1.8781
2.55054
-0.153316
0.606578
0.542181
0.830571
-0.583316
-4.17517
-0.223307
-0.946751
-3.50717
0.60139
0.785157
2.85418
-1.82408
1.36405
-0.152123
-0.278403
1.17229
-2.50589
3.23596
-1.09968
1.75012
2.22264
0.645588
-1.80807
8.66693
0.477452
57.1402
1.05851
1.07315
0.790928
-9.72711
-23.1369
3.9712
3.55811
-11.239
0.622558
-1.33433
0.962605
0.530705
-2.97254
-5.29521
0.525113
1.76737
-3.40316
-1.29901
0.946628
1.79667
-1.30507
-2.21833
64.7726
1.48194
0.312269
-0.685193
1.08459
-1.47857
-9.28113
-0.728209
-1.18935
0.65437
-0.2848
-0.38633
0.898272
1.43449
-0.270349
-2.15786
-1.02564
0.507405
-0.814939
2.57629
0.732883
2.40213
0.00834653
-0.133341
-10.046
2.50233
-0.304225
-0.663884
0.778572
-3.38403
-0.335137
0.681018
-1.69862
-2.66865
-0.431531
-0.816528
3.23633
-1.94524
-0.554516
-9.80395
-0.150974
-1.11633
2.85982
-1.39606
-0.0478851
-1.49956
-0.888459
-3.13592
-0.498204
4.15535
-2.14135
-5.68601
0.178032
0.0171664
0.444432
-1.03113
0.147487
-0.513146
0.126399
0.0384908
5.13863
0.37636
6.81545
1.69573
-1.45634
3.7282
0.224442
1.81475
1.44877
0.63161
0.747123
1.08707
37.6617
-3.13662
39.9843
1.63037
0.941527
-0.192984
-4.98611
-0.647258
40.5091
0.259116
-6.39027
-0.401574
-2.44145
0.95224
-0.531306
-1.25687
0.453482
0.443441
-0.382627
0.493175
0.213824
1.37261
-0.809061
-1.06899
0.742914
-0.446801
10.6259
-0.319458
-2.18795
-0.370068
-3.50246
-1.70522
-10.9149
-0.752667
-0.45021
0.342444
0.134605
3.95807
-1.4519
2.1742
-1.5209
1.20373
2.32025
6.54017
-4.17589
-0.979024
-0.0428863
-0.949109
0.0180957
3.41615
2.1882
-0.31346
6.46822
0.372732
-1.46658
-0.681645
-4.96382
-0.057836
0.239929
7.98531
0.472772
-0.109518
104.205
1.80146
3.99163
-0.641161
6.93254
0.367736
-0.498983
-0.401085
3.17823
161.021
-0.151365
0.747363
-0.90405
1.17993
0.312438
23.6656
0.630275
0.127159
55.1581
-1.85492
-2.71096
14.3576
-0.40606
-12.85
0.857047
0.555578
2.21437
-3.29866
-17.2068
-1.95293
-1240.85
0.263842
-2.65856
0.0804181
-0.543643
2.43671
-0.8716
-11.1457
1.18744
-1.08861
-0.426916
0.498308
0.23146
25.801
-0.236638
-0.159508
-2.15562
-2.60755
-3.70796
0.446635
0.338629
-0.655902
0.494373
3.20647
0.642876
-29.5189
-1.06546
-8.47646
4.77936
0.0318161
1.12769
0.972544
-0.646248
0.968809
1.18319
-24.5969
0.548319
1.47206
0.811578
2.46378
-2.1081
-2.17804
2.86055
-0.0410475
-0.939205
-0.677808
-1.41135
0.0808297
-0.585765
-3.59212
-0.456175
-1.18174
1.34807
-0.541432
0.571624
25.9315
1.71182
-0.816519
-0.250652
-7.17056
-0.89796
2.70488
1.4423
-3.38053
2.17665
4.30991
2.07731
0.264037
-7.31986
-1.04486
-0.696702
0.251128
-1.89639
-42.0306
-1.75972
0.67022
-4.2532
-0.798301
-10.3335
-1.07736
1.80448
0.0866834
-2.64408
-0.38341
0.51304
-0.943247
1.25352
-1.02158
-0.289149
-1.58827
-0.839729
2.8326
-1.97841
-0.158395
3.9408
0.382461
4.31907
-0.103258
0.857922
-1.36955
0.714079
2.40483
0.579439
-0.623237
-0.127433
0.030746
-0.13645
-4.46714
2.01605
-12.5289
-0.0505599
0.0776318
0.810737
0.659898
1.99228
0.0399891
-0.74025
25.5648
-5.00763
-0.218335
-115.65
-5.32592
2.02447
-4.33699
1.95418
-1.34458
-0.138895
0.398823
0.829564
-0.692868
-1.76215
-1.06001
0.293902
-2.19655
-1.31419
0.000112116
-0.272542
-1.01073
1.84445
1.48684
-1.15559
1.18559
-0.305729
-4.45736
-2.11574
-0.413319
1.02945
-1.37564
-3.7453
-1.27272
-1.06437
-4.53484
-3.22716
1.13438
2.64881
-0.984424
-2.64614
1.14809
-0.595138
-1.41014
3.11813
0.338632
1.31358
6.20055
-0.143535
-16.7514
-4.93379
-0.790123
0.62154
-0.289512
-1.45861
-0.128931
0.434098
0.0926943
1.4348
0.437314
1.52807
0.400651
2.87026
0.397471
-2.18141
-1.87683
-12.7096
-0.780646
-0.367537
8.67142
2.0186
1.08072
-0.00344419
-0.438635
19.8298
-3.09002
-12.0726
-0.414313
1.36782
1.73111
-9.24608
-0.320186
-0.46479
-0.111697
-2.10567
-0.514042
1.97481
0.622478
-0.514504
8.88766
0.424147
-5.13032
-1.00479
22.9232
56.3029
0.018693
0.245784
8.25436
1.55861
0.514088
-13.9929
-1.72337
-0.0604339
-6.29055
-0.453779
3.95568
2.33724
-0.172575
-0.0691672
-26.7146
-0.135101
-0.264023
5.11841
-0.595593
0.157598
-67.6157
1.31389
1.34165
-5.96676
0.151143
0.303601
-0.846587
-0.427738
-4.78912
-0.305623
-0.379752
0.409236
7.72769
0.898767
3.72081
0.0761506
-0.386284
0.121021
-0.79845
40.1647
-0.0962696
-1.29464
0.991351
1.30919
-0.070982
4.84889
-0.047398
0.0935408
1.46611
-0.350201
0.448319
0.734176
0.200734
-1.29389
-18.9261
-3.1786
0.918416
-4.66055
5.78612
1.53793
6.54708
5.32589
-0.0273436
0.0712258
0.381508
-1.41847
-35.4616
4.24202
-0.576945
-0.625989
0.838661
1.7737
-0.590755
-0.214679
2.67866
-0.619544
-0.175345
1.42242
1.55184
0.586536
-3.05131
-0.383295
-0.251713
-16.9232
0.682839
2.71568
-0.401468
-0.0487402
0.629234
-0.295252
-3.26198
-11.5607
-1.66506
-1.78278
3.16885
0.20247
-4.58831
-1.72994
1.71259
-0.702109
0.132984
0.361786
2.85745
-0.979545
-0.047224
1.24686
-0.535793
-0.672102
1.22029
0.395968
-1.64795
-1.70845
0.633939
-0.504712
-3.27642
-0.580493
1.29955
-69.6201
0.185685
-1.49199
0.740164
-2.22889
3.80446
1.05661
2.45072
-4.45166
0.656298
-2.50636
-1.8904
-2.52614
-2.65609
-1.12682
-0.250382
0.963062
0.395809
-2.38119
0.641569
-16.3232
0.469917
-0.304009
1.63436
0.479916
0.0814742
1.00317
-1.48149
-5.41434
-2.32092
0.41162
0.816404
-1.1886
-0.818348
-2.70543
-0.609525
2.44804
-0.514836
0.63981
-1.04007
-0.747866
0.639226
0.902601
2.30707
0.280711
0.479748
-2.12638
0.314791
-0.0367434
1.01754
6.40722
1.14267
0.520368
0.717874
-1.345
0.824327
-2.63472
0.780237
0.250116
3.32749
0.827521
-2.24726
-0.152714
-0.334711
-2.72483
-0.379728
138.575
0.264883
-0.240793
0.143713
-1.3883
4.2491
1.46932
27.9231
-0.063657
-3.33326
-1.54068
-2.06377
-2.47365
5.64504
-5.49819
2.49038
1.10647
0.804885
-10.2236
1.16318
-0.527587
-1.30606
-0.107856
1.43235
1.60989
-0.393969
-4.28405
-2.70559
0.47617
-3.18757
-9.02804
-12.7334
-4.9656
0.298264
0.232009
-24.8307
0.204172
0.75248
-0.0831115
-4.20848
-1.02277
0.309504
0.0417141
-0.901988
0.036436
-0.974337
-1.84755
1.65841
0.89571
-77.4792
-0.845781
-0.114411
2.92229
0.00621107
0.384168
-1.57168
5.68608
-0.264372
-10.4086
-0.185796
2.37763
0.28394
-0.432051
-0.422987
-0.546815
0.597138
12.7845
0.831659
-0.86309
-0.759638
-0.622057
5.23637
-0.814254
24.6005
-0.888806
0.478626
0.61177
21.9705
-0.821616
216.401
-0.984184
7.77237
2.06707
-0.298151
-0.875167
-0.32543
-0.173424
1.1621
0.9721
5.29578
40.2204
0.216924
-3.53501
0.416705
9.0677
0.260194
-0.837823
-1.52462
2.63981
1.87051
-0.619471
0.413894
-5.76307
-1.87826
-1.20408
1.96579
1.28944
-0.41429
-1.05707
25.2042
0.228874
5.91912
5.59274
0.99345
0.248948
0.557904
4.82517
0.403614
-0.934748
4.11622
-0.0711827
1.89898
-3.47549
-0.485593
-0.792804
-0.272351
-0.339022
1.19994
2.21209
-0.068246
1.78152
2.15524
-44.5332
1.32817
1.79559
-0.681864
-0.299964
1.5794
-0.869957
0.283351
3.26015
2.14934
-1.33521
3.9301
-3.98744
-0.20639
-6.4379
1.48799
-0.0647288
0.941239
-1.23143
-1.8731
-0.0907478
0.130485
-0.343048
0.828938
-2.64113
2.34513
112.541
-0.0670733
-0.0839415
-351.47
-0.0437568
-0.184708
2.76866
-0.517248
-1.22828
-1.32965
134.427
2.41023
7.96402
0.732517
-7.64184
0.219444
0.264057
-2.24916
-0.0373045
0.433735
0.159952
0.479513
2.12102
-0.224885
1.74944
-2.51008
1.73172
-0.479288
0.153893
3.79696
1.91894
0.221462
-20.5643
-0.21686
1.75435
0.431629
19.9324
0.106602
1.51855
0.991081
-0.831681
-2.41928
-0.380048
-1.17829
0.287255
-0.966373
-3.63993
0.0269812
-0.80218
-0.501699
1.14189
6.10773
-2.18435
1.0221
-0.174282
0.665793
-0.443819
0.539614
0.0115285
0.656116
-0.187981
-0.160262
0.754495
1.12499
0.222194
0.384443
-0.755569
0.215344
1.24315
-1.22565
0.800901
0.139664
-1.45759
0.784394
-0.273964
-0.360119
0.777271
0.961949
1.90721
1.51652
1.01965
0.776263
0.383579
1.5535
1.82523
-3.39552
0.405743
1.72046
-0.122938
-1.79608
7.25002
-104.344
0.926487
-1.61248
2.53779
2.567
-1.0325
2.06056
-0.462164
-1.25675
-3.53611
0.430245
-1.58112
0.212718
0.605182
0.333357
-1.32131
-0.615894
4.56842
39.8216
-3.55171
5.5289
1.02898
-0.584036
0.114652
-6.59428
-8.11601
0.110191
-1.6507
2.50386
1.50379
0.766847
-0.256954
3.85526
5.57104
-1.25617
-0.0105712
0.546998
-1.97141
0.352097
0.00582223
-0.776961
0.692966
-0.508826
-1.18894
0.579573
0.869267
0.201074
2.41403
-3.06481
2.23068
-1.96243
0.945516
0.359701
-1.72212
-1.23049
-0.8081
-1.23913
-3.14747
-1.92616
0.0661544
-1.80349
2.92124
-0.317191
-6.00164
0.0391887
0.556185
1.07278
-2.80695
-0.169247
-0.889567
-0.620632
-15.718
0.273073
0.237752
1420.74
5.18574
0.600252
0.0334414
0.320035
-0.236354
-11.2735
-0.0600798
0.915578
-0.477533
-4.2209
-2.16505
-0.996172
-1.96409
7.86533
0.43635
0.0216495
-14.8137
-2.34554
-0.155743
1.31927
-2.98863
-0.304567
1.44747
1.71367
0.842089
2.61264
-0.907625
1.14164
-0.685263
0.17459
0.583827
2.15407
12.5834
-10.6751
-0.210714
482.143
2.28769
-0.908644
-2.17989
1.14267
-7.30207
1.66476
-5.14162
0.289056
0.680954
-3.7234
0.683078
-0.962452
-0.517954
0.545042
-0.725129
0.852278
1.72043
-564.934
-0.599983
-0.071862
-0.565162
-25.4729
0.292334
5.10268
-0.411765
-6.30473
-0.234102
0.820643
1.16227
3.36574
-0.0663707
4.45643
0.905081
4.61448
-1.39047
-2.98938
3.95088
0.833614
1.269
0.989918
-3.05087
-0.0826985
0.879092
-1.6487
-3.11
-1.45769
-0.921589
0.255054
-11.2392
0.643075
0.0961777
4.44885
0.112767
4.08365
0.601682
-0.337464
0.396614
-1.21874
4.49768
0.248177
-3.38363
-0.683936
-1.00942
-0.32259
0.356987
-1.07187
-0.399331
-3.32844
-9.2422
-324.697
-0.224893
-0.94837
12.3597
-0.309089
-7.89412
0.116381
1.17805
-2.5953
0.833188
59.2503
-2.12191
-0.269284
0.0656628
1.76435
-1.34061
-1.87726
-0.223665
100.522
-0.710814
-0.321285
-2.29924
1.95049
-0.329665
0.769341
-2.27738
-2.15125
117.597
-2.49039
-3.73674
0.165459
0.416942
0.115793
1.53485
-1.16985
0.114712
-0.818279
-1.81866
-5.03639
-12.4308
-1.18756
-0.0851026
3.54351
-0.898691
-0.255457
0.279384
1.08418
0.519029
0.905504
1.0229
0.45236
0.469859
-6.38041
3.25497
0.413246
2.43658
-0.940272
0.295502
0.29691
-3.87748
0.319642
-1.78059
1.35538
1.53416
-3.29671
-0.38887
-2.94424
2.04304
1.01843
-2.23041
-0.578096
-1.50071
91.2849
-1.42956
0.38888
2.6106
-2.19293
8.3105
-42.057
1.85615
0.0143321
-1.23276
0.150475
0.446688
0.973109
-3.22909
-0.789909
0.341101
9.16202
1.53267
0.999607
-3.60458
-3.80111
0.527821
0.844006
-5.4023
-11.6972
3.65102
-2.40011
-3.46883
-0.348641
-0.545582
-2.03216
3.46989
0.0956803
0.688822
-0.139742
8.46268
-0.789276
2.09452
-1.61897
-5.52889
5.47623
0.909506
-8.28503
0.0812478
-4.13565
-1.23779
-1.46804
1.06387
1.13733
0.029916
0.71816
-0.441132
-0.311573
0.155254
-1.8532
-10.052
0.670697
0.826647
-1.75922
1.27022
3.49929
-22.6042
-3.23968
0.83047
1.59627
-0.167614
0.730873
-2.3723
0.254556
-0.00316718
0.149064
-0.70999
-0.277512
0.173435
6.8672
-0.598457
-0.507672
2.75904
-0.456373
2.12637
0.173334
0.954339
-4.16957
-0.723867
0.0799416
0.253509
-4.37484
-0.0660924
-0.450601
0.906617
0.098621
-12.0599
0.217967
8.12356
1.53902
-1.98912
-2.57161
0.92392
4.7751
-9.71161
-0.847939
3.36141
5.79803
-0.109199
-1.27798
-0.19638
0.351557
-0.54699
-2.92905
1.32509
-2.70919
-0.869049
1.30509
-2.10535
0.0190582
5.3429
1.85147
-0.412012
-0.0708693
1.7124
1.55704
0.72412
0.681978
-0.182426
-2.79648
0.877705
1.4643
0.674673
-1.10954
-48.8
5.76624
0.304743
-0.0214587
-1.67723
4.2133
-1.70405
3.33743
-3.38653
-3.05871
20.0405
-0.286256
-1.2684
1.47079
0.236543
0.126016
0.558034
0.450497
-8.17875
0.868605
-5.92245
-0.151706
4.08216
-10.8086
0.961952
12.9675
1.30849
-1.12744
0.600263
9.70189
-8.39041
-0.277565
0.15006
-1.03652
2.75043
0.516071
1.9869
-23.2934
0.145641
-1.7502
-5.65814
-0.763967
0.546224
2.01488
-0.524268
9.84073
-3.00348
0.318866
0.448802
0.351854
-0.260839
-0.108201
0.571997
-3.9166
0.532184
-1.40384
-0.160994
4.21355
0.524134
1.06738
0.0779411
0.0491758
-1.75656
0.199276
0.649051
-2.38453
-1.77187
2.33446
-1.8457
1.79231
1.80953
-0.830231
-2.18935
-5.51251
0.372072
2.56517
1.45002
0.451042
1.18813
0.119136
0.78205
0.325351
-1.82608
0.385587
-1.67719
-0.421547
0.552982
-0.536063
2.2663
1.5221
-0.759822
2.25836
0.526905
1.18399
1.5621
-1.67631
2.38743
-4.03389
-0.383497
-0.288951
0.632418
4.89244
0.248034
-0.037415
-0.171067
-3.50597
-0.023442
0.0386428
0.955046
0.279352
-1.55265
0.711239
0.216404
-0.0605721
0.517776
-0.720474
2.20371
0.618883
0.939589
0.93163
-0.938021
0.325247
0.902325
-0.350713
0.321919
1.82291
4.68078
-0.513821
-1.65267
0.390599
0.557211
0.0538218
4.99655
0.164253
-0.2964
-0.45173
-0.229862
0.0796711
-0.206789
-0.293088
0.431912
-0.203629
-0.155868
4.30869
0.570245
4.45246
-1.59035
-0.949673
-0.647235
0.313624
8.1483
-0.775863
-19.8886
-1.47775
-1.72772
-8.47009
-2.57738
-11.6465
-1.71152
-24.2179
-0.843737
-0.241003
-1.03119
-1.01038
-0.789675
0.780056
0.688578
-0.223186
4.62126
-0.437013
5.01568
1.36877
3.20894
5.73816
-1.42816
0.742442
-1.00866
-1.00823
13.4067
0.611586
-0.17911
0.78651
-1.26427
2.60484
-2.03697
0.628049
6.03148
-1.43458
-0.694449
-0.616153
-0.862332
-3.24473
0.479772
-0.142412
-24.633
-3.47098
595.765
1.4517
0.408569
-0.372203
0.641462
-0.476729
2.07428
0.253335
-1.97382
1.27204
-1.26955
0.312787
1.10418
3.62343
0.262491
-38.2419
-3.42463
0.518627
-0.447673
2.06153
-2.59664
9.69182
-5.61884
-2.86051
-0.517834
-2.18683
-0.810158
-1.96777
-1.46472
0.954245
1.74991
-1.39416
-0.235692
0.539104
0.278337
1.26431
0.753692
-2.30859
1.4057
-0.880048
9.02264
1.1409
0.876272
-4.99912
1.03543
-1.54587
-0.561182
-0.703595
-2.75192
0.464605
-15.8022
-0.837603
-4.81111
2.12239
-0.483574
-0.627554
1.32537
0.267439
-0.25741
0.247884
-1.55529
0.438711
2.44158
-0.0318095
-0.33983
1.9302
0.237798
0.135989
-0.00464429
1.91981
0.669237
-0.0795275
-1.28462
-0.675049
-1.24752
6.2856
1.39973
-1.02575
0.109488
-0.319863
0.226628
0.139653
0.461141
-0.051501
0.571633
-0.510358
1.49677
0.152716
-7.39046
0.613033
-1.33233
-17.9984
49.2006
-1.51401
-2.33888
0.00607544
1.86635
-0.455385
5.43966
-0.292377
0.291549
-0.0655573
-0.67364
0.256901
0.242144
1.94996
-0.0272295
105.252
-0.536504
2.63238
3.62429
-0.398574
1.28585
27.8588
-0.89633
14.7488
-0.830409
1.42647
0.648963
-1.07432
-1.80326
1.55777
10.7544
-0.308774
-2.13583
0.144241
-0.525811
0.261282
0.0415859
0.97185
-1.01715
0.701606
-0.648237
0.184756
1.28058
0.335214
0.286195
0.428159
0.122277
11.2143
0.0111725
-0.27317
0.676914
-1.62456
0.372462
-0.210224
0.208171
4.50655
-1.13362
-0.509809
-0.377918
2.67679
1.63584
2.06167
-1.15959
-1.72041
1.19411
-0.0633693
15.7854
1.85793
0.244703
-5.34828
-0.731888
-1.75506
2.06741
0.180194
1.80338
-2.59386
0.698001
1.18143
-5.01035
-0.287518
2.11683
3.75449
221.765
0.287692
-6.15266
-15.8135
1.29141
0.715841
1.05787
0.608036
-0.700558
1.16793
-0.706775
-14.9933
1.05305
2.72827
5.6966
-0.302097
0.499206
0.760487
0.870333
0.599824
0.536983
-0.529978
2.45161
0.483822
1.41881
7.37864
2.67195
0.138221
-0.379396
12.046
-2.0081
0.918759
1.27778
1.24288
-0.0975002
-0.29119
10.0864
2.62208
-0.78455
-0.521019
0.561458
0.339426
-0.131409
-14.6681
-4.03419
-2.31448
0.473642
-1.6891
0.541987
-0.44626
-2.99527
-31.8447
0.181285
-0.205613
1.0562
0.130497
-1.7113
-1.5478
2.30278
-0.499057
-5.95175
-1.92966
4.082
-0.82324
-1.85147
-1.52858
1.49358
0.725542
-61.123
0.319118
-0.577222
4.44177
0.589283
0.335429
-10.6296
4.19995
1.8554
-1.94574
2.60445
0.77005
0.489527
-0.631877
-0.798099
2.8323
-0.94918
-0.935953
-4.51026
-0.500871
-5.08769
0.320493
1.85229
0.594258
-0.509544
-2.12332
-0.00833714
-0.600005
0.628505
-0.619153
0.82857
4.26038
-12.3183
0.63112
-0.348645
0.190947
3.05447
0.727269
-1.3683
3.17136
0.618155
-0.0236943
-0.0382938
0.208528
-3.57675
-3.40487
-5.37187
8.20571
26.3904
0.225457
-0.47577
-1.78686
1.0008
0.64599
2.34885
-2.67757
1.51789
-0.536569
-2.22566
0.399354
1.54439
-6.71207
1.92617
4.16252
0.286319
-1.40969
0.315476
1.39606
0.97046
1.82183
0.0994672
1.03454
-0.300609
-2.36073
0.183344
-0.308667
0.105739
0.293753
0.497699
1.25679
-0.750479
0.028914
-0.467858
-2.5366
4.42616
0.931569
0.188971
-1.49174
-0.19218
-0.743374
0.168824
-136.007
0.918199
-1.24038
-1.99859
-0.119498
-0.723574
-1.14167
0.176783
0.730056
0.252474
2.27145
-1.56508
1.40745
0.0839086
1.15838
1.33313
0.118804
-0.0234775
0.869149
-0.235465
0.0180211
-0.00292393
0.085977
0.631416
-0.741123
-1.48155
0.30315
-1.12472
0.203836
0.353744
-0.43227
-0.770962
-0.837025
-3.60607
-1.59922
-0.175957
-0.194508
0.84759
-0.118595
-2.48558
0.686837
-0.323372
-1.7902
-1.39529
0.555516
5.4202
-0.442352
1.08883
-5.22364
8.66385
-2.32361
-1.96048
-1.47724
0.150112
0.302629
-0.653267
23.2723
-2.04424
-1.61313
-4.08047
1.17644
-9.95003
2.36922
-0.088584
-1.13165
2.98618
0.110582
13.7293
-3.0261
-1.9938
-2.25545
1.87622
-8.91427
-0.146961
-0.995102
-0.576142
-0.928417
1.18896
-4.23614
2.22402
17.3747
0.397523
-3.32266
-0.207377
-1.89988
-0.816251
2.41755
-0.264492
2.32788
1.80684
-2.78133
-7.05849
0.390919
-221.094
4.13553
-0.927024
2.95911
-0.725076
-0.304981
1.7287
-1.96514
0.24961
-1.08551
1.04207
-0.0306163
-3.99565
0.874143
-0.0385411
-0.668168
3.20886
4.07697
-0.364165
0.207863
0.0833247
-0.390283
-0.933318
0.66162
0.181646
8.98132
0.948765
2.16086
-0.480904
0.171856
0.980343
14.2929
0.697287
-4.30308
-0.378378
-0.184201
-0.484119
0.65471
-0.0722093
0.204153
0.138785
3.26913
0.765767
-1.03061
-34.1678
-0.495371
0.0414807
-0.792257
-3.09351
0.0196074
0.942079
0.446854
-3.30571
0.672355
-1.05051
-3.06565
0.575314
-1.21232
0.877995
0.535104
-9.27432
-15.6063
12.9824
-0.313559
1.41069
-2.18957
0.338848
-0.965431
4.22713
0.417713
-1.61325
-1.17349
-7.55765
0.597584
-0.347605
5.76957
0.208602
-34.9741
-0.55326
0.136984
-5.89809
-0.293942
-142.067
2.14024
1.36864
-4.1701
-0.262499
0.254305
0.0609507
-0.82429
-0.666347
-0.967404
-2.09627
-4.1674
-0.52951
-0.295434
-1.05857
-0.148213
0.10425
3.70176
0.389469
-1.44082
0.492302
0.252254
39.9034
1.24499
-0.0133651
-0.177698
-8.26753
0.29734
1.03294
4.63493
0.246486
0.317725
-54.6912
0.176263
-0.343005
-4.78861
0.0971966
-6.82799
0.635511
-0.862308
0.181372
0.621867
-0.393694
12.7479
-2.05983
4.11984
1.23292
0.0182455
-0.709488
-0.585824
-0.959361
2.89667
-1.47397
0.0970937
0.548095
2.81445
-1.68437
1.40648
-0.473792
0.296475
-1.2775
1.15069
0.541178
-3.23632
3.00688
0.561466
-0.599927
12.8824
0.0100288
0.791599
1.74833
0.358587
0.725377
-1.64226
3.74439
0.633286
-13.7347
0.682969
0.0871857
-0.849185
16.9369
0.582831
0.133853
-1.29151
-1.4977
-5.2905
0.563071
-0.18624
0.537492
-0.431782
0.937737
-2.60365
-0.923707
1.70179
-2.12456
0.711876
-2.80176
-0.733096
0.850171
2.55535
3.80204
-3.15863
-3.67187
-1.36463
-0.420867
-0.295338
1.80363
0.486008
-0.821808
-0.199391
-7.1811
-3.26027
-2.09696
1.24276
-3.26602
-0.0570504
-0.824159
-1.78326
0.526773
-58.925
39.7818
0.145025
2.16001
0.27742
2.57465
0.363262
-0.108926
-0.826132
-0.0654853
9.62584
-0.316031
-2.06467
-4.57088
-0.703897
0.882741
-0.880048
-0.044405
0.33458
-0.484116
-0.744512
-0.434743
2.84776
1.3865
-0.114317
101.438
-0.40649
0.171416
-1.12352
-2.42632
-0.840666
-1.51085
-1.83184
1.25519
-0.691018
-0.245346
-0.0321806
3.13813
-6.15822
-0.498114
0.306293
-2.73072
-0.522935
0.365683
-0.886998
-1.3485
-1.07293
2.78575
-0.254688
-2.34912
0.471234
1.88306
-0.107169
-2.39482
-4.54102
-0.577155
1.02008
0.490164
0.877667
-2.55844
-2.40074
0.674214
3.62257
-0.300774
3.28511
0.963372
2.15814
0.990068
-0.979251
0.43479
0.394962
2.45103
2.02667
-0.84563
1.26675
-9.17008
0.038621
0.150832
0.0906713
-0.259361
-2.2885
12.3339
-0.98126
0.718676
-1.4991
-2.0202
-23.0376
1.19583
2.81923
0.375312
-0.407407
0.170989
-0.144406
0.0932801
27.299
-0.31118
2.83335
0.0904577
2.01552
0.0831685
1.86286
0.849328
-0.492518
1.65778
0.309988
0.351793
0.0726645
-5.15369
-1.47942
-1.12022
-0.255409
1.54027
-0.112386
-0.83246
5.94151
0.226691
0.209862
-1.81622
1.41598
1.93414
-5.26838
5.99865
0.397029
5.93125
0.870682
1.68498
0.911307
-1.51418
0.262087
7.73819
0.429942
0.651811
7.87709
0.1646
-39.7632
0.20854
1.07034
0.941367
-1.56003
0.27557
0.830113
18.5085
-0.413306
-0.959363
0.494051
0.0355432
-4.05113
-0.329586
-13.0067
0.0465679
0.29601
-2.74939
-2.12209
0.835476
0.664569
-3.70568
1.54646
0.596993
4.17531
8.22231
0.717099
-0.759088
-0.588295
3.80771
-2.87922
1.00445
1.96303
6.38022
-0.998276
3.13471
1.04402
-2.57118
0.905591
-4.46476
-0.256918
1.2881
1.81174
-0.173568
-0.425724
-0.472289
-0.692187
0.210197
-0.0657889
-2.42133
0.364299
0.213987
-1.39229
-1.12874
-0.469001
-0.812957
-0.544844
0.57102
-0.902286
-0.304985
2.47987
-0.982564
-1.12756
0.300847
0.743661
-0.402376
-6.54174
3.3047
-0.178047
1.80153
0.175475
-0.298906
-115.009
0.829532
0.706203
10.0749
-11.9074
0.497152
1.51391
1.35818
-0.413678
2.04054
-0.0187434
1.43153
-1.0052
-1.00486
8.5803
0.164999
0.06005
-0.162445
-0.0494444
2.3595
1.5102
0.625558
3.569
-0.314829
0.170021
1.63661
-0.268436
0.394158
-0.0843246
3.08977
-8.64493
-0.704854
-22.4255
2.22646
1.47399
0.166888
0.159507
0.38289
1.18813
0.923644
0.00027704
0.506571
0.101939
4.55541
-6.54517
-10.1828
-7.13805
0.420179
2.67317
0.368709
-1289.91
2.31267
-1.19285
-0.54619
-1.33672
0.199645
0.522854
-0.257162
2.48723
-0.503865
-0.0471494
0.85677
-1.20268
-0.706347
0.528295
-49.8466
-1.35163
5.86761
-0.583375
-3.09696
-0.629199
-0.0878938
-2.02968
0.216971
-1.25739
-0.787991
-0.530709
-0.760638
-0.00640736
-0.206915
3.32986
-0.513814
0.235206
0.913377
-8.10348
0.421755
-0.913889
-2.00994
-0.631992
0.655071
1.27062
0.444074
-1.34692
-4.8121
2.38154
0.465861
-0.663326
4.34724
0.555103
0.222101
-3.5752
-0.326825
-0.00210156
0.580422
3.96739
1.16289
-19.5931
-0.150055
0.673325
-0.964811
1.97117
-1.38329
-1.5347
108.887
-0.228619
0.7946
-0.700941
-0.729375
18.9914
-0.150296
5.37453
4.65599
1.19448
1.1944
-0.515822
-0.879205
-0.199393
-0.187311
0.239876
0.24389
0.823794
-1.39165
-4.06719
13.2887
1.49904
-0.0781181
1.0452
-0.515066
-2.80159
0.396792
1.8094
0.597951
-1.1255
-3.33496
-14.5232
0.245071
-1.27083
-0.773904
3.50017
9.76326
0.433859
5.39678
-0.303776
2.24812
-0.62538
-0.179223
14.5741
3.23141
-1.41113
4.43488
2.64756
0.830724
-0.184073
-1.43885
-0.359066
0.626496
0.782475
0.444558
0.548635
0.891579
195.201
2.12621
-1.52932
3.38594
-0.314608
-7.86384
17.4178
5.35112
-4.46973
0.217049
-2.25786
0.484714
0.150934
2.96927
-0.866061
0.52753
0.250912
-0.0311908
0.961486
1.22112
-1.66342
-0.426868
0.642051
3.14654
0.745032
5.8466
-0.0306433
0.590618
-0.338883
-0.485849
0.408348
-7.89093
5.22883
10.711
0.560024
2.49506
-0.879457
-0.749478
-1.54924
-2.50879
0.361635
-1.39126
-0.86203
-11.586
-0.133402
-3.07811
-0.372146
1.68458
0.482455
-0.0978537
1.07806
5.41804
1.04662
-0.65468
-10.4844
-1.56613
0.167104
0.367916
2.56191
-2.9973
-0.118587
0.355523
-1.04176
-3.44085
0.430543
0.595493
2.65102
-10.9186
0.507111
0.60633
0.863011
0.327826
-0.307638
1.40614
-1.018
-0.729478
10.3437
0.963018
0.264645
-0.713023
1.02032
124.34
-0.765247
-2.48906
-0.620089
-0.893671
-0.570329
-0.506105
-0.381835
-0.443877
-23.6276
-0.679592
-1.70395
-3.26814
-0.319039
0.244864
-2.29016
3.79491
-0.768942
-0.323683
2.90864
1.17324
-2.13307
-0.535739
-98.4617
-312.92
-0.00534244
1.45321
-1.38069
-4.49288
-3.75354
-1.60905
0.0610735
1.64317
-6.20805
2.11396
-0.696841
-1.92585
-3.39296
-0.045267
0.17586
1.19495
-0.614793
12.0971
1.16148
-5.30786
0.173246
1.45411
1.50347
0.731284
-0.623351
0.873742
-1.26037
0.287185
-1.1945
-1.1709
-0.14251
-0.206869
43.7611
1.02821
0.960955
0.777754
1.42697
-3.11319
-2.19977
0.38404
-0.032491
0.527065
3.21083
0.771043
-0.237737
-0.11145
0.174902
0.276979
1.19087
1.3534
-64.0487
1.32154
-0.300277
-2.53806
1.1837
0.0540741
1.45842
-3.16518
0.194239
1.08352
-0.386187
-2.119
0.616172
3.43995
-0.336141
0.673868
-1.3685
1.54483
-0.156626
17.2844
1.09383
-0.980361
0.23075
-0.538707
-0.501852
-4.98942
-1.16573
-0.602507
0.319335
6.43976
5.32234
-1.03572
1.38378
-2.94216
-0.794289
0.829116
-6.05185
7.74419
1.81674
0.10723
-4.18367
-0.23214
-0.685723
0.57926
21.073
0.322228
-4.04243
-0.468105
-0.827265
5.66448
-3.87945
-0.564495
1.12617
1.68568
-1.94473
-0.232003
0.396407
-1.48459
0.834111
-0.40538
1.29788
0.541859
1.23528
0.829882
-1.82607
-1.35736
-3.54845
0.147446
-1.57573
-0.900064
4.35531
-0.480053
27.1261
-0.0598048
0.431849
0.295356
-4.0788
-7.51649
-1.36951
-0.387071
3.16578
-0.229908
-0.914976
-1.98876
0.151554
-2.20969
0.914272
0.185679
1.88538
26.2515
-0.843604
6.59105
0.0485168
0.31589
-12.7459
-0.831428
9.85038
0.0178978
-0.651001
1.45445
4.64122
3.5604
-3.34278
-1.62622
-0.667889
2.76389
-1.21371
-1.09685
2.45005
-0.0999528
-1.86539
0.299142
1.52441
0.934947
0.602982
0.662103
1.39487
-0.241935
-0.70475
0.883491
-0.271849
10.4841
-1.11011
2.75014
-1.62353
7.39204
0.719735
-24.7366
0.368596
-0.298139
0.454128
-1.56917
1.63134
1.00974
-1.2657
-0.0954526
1.4458
-1.88008
-6.91273
-0.253864
0.191698
-0.235751
-2.41316
0.674995
0.680051
-0.563215
0.778394
0.30881
0.245423
-1.4309
0.964823
-0.404705
-0.267397
-0.0906898
-0.539791
-0.0543368
-0.292976
11.9272
5.26401
-0.331464
-0.220038
-1.00479
-0.542665
-1.57788
-6.73375
-0.0362391
-10.2605
-132.474
-9.45131
1.29258
1.50296
-6.26211
0.417363
-1.12671
0.0117555
-2.27086
1.92024
-0.0531153
-0.341285
-1.78003
-1.53476
0.284094
0.320267
2.42665
-0.724981
2.77174
0.074114
0.846312
2.93916
-0.396699
1.45261
-0.839999
-2.05584
-0.479418
-0.422181
-10.75
-1.44784
-9.75094
-0.0782683
-1.70463
-0.196877
-1.86084
-0.150794
-0.616247
-0.447187
0.880278
19.5111
-0.10675
0.171944
-3.08957
-0.536864
0.528304
-0.403271
1.27053
2.90773
-0.00391546
0.179454
0.888864
0.0287955
-0.772342
-0.628516
0.00546873
-0.0301954
-2.11449
2.58509
0.0649038
2.87266
0.181263
0.641791
-0.65529
-0.442254
1.91743
-0.811137
-2.14321
1.16676
1.89077
0.73396
-2.47952
-1.1609
7.93745
-0.728535
-1.1961
-1.2247
-0.619897
1.77085
-0.512589
-2.26831
-1.174
0.190377
-3.38157
0.824297
-1.14556
0.822573
-1.39202
-0.589021
-2.00578
-0.982726
-1.08715
1.2989
-1.62354
-0.0839894
-1.33524
0.779292
0.649286
0.0464128
-1.58059
-1.32783
0.57926
-0.366695
-0.761108
0.781079
-1.29873
-5.72443
1.67114
-0.35835
5.91195
-1.43614
-0.365384
0.203172
1.6856
-8.40428
-7.40568
1.79133
0.866342
0.931563
-1.41865
-0.131706
6.28166
-0.931411
1.12895
13.5419
-5.44347
-1.45109
0.0705945
-0.177117
-8.15463
0.146717
3.95783
1.66847
0.925399
-8.19565
-2.01169
1.38024
0.104825
-1.73553
-0.0165693
2.54249
-1.93342
-6.03919
-2.978
35.9792
1.11985
2.93515
1.37725
1.07448
0.163859
-1.05492
-0.24716
0.135535
-0.00618346
-1.59274
0.932817
0.232341
0.470825
0.89272
0.444732
-0.0397363
-0.518281
0.176222
6.19977
-5.12678
-8.44413
-0.290615
-6.29238
0.377064
-1.78529
-0.216581
-1.99886
10.3194
0.777558
0.762441
2.76491
0.405616
-0.775784
0.376954
2.12822
0.0927475
-0.557686
1.46664
-1.34963
-0.846794
0.909864
0.27401
-0.782361
-0.0774348
-33.5952
-1.30948
1.00312
-1.48567
0.467134
-0.117532
-1.39286
5.49312
-11.485
0.643101
-1.3971
6.74398
-1.23833
0.0112951
-2.00671
2.49638
1.72542
-0.787818
-0.760734
-0.339821
0.0841843
-2.13257
-0.0673926
-0.679124
-5.46471
-0.488959
1.64582
1.80391
-36.2728
1.94843
-0.260336
0.813979
-1.2147
0.110665
3.08446
-0.364675
-0.630884
0.307402
-1.33911
0.0800983
1.39227
0.262528
0.47717
3.3174
0.593905
0.931548
0.105875
0.960365
-1.64926
-3.13561
-0.675374
-2.55617
1.15644
0.548245
5.89524
1.89872
-2.4946
-1.51204
-0.2889
3.63703
0.379594
1.26181
-1.56746
9.35592
-2.88029
2.17755
9.88893
103.747
2.18658
0.151502
0.237468
2.8486
0.44327
0.348965
2.11733
0.547601
-0.772618
-3.48838
1.12805
-0.515616
-65.9003
0.593807
-4.03204
-1.10848
0.718253
3.18793
0.853154
-0.15943
211.344
-0.840926
7.86996
-1.52054
-0.675851
0.272914
2.04182
1.78573
-10.7349
1.03803
-0.883438
0.574833
5.24006
-0.025966
-0.499455
-2.06188
20.1374
1.04064
-0.0761895
-0.143854
2.84668
-0.988265
2.08441
-1.52887
0.39506
0.247238
-2.60177
9.1835
-0.848334
-0.726094
0.747776
15.3421
-0.59591
0.326378
-0.0754382
-0.363639
3.10169
-0.863112
-5.89946
-4.51138
-0.622487
6.96701
0.0497789
8.17932
0.179215
1.28492
0.739577
0.315792
4.91991
3.04179
0.351994
-1.0475
0.595812
1.16274
-3.86923
0.266014
0.14133
0.243713
-0.067518
0.855547
1.65599
0.735473
2.80582
-1.36881
-0.739389
-11.6105
1.50104
-0.786366
12.5114
0.0189198
0.48586
1.1631
-0.0972002
-0.411065
-0.201085
-1.10784
1.09936
3.31301
0.705261
0.0791065
0.0715027
-6.94463
0.551716
0.365367
0.604872
23.8058
-2.48977
0.906663
1.23555
0.214575
-0.342738
0.795226
0.445794
1.11799
-10.3253
-2.5343
-0.878498
6.27187
-0.474764
-1.3815
8.53547
-1.85084
-0.458669
4.02604
-0.0259305
-3.28852
-0.2993
-1.41834
-1.63432
1.0024
0.203269
-0.0124614
-2.03912
0.649987
0.236344
-0.394365
4.35943
-0.194931
0.258275
-4.24053
0.534024
1.18124
13.7636
-1.16401
0.287119
2.1089
-0.079098
1.57598
0.170753
-0.0186482
-0.192821
-3.40165
-0.00190418
0.173537
1.94688
1.74503
-13.1024
0.44159
1.29535
-3.19218
-0.479599
5.99508
0.106586
-6.62077
-0.182628
-0.157237
-1.97967
1.23537
0.353539
78.3748
-1.12426
3.13863
-1.76215
1.55589
1.30997
-0.238086
0.8599
1.39665
-1.02289
0.540544
1.65872
1.72719
-5.08699
-0.110836
0.925761
0.185687
1.04856
-1.2692
0.3727
-0.13885
0.410614
-7.93449
1.13517
-2.48785
-0.570393
-0.294226
0.663876
0.406479
-1.22616
-0.00153596
0.748451
0.1256
4.63035
1.66332
3.41539
1.94675
0.956687
-0.0187578
-0.82935
4.03726
0.64027
-0.692539
5.03474
0.742772
7.23529
1.74813
0.234251
-1.98322
1.01715
-2.26436
22.7124
3.4993
-5.2053
-1.10514
0.2752
-2.94732
0.222432
-0.425935
2.5199
1.76782
0.389509
0.178246
-1.28484
2.79903
16.814
-1.58867
0.247855
1.49556
-0.0624398
-1.16034
-0.0816208
-1.93682
-8.77012
-1.87404
-0.996004
-1.11857
-5.52647
0.221593
0.939198
0.524244
0.299344
1.37589
2.92996
-3.96788
1.6268
-0.770812
0.208395
0.775706
-3.5708
3.87875
0.476502
-0.196264
0.696826
-6.47552
0.471747
2.60873
-0.378244
2.63501
-0.469797
-0.176579
0.112172
-0.112324
0.046335
-1.38546
-3.83351
-2.88862
-3.10155
4.37248
29.4518
1.0093
0.981869
-1.59915
-2.31095
-2.90174
6.61196
14.2729
1.66041
-0.608463
-1.37807
3.78716
0.772603
-4.62783
-0.294482
-0.0163372
1.05719
19.759
0.107908
2.13061
3.43729
-0.348928
-1.18175
-0.847309
-0.266351
-0.645891
3.27285
-1.03832
1.38662
-0.648796
-1.05946
-0.255014
1.76465
1.77385
2.95435
-303.779
0.448752
10.4807
2.69119
-0.013015
-1.14366
-0.344257
-2.24782
0.0558269
-0.28418
-0.3285
1.74493
40.9773
-0.850084
-1.6631
-4.07277
-1.31898
-5.67284
0.290825
-0.233391
-0.522566
0.114196
0.204546
1.66288
-0.879361
0.733895
-6.03642
8.01796
-5.63373
1.11514
-0.677014
3.50795
-0.886461
-0.330458
-0.352958
-9.77279
0.782579
-0.119479
-9.0288
27.7553
0.251724
-3.26791
-0.820642
-6.76201
-0.690095
-1.52707
0.809587
-0.571348
-0.773931
0.82065
0.673831
-0.755121
1.44697
-1.06522
-1.896
-0.216999
-0.620994
11.7567
-7.9691
-7.12734
-1.09888
-1.54504
0.899715
-2.48415
0.221196
0.00741444
-2.98496
-1.43971
-11.3063
0.11848
0.668114
-0.425194
-1.44765
2.43111
-0.642432
-9.65254
0.596888
0.0882676
-0.182147
0.98391
-0.0979192
-0.0683159
-0.309449
0.275623
0.50798
0.342206
-0.257613
-10.4727
-12.6747
-2.62212
-0.608162
0.0607385
-0.357763
-42.336
-18.7291
-3.1761
-0.0635129
-5.3607
0.192541
2.85921
-3.08764
-0.241935
-0.0309316
-0.437172
0.116124
-0.504016
-0.657366
-2.82725
-0.772037
-0.859775
1.51568
-0.442522
-7.60563
-0.672236
-7.21284
0.859795
-1.5701
28.6727
7.32854
-4.17069
-2.50959
0.867599
-0.42434
-2.21785
-0.155004
-0.638442
0.329493
0.480508
0.0253964
0.132702
-0.295992
-0.718994
1.46883
-0.373082
-0.9523
1.18491
-2.73112
-5.75173
-0.0339246
0.100461
1.38895
-3.47398
-0.528936
3.07356
0.309138
2.65283
0.875436
-0.761971
-7.18873
1.91053
1.11831
1.3687
3.577
-0.883202
-0.774249
-0.867192
-0.0826987
-0.183211
-9.96058
-0.503645
0.15584
4.37048
-0.597912
-0.981628
1.32956
-2.92067
-0.604376
14.0542
-0.863357
0.849643
0.808252
0.913267
0.0770101
18.1043
-0.603791
-1.06762
-1.04028
-18.0148
0.868013
0.278313
0.940111
24.4161
-0.0585928
-17.8062
-0.201546
0.0139559
0.57062
-0.148062
2.5282
-2.91591
-2.7898
1.86458
-0.173946
-1.89619
-6.09993
-1.40013
-0.134064
0.940142
-0.82638
-0.625897
-0.674604
37.0794
-0.190622
-0.644781
3.10629
11.3964
0.920335
0.472584
1.2888
6.12931
72.0643
-8.73984
-2.94694
2.46098
-1.03852
7.12547
-6.06934
2.77794
68.9023
4.68704
-0.585707
-0.403451
1.12684
-0.563562
0.631402
-0.485733
-1.03994
-0.786981
-3.65874
0.903857
2.35023
-2.16941
-0.658856
0.639848
-7.87858
-0.809793
0.112771
-2.36936
1.9811
0.159671
0.380759
-3.05538
-0.768252
0.380252
-2.08768
-2.48383
-0.470066
0.0926407
0.547383
0.20093
-0.661822
1.6715
0.0302108
-4.05179
1.31633
6.9358
0.229231
-0.234965
3.37112
0.751239
2.26397
0.949768
0.58267
6.06415
-1.71433
0.707937
6.89409
2.74423
-5.62361
-1.33206
-0.820523
40.5405
-0.94397
-2.94825
-0.240528
-2.90511
-1.39448
0.487757
-0.592725
-0.0669879
-12.7087
-12.6649
-281.493
5.01746
-0.434131
1.18843
2.80707
-0.133149
0.0783818
3.1304
0.438037
-0.761104
1.85557
2.65303
0.675567
-0.739717
-0.216668
2.7016
0.080353
-3.37805
0.356182
-2.02249
0.220547
-0.247876
-1.15517
-1.21536
6.4694
-2.2705
-1.18038
-2.10549
-0.865413
-3.18814
3.28419
-1.32127
-0.171592
0.102065
1.28112
-11.8138
0.318297
0.388064
1.24603
34.1353
-0.371904
3.72295
-0.322372
5.42656
39.6017
-0.692006
0.114917
1.42039
-0.00377968
-15.7417
-0.476598
5.68007
1.13781
-4.432
6.53626
-0.710955
2.51967
0.41927
1.48427
-0.0614774
-3.11151
-0.133547
2.61142
9.52722
0.361624
1.08102
15.3668
-2.47371
-25.1462
0.108895
-1.12526
0.468218
-0.0767385
-4.11377
-0.497228
-3.77202
-2.12113
2.42132
-0.153225
-0.593897
-2.26288
-1.29378
-3.1064
-38.5653
-1.00237
1.22861
2.93054
1.22881
-3.7443
0.362161
-6.22447
0.645389
-0.306666
-0.13393
0.558198
1.96214
-0.556568
-1.21076
0.541373
-1.39332
2.52998
43.7962
0.348526
10.2196
-0.393058
2.47353
-0.242887
-0.955788
1.94739
-8.70684
1.15843
0.594623
-10.8383
0.461853
-0.0663553
-1.82324
-34.6936
-1.48199
0.710969
1.89628
-0.48695
0.721713
6.62772
1.83559
-1.40214
-14.5646
-6.71026
-2.76108
-0.2143
-0.740382
-0.903489
-0.969845
-0.301953
-1.64183
11.6719
-0.946705
-4.94329
0.0533781
21.3118
0.0455329
3.22783
0.717594
0.229445
-9.13652
0.680301
-1.73055
1.34449
9.19166
3.73254
-2.0098
-4.71491
0.725023
-1.50094
0.123938
0.546723
0.141563
-1.32495
1.28976
2.01811
0.223673
-0.204909
0.0461609
-0.135684
0.564692
-7.29916
0.600377
1.72898
-8.38653
-2.44912
0.907092
-0.318291
-0.855048
-0.920427
0.439896
1.04289
-1.46265
1.94132
0.366753
0.248835
-0.617575
-52.2091
-6.82431
4.37237
0.0504918
0.687749
3.58246
-0.0944965
-3.41699
-1.45439
-0.30696
-1.17616
-0.0827224
0.216362
-5.44867
0.481488
-1.24882
-0.281715
0.0165508
-0.278455
-440.507
6.76073
0.713965
1.60031
-0.228396
0.583361
0.668045
0.539899
-0.399669
11.2351
0.569291
-0.145879
0.129746
-3.33704
0.974931
1.28546
-6.45303
-0.347735
4.484
0.109796
-3.19209
-7.64563
1.30715
-0.654486
-3.24012
0.527605
0.716366
0.554742
-4.82572
-0.69741
0.182779
-0.780026
-4.19817
0.0064282
0.557195
-0.900054
2.0386
-0.662458
-5.10109
-1.05941
0.0978075
1.25396
0.284093
0.146535
-0.987869
-0.0199955
3.48724
-3.90728
1.46902
0.993365
0.479229
-0.861685
-1.05456
-0.120042
-2.32633
1.33462
0.235067
0.205744
1.18925
-0.299536
1.84237
-0.164494
-3.63793
-0.82974
-0.402993
-0.646884
0.846558
0.0862907
0.493528
-3.06819
-0.687085
4.80032
-0.699929
-0.206761
-0.502279
0.333579
1.17957
-13.3511
33.4194
1.96877
-2.86212
0.27296
5.49664
4.88548
-4.41005
-0.208674
0.73915
-0.915742
-1.83113
-0.506795
-0.738362
-0.863041
0.197466
-2.38055
-4.66767
-1.88789
-2.04222
0.136285
0.136922
2.03706
-0.224844
-1.33539
0.832896
-0.568641
0.463885
-0.342198
0.332837
-0.0646895
-2.92841
-0.277687
-21.922
-0.38756
-0.440586
0.149076
-0.45948
1.31368
2.35388
3.3698
2.65
0.300621
2.4734
-2.39683
7.49279
0.223754
-0.944565
12.0088
-0.597516
-0.399569
-0.638741
2.48721
0.136651
-0.23594
0.154514
0.202671
-1.35706
-0.487723
29.6864
2.6109
1.05896
1.1966
-0.190856
1.21107
0.62885
-2.97125
14.6652
-3.94073
0.578654
-1.67435
-3.37616
0.174789
0.14161
-3.10464
0.182424
0.688135
0.0566159
-0.115635
-0.650353
-1.06207
-0.0532421
13.9216
3.22549
-0.0191349
-0.92761
14.3008
14.984
-0.275434
-0.0182181
0.55883
-0.571974
-5.32225
-3.95112
0.347146
-3.0846
2.43076
-1.11832
3.47531
4.35868
0.0900612
-3.97894
1.09079
-0.782067
-3.209
-0.412613
6.94277
3.04144
-1.69962
0.101008
-0.359958
-2.70689
-3.64723
0.115566
0.0219357
6.18064
1.81216
-0.420866
0.103866
0.157968
-2.05424
-1.10659
0.326645
-0.264472
-1.73962
6.86511
-0.679591
-0.178762
-4.1166
-0.721543
1.1858
-5.38256
-1.7311
-1.07981
2.55389
-3.17897
-1.27398
-0.516705
0.461139
3.03552
1.23342
-0.968834
-0.12832
1.96149
-10.4371
-0.481796
1.91182
-1.53621
4.35544
-0.32755
-0.520279
-355.8
-0.843261
2.1362
-6.77029
-1.57883
3.37201
1.65826
0.183809
1.44722
-2.9668
-1.76582
-1.8971
-3.09129
0.0396729
-1.48825
0.232999
-2.95405
-2.48989
-1.06221
-2.36826
-39.1777
-17.3582
0.238783
2.08201
0.399576
0.945317
2.82132
0.531542
1.14206
1.06999
-6.23239
0.223895
0.861325
-3.58971
-0.899211
0.771737
-0.284824
1.48956
-1.48484
-0.805507
0.700598
1.10111
-1.15823
0.866127
19.6147
-21.9126
-5.29312
4.52433
3.67571
-1.90901
0.217952
1.27235
0.361121
-0.552342
3.05256
-1.88128
5.02619
-5.56672
-1.72014
6.24447
0.797516
1.78025
4.48092
-2.65248
-2.87112
3.53844
-0.883364
-1.76505
-1.6835
-0.840845
10.5791
-0.214585
2.52553
-0.0769853
-0.720087
-0.0704549
1.03713
0.821578
2.44809
8.05294
1.50179
-2.43487
0.989845
-5.39948
-3.24466
0.578646
-0.539316
5.55473
2.65385
7.96989
1.10513
4.03349
1.42063
0.377769
0.625255
-4.42296
-50.1515
1.57475
-28.6076
0.0838975
0.43775
-0.146577
1.39062
-2.71808
-0.558349
-0.337309
1.55845
1.20697
0.145077
0.198605
1.1501
1.68415
8.09696
0.579263
-1.1712
-2.55922
-1.3193
0.21801
-1.09985
-8.9698
-0.257667
0.183503
4.52596
0.41823
-1.45335
-2.91545
1.23615
-0.0206233
0.44091
-0.906038
0.865635
0.508775
0.191872
-22.1413
-1.12702
0.0398759
-1.54936
-3.22571
-1.08525
-5.7405
25.734
-0.908531
-1.67353
0.240867
0.217739
1.33354
-1.65197
-3.55165
-0.73342
13.3209
0.491863
-0.541646
5.2231
-0.741194
1.77464
1.40038
-2.36812
17.7393
-0.448661
-0.0401385
2.05678
-0.79627
0.119469
0.181986
0.243016
-1.02234
1.32406
0.248023
-2.0284
-5.34457
-0.00560373
-0.0354475
-1.5134
4.65069
-4.96669
4.72873
-0.33233
-0.961441
6.87858
1.00916
-0.170013
0.0172942
-0.600597
-2.88388
-0.0411674
-2.515
-1.55641
-0.350517
1.54303
-0.846066
6.53698
9.14945
-0.588215
3.28856
0.180287
1.24883
-0.153626
-0.297404
-0.733882
0.657314
0.328924
1.24205
0.0549925
0.178402
-1.84609
0.50853
-1.14343
-5.55367
-2.12129
-0.216447
-6.80257
0.897568
-4.60237
-13.4219
0.482717
0.493229
2.05069
0.160079
-0.611143
-1.76854
0.637422
-9.44099
3.29541
-0.375298
0.449236
-5.75401
0.0518366
0.267631
1.19624
-1.75768
0.481417
-0.111653
3.9296
-2.23574
-4.68955
-0.120672
1.14724
-1.18323
4.20407
6.39797
-3.98847
-0.786058
-0.258853
-0.382234
2.64583
-0.0806159
0.620337
0.198737
-1.36335
-1.26921
-3.00035
-15.5061
0.144055
-0.835488
-1.28193
-0.256362
-0.686267
1.29221
1.7296
-4.7697
-15.8072
-0.466434
-1.15355
5.35243
1.55619
1.55075
-7.2448
0.265826
0.0615849
6.22049
-0.251301
-0.589538
0.453783
-0.0331198
10.0664
24.8035
-32.5652
2.13318
1.60963
0.293924
-20.2427
-0.0535239
1.20786
-0.472656
10.2525
3.12671
7.89583
6.44801
-0.930146
23.4569
1.81087
-3.29419
168.729
-0.36926
3.99727
-0.811957
-3.11272
2.66217
0.277008
-1.30323
-0.229254
-0.667331
-0.581465
2.09919
-0.653398
-1.26364
-0.465616
-1.04176
-0.964764
0.448479
0.985571
0.525896
-1.03407
-0.276599
0.159945
1.83804
1.65291
3.04392
-0.593375
-1.6184
4.9179
2.3629
-0.313916
-0.955031
4.47046
-8.91788
0.450446
0.647085
32.6552
1.22034
-0.508801
1.43005
-0.691565
-0.0902329
-2.11438
1.12476
-14.5562
0.940017
0.418012
0.175559
-0.168971
-4.92739
-0.897425
-0.395959
6.85697
1.04083
-0.75451
0.286728
1.03218
0.17523
0.248419
1.95918
20.9756
-2.86126
0.198939
12.2476
-0.271056
0.384003
2.06004
-3.56922
-0.456817
-0.404488
5.96355
-1.32924
-1.36822
-0.593381
-0.885081
-2.67286
0.167163
1.15858
1.12176
0.383037
0.0499107
-1.38742
-0.676232
-0.162039
-0.873375
0.764108
12.9184
0.00520278
-0.0466671
0.275023
-1.17463
0.29611
-9.64383
-1.57428
-0.206544
1.40712
1.13267
-2.38239
0.159984
1.07371
-5.34151
0.339651
0.681834
0.324326
0.41583
1.11909
0.513682
-8.61507
0.909682
-6.4319
0.369702
45.0681
1.14426
-5.34355
3.81833
-3.60858
1.26027
-0.549651
-2.91278
0.124126
1.72968
0.309702
-4.60235
0.804862
1.16267
-0.20528
0.358847
-4.68728
-18.6215
-0.918678
0.111045
0.767612
0.691075
8.70001
-1.53393
-8.14088
0.263208
-8.83569
3.12774
-1.38353
-0.0246887
1.43321
-0.834897
-0.507414
-0.223463
1.10488
0.704838
0.188875
1.14547
-1.63301
0.631047
-0.776435
-0.416124
0.726109
0.214115
-0.694138
1.10394
-0.191286
-0.92921
5.33132
0.908965
1.61834
-1.01569
2.07887
-1.93336
-4.96112
1.37934
0.474325
-1.07977
1.56398
-1.28859
0.646565
-0.18982
2.42715
-1.36659
-3.7773
0.826476
-0.867233
0.114617
-1.91883
5.76011
-0.0395178
-0.776539
2.61369
5.84883
1.44683
2.05713
0.305825
-0.322156
3.47998
5.8858
-0.524651
-0.756429
2.01097
2.77644
-2.48969
-1.54769
-0.164744
-0.795727
1.26223
-1.60657
40.2791
0.219218
1.99775
0.635526
1.0749
0.227657
-0.337438
-1.69363
0.382377
-0.34519
-0.929207
4.98975
-0.717105
-2.42541
3.55269
-0.529108
-2.66695
-0.761156
0.0353366
0.52929
9.7542
0.370455
15.0741
1.74057
1.76577
0.669971
-0.205237
-0.836503
1.00132
3.83215
-3.79745
4.39421
-0.569731
1.1065
-0.293148
-0.377676
-0.148715
-1.00766
0.964914
-17.9233
-4.62524
-1.63206
8.85107
-0.0927709
10.0646
0.12736
-3.24773
-0.179123
44.2613
2.21695
0.640969
1.69068
-0.328378
-11.0296
-8.13651
-2.0247
-0.980905
0.341609
0.255902
0.912626
-0.304321
5.94504
-1.62614
0.497498
-2.58268
-0.196808
0.51558
0.953514
0.428276
0.728699
-0.644989
-4.11788
0.596402
-2.35811
-0.19116
-1.29249
-2.85876
3.09386
1.45203
-2.44682
-0.954068
-0.988599
-3.5147
-24.6982
1.46233
0.543149
-0.322844
0.746173
0.330497
-3.65136
-5.58956
-1.02462
-0.944799
0.0837426
4.35234
-0.360413
24.7267
0.693321
-1.58556
3.30845
1.784
-1.59718
0.604826
-1.305
-7.10357
7.85166
1.65987
-3.29678
0.651729
0.265342
-17.7536
-0.467481
-1.65755
-2.00734
-1.35102
0.70297
0.771494
18.0887
0.0402486
0.729238
-6.1202
-0.0665753
-0.699737
-1.05819
3.30481
-0.364763
-2.30336
0.463247
-2.02728
0.207832
2.0764
-3.88392
-2.63784
3.44758
-2.32435
1.53923
0.169927
0.554986
3.97773
0.299431
6.30299
-0.111323
2.17625
0.551022
1.65735
-0.14484
1.1232
0.17798
10.0489
1.74525
-17.3769
0.536059
-1.34465
-0.326741
1.23206
0.187196
0.322176
-0.370061
0.659222
0.0643328
13.716
3.08325
-0.748898
0.455999
0.0703164
-2.03883
0.28312
-1.12374
-2.77305
-0.199644
-3.1289
-0.424682
-28.4791
-0.705147
-1.87057
1.23791
-0.0666745
-0.0175087
-0.0607329
-0.515781
-0.850199
-11.3282
-1.1725
-0.556309
0.377482
-7.73965
-0.140023
15.7329
-0.213441
0.536426
-1.42825
-2.37282
0.936592
-0.975763
0.0613722
7.58468
-3.30096
-1.27912
-0.735356
0.734569
-7.94277
0.982429
-8.11585
4.97449
-1.54946
0.726214
-2.17266
-0.542493
-0.350728
-0.323519
2.73389
-0.199867
0.0761923
5.69443
-0.0346577
1.4063
6.50703
1.39814
9.56935
-0.627886
-0.471587
-2.22372
-3.43637
0.363803
-0.767295
-2.32132
95.5193
-0.812942
-1.27862
-1.82917
5.06074
19.4676
-1.49794
-0.351217
1.25411
1.06882
-1.47187
21.8643
2.24064
0.117636
1.07507
0.0535373
0.630873
1.47161
-0.848395
2.29817
0.543914
-0.177347
0.099375
0.42021
0.591154
-27.0373
0.530083
-3.5042
0.711488
2.93118
-2.75039
-3.11687
-13.8365
-8.75087
-1.13021
5.33691
-1.99064
0.17257
0.69536
-0.636898
0.449997
0.858522
-0.90064
-1.21662
0.21392
-0.991442
0.599882
0.328188
-1.06443
0.213677
-2.7944
2.12537
0.259166
0.444504
-0.464871
1.36313
-3.79167
0.392466
-0.0291708
0.17412
0.760787
1.05637
0.497493
0.652555
0.0862171
636.228
4.0292
2.06701
1.20999
0.28842
2.26689
0.441497
18.7766
-2.87577
-0.128713
-0.147561
-5.45962
-0.909569
2.70822
0.160683
-0.846696
2.0581
-7.65381
1.36576
0.363083
-5.74693
0.130991
-2.44296
76.3114
0.6175
0.0815499
-0.711196
0.59339
0.788917
-1.31892
-1.20575
-3.28198
-0.327873
1.74682
22.2919
1.76766
-0.261979
3.60845
1.23368
1.13129
-0.455183
0.623069
-3.17863
-0.679713
-1.74581
-0.25344
0.420239
-0.377468
0.792321
-0.486144
-4.03425
0.802017
-1.21954
-0.423005
0.236737
1.87165
-0.336903
-0.377701
0.421508
0.14135
1.11787
-1.93482
-0.0853276
0.806411
0.0620476
2.88085
-17.1835
3.57461
-0.257836
-0.471213
1.21701
-0.542189
1.20488
0.951654
-1.0349
-18.3127
2.1324
1.29667
1.13917
0.150057
-1.62799
-0.693477
2.55036
0.23124
0.70285
-0.593293
0.786064
0.442051
-3.98887
-1.50277
0.325767
0.658406
0.890307
2.30565
-0.169599
0.305645
-0.0716498
-1.75298
0.606091
1.23937
1.97598
2.87499
2.31913
-0.207162
1.96512
-3.16354
1.12365
4.79042
-0.991713
6.97464
4.38102
0.390285
-0.00996707
0.1618
1.93327
1.74167
0.575727
-0.345625
-0.565646
-0.566697
1.38371
-0.272371
0.500582
-2.14467
0.658604
-1.63118
-9.13827
7.18557
0.358454
-0.294016
-0.82102
1.58132
4.98729
0.572688
1.77568
0.288837
0.373387
-0.648941
-457.773
-0.459665
0.0224425
-11.3876
-0.455868
0.428871
-3.76606
-0.121913
-0.172897
0.855045
-0.751364
-0.492984
-3.42324
-2.48017
4.90349
-1.50462
0.34713
1.56926
-1.47265
0.422602
10.1751
2.62256
-0.628673
-8.96758
0.944416
0.23748
1.0731
1.03579
0.533072
-0.663777
0.344593
-0.708341
0.00868171
0.340296
-1.0387
15.3151
0.2287
1.954
-0.93871
0.820097
4.34738
0.252002
-0.189111
27.7518
-3.26849
-3.64728
-0.998545
0.799077
0.350021
-0.987282
-1.90938
2.02606
-2.45718
0.625881
-0.775873
-1.954
0.280238
1.87524
1.32975
-0.0259492
-0.349665
16.488
21.4063
2.00181
-0.908537
23.3123
2.44125
1.86581
-0.00578841
4.64222
-1.37017
-7.88717
0.24256
-0.205382
0.0489858
0.190837
-0.481793
28.5657
-2.84909
-0.570924
0.947062
2.36776
-2.55963
-1.64203
-0.304234
0.289029
-0.0100288
-1.82473
0.764173
3.71714
1.08051
0.25278
1.25329
0.456153
14.0405
2.09396
0.508175
0.530529
0.859154
2.04907
-5.79952
0.133996
-0.315258
1.23526
-1.27644
1.59573
-0.0602142
5.15408
-0.39248
-0.59315
83.9495
-0.00537712
-4.33031
-2.68158
-0.533036
95.9992
-1.91332
-0.625598
-0.547576
0.0563368
0.0915504
3.38961
0.301629
1.29396
-0.0762765
0.888157
-1.60132
-3.54969
12.6594
1.05357
1.07995
-0.475472
0.013985
0.168423
28.6989
-0.47996
0.615867
-0.140315
-0.351269
-2.1609
0.772717
7.93663
-1.35427
0.446344
0.323808
0.956211
1.08459
-1.34955
-0.712348
0.542167
-0.0286747
-0.596451
6.19862
0.05612
0.214133
0.225939
-1.25113
-0.121887
-0.337196
1.312
0.340472
2.71662
0.80156
-1.49475
1.20597
0.0349426
-0.486307
-3.48851
1.11587
-0.0219434
-35.2368
0.356912
-0.0390977
17.9153
0.528331
-21.5392
-15.0763
0.210471
-0.536538
-0.901044
-8.12257
-0.718396
0.173557
-0.469087
-0.325356
1.31041
0.518396
4.73964
-1.99872
-2.23318
0.977344
-0.0472612
-0.281943
0.829197
-0.155103
0.956439
1.14612
-0.24132
3.02558
2.5679
1.72555
-0.188233
9.49782
0.921763
-0.652406
3.46047
-82.8688
-0.671206
-2.25825
-2.621
2.88448
6.19988
-0.543846
0.0737245
1.023
-144.255
0.76418
-12.9151
-2.3511
-1.22961
-2.21489
-0.00905431
-2.22479
-3.41444
0.310016
0.188788
-1.35903
-1.79158
0.724606
-0.0222495
2.02173
-28.3265
5.34819
-2.3301
-0.420234
-1.49899
0.122886
-1.44655
0.0557994
2.60452
0.485128
0.557573
-1.15581
-1.15365
0.096139
-6.57706
-1.8693
-4.57646
5.07139
-0.480272
-0.850934
-0.264414
0.206769
-0.901306
-1.5053
-0.461217
13.0109
-17.8937
-1.8625
1.92159
-0.0700954
0.293841
-0.83754
0.826377
0.642616
11.6906
1.50355
5.04334
0.0839172
-0.795811
-0.0675782
0.64796
-0.978132
-0.951279
-0.670757
-2.21506
-0.876113
0.171515
-0.891672
-2.47481
2.45928
-1.74027
-1.19899
-0.565733
-5.4463
2.84925
-0.0664986
-1.13559
0.616295
0.965506
-1.11834
-30.3348
0.0311408
-1.33345
-7.77001
-2.65221
0.253962
-2.3917
1.09526
-0.168625
0.209358
0.0245601
3.51827
-0.850964
5.95513
-0.567536
-0.181803
-9.40223
-0.437222
0.781043
0.588801
-0.631639
0.616593
1.57976
-1.80637
0.0307143
0.538328
-0.70205
0.052798
-0.868179
-0.267826
-0.488378
0.259996
2.81704
-0.539579
-0.922945
0.436141
0.67272
0.481539
0.269901
0.364025
-0.910025
9.22476
-0.491014
-0.0522915
1.34678
0.952021
0.18252
0.102179
-11.9897
0.697795
0.341721
-0.0910843
8.97811
0.977454
-0.867022
0.703517
-0.859246
-2.47957
-2.32691
0.544779
-0.346562
0.488743
-1.25103
-29.248
-0.429446
8.66214
-0.795163
4.73288
0.459053
1.02112
-0.210686
0.207308
2.61158
0.753093
0.723543
0.0622594
0.717109
0.783893
174.686
-0.362996
-0.680129
-0.145125
0.103113
-2.2755
1.07317
-1.43485
3.90321
-0.458491
1.07318
6.83803
0.311907
87.1683
-5.07271
-2.04361
-0.417102
4.42417
-0.552981
-1.11615
1.28213
-811.922
2.25888
-0.628894
0.174268
-0.300051
0.997386
-1.18496
0.0928566
1.01403
0.0608433
-1.70841
4.89486
1.03442
0.70208
-2.00297
-4.42715
0.761174
-0.62017
1.41618
2.07305
-31.754
-3.69681
2.8188
-0.498031
-0.221405
2.5553
-1.38962
-1.0345
4.48
2.06578
0.652962
3.70671
0.237321
5.26935
0.945974
-3.17107
0.199525
-1.71539
15.067
-0.918042
1.01967
-0.750155
-0.649091
-1.81579
0.187112
0.871639
0.291586
-0.626924
0.0772454
4.11451
88.3239
0.911258
1.30345
0.825947
-0.000614788
-2.46701
-2.61576
66.7775
-0.767164
-0.360444
0.807737
-13.5476
2.25859
-12.4407
9.62931
-0.819914
-1.72427
-1.44318
0.377062
-3.95935
-3.27129
0.878444
-0.119051
-0.0557345
-0.297271
-0.266202
0.0995049
13.7476
4.03403
0.601305
-2.2562
-0.513643
-2.58866
-3.20952
5.55624
0.733299
-2.88297
2.23801
0.140821
2.34693
1.52675
1.47848
4.63883
1.78152
-2.77505
5848.18
-0.726646
0.738597
-0.348483
1.22292
3.60125
-3.49151
2.48325
-3.30628
1.9284
-0.601944
0.267091
0.708518
-0.666764
-1.58251
0.284125
-1.42611
-2.39622
-11.2406
-2.89519
115.313
20.0088
-0.396844
-1.30555
5.41652
-0.71447
2.12574
6.71503
-0.822228
0.130521
0.868469
0.95631
1.19576
-1.17752
6.07589
-4.60368
3.40394
5.37746
-3.59218
-4.83468
-1.49776
-0.689536
-1.80126
-2.32438
1.18499
1.99907
-0.465555
-0.826371
-0.984612
0.589878
-0.69749
0.068416
1.77158
-1.46043
4.20662
0.0495081
2.5318
-0.641785
39.1799
-0.953364
3.90667
-0.462597
0.103233
0.120185
1.09393
-1.02982
7.48245
1.14488
-0.26758
4.47719
-0.220395
4.19535
-11.8833
-1.0968
0.749742
-0.909778
0.510332
-2.0288
0.163546
1.49713
1.54346
1.33436
0.34805
1.57632
-2.13792
-1.00335
-0.593642
-2.27441
1.13381
-0.65161
-0.605614
-3.45997
1.04033
-0.908754
3.08078
0.410801
8.40421
-1.16758
1.24735
-6.63834
0.535299
-0.129091
0.426143
-0.146873
1.1651
0.41668
-1.675
-1.44686
1.40336
0.313137
0.594137
1.03411
4.72982
-1.83173
-0.947403
-0.746442
-1.06906
14.0096
0.145913
-0.0794901
1.18764
0.9031
-2.3421
9.8679
-1.20971
-1.56097
-1.994
2.85571
-1.03815
-0.0982393
-16.3353
-7.11874
1.51343
3.79015
-0.948336
-2.86736
34.0486
1.11057
-1.15122
-1.89048
-3.6576
0.186988
-1.22628
-0.368241
0.393628
-1.76099
5.4551
0.376013
-15.0513
2.92729
6.32712
-1.93452
2.40691
-2.82974
6.29862
1.14668
3.90336
-0.0351192
-0.157391
0.158921
-0.435728
-0.475045
-0.901525
-2.8019
-10.6494
-0.296566
7.48732
0.869211
-13.0253
2.08793
96.7873
-0.12443
-0.325331
-1.54829
1.08343
-1.29129
-46.1284
-0.537565
0.573978
-0.659232
0.376727
-1.13349
1.70795
0.483655
-0.317484
-0.650675
2.36297
-6.10779
0.501146
-0.981272
-3.00168
0.759159
-2.81128
-1.40566
-1.31766
-0.314195
0.928748
0.160809
0.566202
1.30644
-2.73509
0.0148576
1.38969
1.11133
-1.66353
-1.13744
0.417616
-0.159657
0.449763
0.415914
-1.44607
0.869248
2.33961
-0.262943
-0.712434
-0.277296
1.97958
-1.23537
-0.545257
0.0452945
-0.575747
-0.251466
-1.23775
0.0135863
27.2665
-0.390115
-9.3715
1.10734
1.35612
0.500938
0.355148
1.02555
-86.3436
0.183937
0.52864
-20.7535
-0.806699
-0.440719
-4.00514
-0.417431
0.725438
-2.73476
-0.128253
-0.0632174
-2.46301
0.661803
0.0261206
1.08076
-1.17935
4.62289
-0.625941
18.5556
7.1342
3.74437
1.77767
2.16979
-3.88061
-0.58243
0.919057
-5.31065
57.6492
-12.3854
-1.37728
0.972433
4.31213
2.48513
-8.40807
1.31095
-9.72405
1.66284
-0.102053
0.156668
-5.96742
-1.72412
-4.12566
5.34621
4.28559
0.699528
1.38369
0.711631
-0.83063
0.907576
-0.272731
-2.38183
-1.08806
-17.6191
-0.764295
0.634501
2.03384
4.46036
1.01036
-1.12561
0.354783
1.09116
0.586533
-1.90866
-1.98595
1.19869
-0.376864
1.14838
0.417172
0.399387
0.601928
-1.08369
-4.1313
0.49142
0.573957
1.92068
2.20393
0.941983
3.85786
-1.41084
3.28865
0.874198
1.29313
-1.28354
-9.23837
0.236144
0.133594
-11.1863
-0.863086
-0.215485
-2.48849
-0.59766
-2.15984
-3.09039
0.261677
0.536596
0.28855
-6.30306
-3.6734
7.24679
-0.0617675
2.18368
0.691934
0.311962
2.19872
1.57791
0.626085
1.16912
-3.32669
-6.79224
-1.45533
1.59557
-0.745288
4.06824
19.4776
1.01784
-2.21495
-0.190479
0.104477
-8.2107
-0.327415
-0.84573
-0.144662
-1.98448
0.254205
-1.37359
0.0558797
-3.54653
0.117978
-0.572275
-0.385385
0.686139
-1.26007
0.575984
6.9589
1.85513
-2.67161
-1.22055
-0.594809
0.0452152
-204.694
0.308891
-8.36636
-0.0621097
-0.441525
0.0047583
-3.4184
-0.290828
0.240804
3.50234
-1.02416
-0.270447
10.7352
-0.0636479
2.02238
0.735229
-0.845929
-0.365024
-0.525899
0.0930834
10.492
0.0232464
-7.11797
21.5629
2.5749
-1.07666
0.55601
-0.952059
-0.631219
-0.934067
-0.786102
-7.98639
-0.725632
-0.0243081
0.240652
2.32241
0.642117
0.29451
-23.645
-6.28691
-0.306543
-0.46219
-1.15983
-3.68423
10.5923
0.498376
0.0108592
0.940962
-0.164652
-6.17252
3.32159
4.16593
-0.855479
1.68415
28.068
3.10535
-1.5943
1.19431
1.08865
0.983216
0.467905
0.875034
0.0626027
-3.84684
0.498451
3.62572
0.548312
0.319419
-0.521238
-8.79316
-6.77231
1.13731
-4.76856
0.918619
3.92755
-0.171093
-0.879503
-0.609962
1.48741
0.0144142
-13.5314
-3.15672
-0.195067
-0.659001
-13.8552
-0.661575
0.368262
1.12301
-0.0793633
1.03659
-12.8164
-1.14465
-1.41222
0.3151
1.42302
0.0695279
-0.677637
20.0559
1.41499
-0.43823
0.84172
0.918619
-4.50563
2.25572
0.446656
-1.26724
2.60856
0.5697
1.92585
11.9392
-52.6427
0.0706545
0.713246
-1.10155
-0.919473
1.71193
0.613859
8.37626
-3.43846
5.45743
-1.62017
18.5773
-0.844712
5.45637
21.2116
-0.286522
-1.73933
-0.688756
1.36653
-1.7934
2.12084
2.13096
-1.30087
-3.55496
0.272588
-2.14775
-1.66716
3.45394
42.8971
-0.257255
11.9221
0.47726
-89.7989
-1.2934
72.2796
1.25208
-0.66722
0.481647
6.90973
2.71306
4.66834
-0.0903676
0.00521262
1.59575
-6.74016
1.72517
-2.54444
0.852331
31.4483
-0.842617
-1.35931
-1.43618
0.908937
-2.65553
-0.641576
-0.248968
1.97739
-0.593078
-1.46467
1.52098
-2.77275
0.746821
-1.00118
-1.19993
3.36948
-0.00444027
0.426108
0.397453
0.824437
3.00373
-0.677908
-0.631467
-0.68558
-8.63188
6.45302
0.370481
7.93316
-0.022728
0.644103
2.75784
-76.0504
-0.502402
0.739379
4.66674
-1.80041
-0.260093
12.5937
2.67615
6.15213
-0.118044
-1.27944
2.17108
0.95438
0.663755
0.752121
-13.825
1.6948
-0.124098
1.04217
0.127887
-0.330405
-5.81336
-0.291784
14.8069
1.32751
-0.512025
3.07931
-0.55098
-0.673044
2.75559
1.4121
-1.1757
-0.0830522
-0.959963
2.55496
6.47758
-9.41492
-0.267964
-13.036
-0.558717
-0.67317
-0.874348
-0.934439
-3.08102
1.93565
-1.43299
1.41244
4.15812
-14.0695
-77.7256
0.631149
0.230662
3.00301
0.611718
1.53056
2.30193
1.55945
0.217998
0.619435
-2.3708
0.86823
-0.776572
-0.669985
-7.54334
-1.65431
12.6388
0.31938
-0.951049
8.08005
0.558956
-3.48134
0.228507
-0.711751
0.456163
-0.395818
-1.86371
-5.81379
5.32188
3.14087
2.79904
-2.36396
0.994232
0.0220414
-0.48781
-2.80188
-0.422181
-1.66795
-0.00245221
-1.01654
4.77211
-1.04322
1.42239
0.337445
2.12701
-0.817648
0.3303
1.37747
-4.59755
0.829528
1.41753
0.307287
0.293617
2.44547
-2.35368
0.0299457
9.80043
-4.76683
-0.194784
0.940269
-1.61609
-1.07946
0.702592
1.05348
3.24145
-0.653729
0.98829
3.34797
-0.0669034
0.618165
4.42094
6.00866
-1.25079
-2.92809
-0.440424
1.09931
-50.9825
1.9083
-3.16489
-0.390084
1.89227
3.46815
-1.25139
2.39383
-0.447408
-3.80193
-3.19665
0.476586
-2.92408
6.22484
0.239301
-0.9259
0.556752
-0.365992
-2.78438
0.418151
4.4935
-0.329543
0.414399
0.417626
-0.141514
1.73806
-0.381394
0.702362
2.66736
0.706644
-0.174822
-1.74939
-0.573187
113.383
-1.05224
0.985865
2.09954
0.279047
0.17181
-0.540254
5.14304
-0.780668
-0.031438
0.00764402
1.6588
-0.0482765
1.00026
-0.61299
-1.03196
-0.247699
-4.35185
0.389855
-1.27499
0.281848
-19.4912
0.032981
-7.8167
2.49208
-0.61619
-0.89597
-1.11724
0.758473
2.37388
-0.33889
-0.0232755
1.81797
-0.0528878
-1.65206
49.7538
-5.87932
-0.59317
1.74592
-0.721796
-0.590461
0.882248
-2.57341
1.16504
0.0857475
-3.03794
1.63854
0.064582
-0.397635
15.7322
-0.293041
5.98838
0.0890857
-2.23196
-1.44488
-0.736846
1.55783
0.732034
-0.135009
-0.229156
-0.349106
-5.42881
1.81233
1.92008
0.227208
5.57868
-0.883092
0.494157
-2.23064
0.590164
0.175027
-0.0193315
-21.4172
4.99461
-0.468726
-2.11959
-2.01747
0.0410056
10.0973
-4.78631
0.0152122
1.47515
1.39438
-0.302619
0.111565
-0.84198
97.6433
-10.2654
-3.11427
0.494701
0.58633
2.10606
-1.69855
-0.642809
-0.518659
-2.71926
0.570871
0.890249
-2.41342
-0.125019
-1.45908
-6.99501
0.666292
-1.15221
34.1674
0.287181
0.625446
11.7977
-0.182778
-0.483012
-0.0159628
-0.786986
-0.856067
0.22929
-0.789108
1.57686
-0.181504
3.34592
22.7746
1.2607
-8.53284
3.75226
-1.54417
-0.733922
0.31413
39.1109
3.84389
0.650813
0.0109024
-7.94637
1.31782
6.44063
-2.26624
1.1973
-26.3756
-14.6978
-0.660866
0.188029
-2.39617
0.204032
-0.547741
0.0836164
-6.16378
0.172401
0.0843454
-0.492456
0.426102
-1.02702
-0.279207
-0.049025
3.30333
-0.293068
-20.6284
0.393505
-1.54767
-12.6334
-9.31035
0.184324
-1.33554
-0.0333323
-0.248389
-0.451758
-0.391882
-6.30935
0.033112
1.93857
-0.808507
-0.591936
-0.57393
0.689404
0.221061
-0.0423046
0.263723
1.57432
-0.386866
1.11309
3.09668
0.33139
-0.524675
-0.536377
-0.166045
-0.726504
0.166294
0.00375168
-0.538644
13.5804
-1.26945
-1.47662
-0.809302
-0.753978
0.967512
-0.177196
-0.0193294
0.325637
0.0318792
-3.46372
0.368812
-2.1387
0.423548
-2.00504
-0.321665
0.774913
-0.144318
-0.234727
-1.68475
0.968045
-0.0102534
-4.50788
0.367455
-0.811364
-0.523822
0.352677
-14.7777
0.990934
-18.6923
-1.20685
-13.8128
0.787359
0.461065
0.0533103
0.459133
-1.18211
0.506352
-1.77488
6.04308
0.970077
-0.373076
-0.865784
0.858973
17.0332
0.746596
-0.445112
0.444956
-1.39942
3.85134
0.785496
-2.11181
1.57599
-0.642145
2.39031
0.389799
0.69541
-0.847103
-0.0113411
-0.436168
4.41776
-0.49083
0.472149
0.210945
0.317804
1.46262
1.04235
-0.0736175
-0.821359
43.7503
-0.485693
0.450049
0.685452
0.652306
2.24963
0.338407
9.04218
-1.64263
-0.834168
-0.0612177
-0.69274
0.211983
-1.31622
3.61084
-0.146026
-1.33996
-0.421958
0.955546
-1.12583
-1.26078
0.990536
0.286531
-1.34441
-0.203936
0.840249
0.0523023
0.591595
-0.375786
0.244325
0.86895
-11.7774
-1.14342
1.03355
0.0506683
-4.91587
-2.02891
-0.493558
-0.299499
3.09047
2.40702
0.689867
-0.00608579
0.949583
0.0428685
0.0150374
-1.14905
-0.00612436
-0.069874
-2.20955
-87.1768
-0.117351
-0.0727127
21.9144
-1.25496
0.774108
-0.296717
0.0554352
-0.98981
-5.03715
0.865659
-1.30193
0.595628
-4.53041
3.19265
0.439665
-2.39365
1.51696
0.231695
0.0635477
-0.665863
0.383046
7.55631
0.482871
0.723835
-0.823194
-2.51367
2.60192
1.04664
-0.212585
0.886453
0.833233
-0.0601761
0.0509364
1.65011
-2.28372
16.8651
-0.400015
-0.0954731
0.190232
0.891361
0.16719
-2.55823
-0.328705
-0.228566
0.157918
1.31724
-0.313498
-0.697782
-0.896323
-1.9928
-0.592049
-1.22336
-10.452
1.16539
0.371794
-1.61731
1.67354
0.417336
7.17772
0.181812
0.953766
-0.742589
-0.35181
-0.307623
0.433962
8.13151
19.2124
1.45665
-0.691283
0.242599
-0.183366
1.46655
19.1566
0.953769
-65.811
-0.428116
1.16225
-1.2606
-1.31264
0.30737
-0.968248
0.170585
17.5537
-2.31387
3.16412
-0.702898
3.32809
-7.12553
-34.5548
4.3398
0.551586
-0.0924329
-0.428852
-1.52962
-0.256802
0.268693
7.60815
-0.994036
1.01018
-1.05997
0.743636
2.19333
0.152428
-1.02461
1.44337
0.219151
-5.48364
0.671884
2.06888
-1.35891
-0.575642
-1.44365
8.50898
-0.178733
-0.994315
-3.36051
0.144874
10.4487
-0.759588
1.12942
0.613435
-0.174688
-6.74831
-1.16486
-5.55048
3.5334
26.8965
-0.182659
-0.727144
-2.14833
6.41734
0.119399
0.610246
-0.434833
5.44545
-0.258059
3.93344
0.362656
-1.00287
-1.78797
5.77331
2.21692
3.79501
0.053746
-29.9082
1.31209
8.37737
1.90968
-4.29316
-2.57812
-0.80016
0.312095
-0.92804
-0.955826
-0.595955
-4.304
1.5101
2.26322
1.30515
-4.42252
1.0865
-0.997362
-0.30001
0.0298863
-6.28332
-6.97256
-0.135753
-2.42527
-1.36482
0.199051
1.24392
-7.90144
-1.28963
0.362471
-1.18689
-0.737482
1.72815
0.154581
0.439368
-11.0401
-0.118503
-1.35057
1.13328
-0.284853
-0.395821
0.918247
-1.66846
-0.747511
2.29986
1.56648
3.52039
2.74948
0.258536
-0.0220429
2.27145
1.2712
-0.189269
0.268445
-1.31418
-57.33
10.1845
-0.224896
0.652541
1.84561
1.25588
-2.30254
-1.34412
4.13537
0.489581
-0.0416944
-0.846563
8.12456
-0.193961
-63.2583
0.218105
0.112978
1.13789
0.601852
0.582261
-0.101249
17.8751
-0.203944
0.690257
1.71817
-2.57682
0.349154
-74.2753
1.53314
1.01063
-0.148542
-0.442278
0.00378074
-1.70966
0.0702453
1.59698
1.65117
426.32
0.119891
60.0306
-0.650913
0.672008
-0.0805082
960.153
-1.02875
1.41648
-1.08057
1.38577
-8.26764
-1.03048
2.77997
0.248421
-3.87518
-1.89751
0.301437
-0.92139
1.47488
0.72142
-0.88766
-0.0124566
1.20982
-0.823475
16.8212
-1.16492
-0.826573
0.647719
-1.24962
-0.622396
13.0347
-7.5482
0.524293
0.295005
1.06027
-1.17619
0.0667717
0.0652889
0.477023
-1.44532
-0.571487
-2.32021
-1.52242
-3.40923
0.912566
-0.98388
1.36905
7.57786
1.17483
0.356147
2.14352
-0.101541
0.456196
10.7781
16.5502
-1.41012
-0.689426
0.322834
32.7362
1.43799
9.24587
3.36342
-4.72632
0.875351
-12.3749
2.19191
-8.38248
3.23581
-0.378353
0.560102
-8.20031
0.60221
-0.434376
-1.07494
0.905012
-0.209716
0.349142
-0.0629548
-0.770618
1.73966
-1.12566
-1.52276
-2.86421
-0.289324
1.71509
-9.59726
0.558831
3.98768
-1.48556
-0.163286
1.80618
-7.54609
-0.769658
0.526862
-0.753416
1.03603
0.645289
1.55307
-2.68537
-2.1375
-2.3515
0.878659
-1.55677
0.202839
-0.896602
-6.989
0.019821
-0.240129
5.56902
0.481932
-2.59323
-2.0611
0.14964
-1.35068
0.9206
-0.341547
-1.65759
-5.59818
-7.61174
-1.54277
-1.0637
0.037118
0.819842
0.405378
-1.6522
0.67959
0.215509
-6.14498
-1.56098
3.41527
-0.404126
0.965775
1.25718
1.20724
-0.0203092
1.47412
-0.348586
0.343004
-0.163399
-0.830116
0.562515
-2.3323
-1.22812
-0.00782253
1.05665
0.135517
0.986819
1.72622
-0.524874
2.38019
0.910155
-0.274103
-0.793517
-2.20257
0.0301452
0.00606114
0.814829
2.49275
8.35042
0.500742
0.111461
-0.342901
-0.263061
-0.170164
-0.278474
0.703914
-0.347204
-2.35705
3.45218
1.30324
1.97995
1.01718
0.353296
0.774556
2.04933
-1.13276
1.31521
0.0960978
0.123554
-0.998734
-0.613705
3.15885
0.682551
-4.1191
0.278073
-0.147649
6.21498
-1.17851
1.39513
0.828572
-1.77122
1.50509
1.26829
-1.05085
-1.46237
-0.49925
0.320281
-3.98055
-1.54556
-0.363886
-3.94065
0.509328
-4.587
0.408403
-1.8623
10.7112
0.696531
2.24673
-0.379095
-1.03892
-0.644901
-0.315285
-2.12893
1.71971
-1.21942
-2.29649
-0.0619114
0.584468
-0.155078
-1.39125
0.364617
0.193815
1.80981
0.19114
-0.159782
1.6976
-0.487102
1.72989
0.404981
-4.17768
0.906047
0.958388
0.0418195
1.16197
2.78867
-4.96381
1.70344
-0.13138
-0.255263
-0.276883
10.6551
-1.3603
-9.56597
2.81057
-0.668927
0.335434
-0.390154
0.423982
1.72455
1.67488
1.41581
-0.788821
-0.326339
214.867
0.350664
-5.61525
1.37033
-5.07366
-1.47162
-0.747769
-0.460199
0.036938
0.304243
0.707005
0.193144
-3.35884
-0.0783127
1.0046
1.50195
0.771354
0.985102
0.279126
0.0975945
3.21005
5.60849
-0.500665
0.471581
-0.0081847
-3.06883
-0.380339
-2.03666
-0.7441
7.71386
0.46797
-0.119614
0.863488
-4.04465
-0.82794
-0.253885
2.40627
1.57027
0.484723
-0.0797391
-46.5951
2.07284
1.34094
1.22652
0.0897637
0.420028
0.969589
-0.15748
1.11706
-1.73285
0.539641
0.320208
0.12498
-0.570668
-0.556922
-0.619557
-0.401367
-10.8175
-0.222957
0.38169
-1.32208
1.10168
0.54534
0.0203386
1.54751
-0.232209
1.0699
1.05918
-2.30523
-2.56806
0.204819
-1.95547
-0.0321156
-0.880632
4.89286
4.62325
-4.97309
1.07696
1.13944
-0.093277
3.01887
-0.100025
2.80437
-0.378069
0.379386
1.81715
2.29953
83.7346
0.0334445
-2.45649
-0.392442
-1.22708
2.632
-0.609059
-2.08463
0.130324
-3.42185
15.9829
-0.638172
-0.674824
-0.673572
-1.6132
-0.260682
1.29228
6.80076
-0.496686
0.209325
-7.83467
-1.68589
1.00374
-14.4399
1.18898
-3.66592
-3.15225
-0.70226
0.384664
-3.3693
0.28461
-11.2889
-0.336082
0.106991
-3.60922
-0.291091
0.0422827
1.29465
0.665703
-32.3211
13.0003
-0.986494
3.77649
0.74291
-2.93873
-4.08719
-1.25486
0.356436
5.79014
1.18738
0.131484
-4.44496
-1.19508
-0.147431
-0.77487
-1.57599
0.272522
1.11275
0.141278
-0.260142
0.608072
1.0957
1.15358
-0.182181
0.307246
0.373775
-0.280096
7.67009
-0.384101
2.50702
-0.177075
0.452646
-1.13171
0.437645
-2.24452
5.63274
0.175433
0.295712
0.877392
-1.93998
-5.80409
-0.838326
0.488174
0.0231121
3.51836
61.5828
-0.0884994
2.31669
2.84686
-6.77501
0.392681
-0.603213
0.334331
-3.57761
-2.23122
-1.97294
0.820588
-1.65954
-0.540815
0.267604
-0.361752
-0.403005
-1.11262
-2.55028
-0.41669
0.763279
-0.96573
-3.95614
0.435556
-0.775405
3.14693
-0.431296
0.259917
0.296227
0.68866
1.3018
-0.284671
0.0397087
0.378577
0.114047
1.24631
-0.472382
1.01318
-3.30641
-12.3728
2.61346
0.739571
-4.66251
-0.944658
0.0685568
-1.76914
-8.07232
0.692919
-0.141727
-5.69816
1.26523
0.0508843
16.729
-12.6212
0.223845
-0.408275
-20.3006
0.15585
0.191933
-0.832351
-4.23141
0.87358
-5.99279
-1.37618
2.34571
-0.596479
-0.0555608
-0.113888
0.0475837
1.24883
-2.6629
0.353059
0.143436
-0.792183
-0.21495
0.318055
0.775015
-0.744816
1.18699
-0.406344
4.70502
-0.733917
2.06514
10.8779
1.55194
-1.39017
1.82869
-0.249793
-0.676072
-1.85618
2.0653
-1.80476
0.0721771
-19.5488
0.449728
0.854938
-0.285829
-1.29759
1.46888
0.181007
-1.30939
-1.15155
0.122647
-1.91525
23.3696
4.47657
-0.154773
-0.906137
-1.29456
-0.481599
0.276669
5.91467
2.40319
-3.65724
0.262235
6.94468
1.05588
-1.20243
2.93819
-0.550833
3.63883
0.374643
-7.34758
-1.56939
-17.0644
0.317339
-2.0453
0.871662
3.67437
0.483134
1.81043
0.879801
-0.564851
1.17797
-0.200108
-1.31349
4.58371
4.34524
-0.226432
0.04987
-3.17004
-0.322058
-0.773493
-1.2083
1.94517
0.0671989
1.13666
-1.41528
-3.63038
47.5488
0.748565
-1.32051
0.836911
-2.74602
0.000323173
-2.52404
2.20103
0.161854
-0.558702
-0.558814
1.31586
-2.02768
2.34279
0.0703694
2.11381
-0.410509
-0.473781
-0.993076
-0.471364
2.13075
0.873382
0.662437
-1.47534
6.89998
-0.68773
0.857116
-2.29978
-0.554043
-1.91913
0.892795
-5.00425
4.74423
-6.3707
-2.66411
-0.248302
-0.405903
-1.27893
-0.542295
-0.409297
-0.114291
-0.401682
-0.378629
17.2966
-0.595687
-0.374305
-0.486542
1.1188
8.53257
1.83906
0.33265
0.119498
4.48978
0.702711
-0.0521406
-0.253147
0.294199
-0.422318
-0.833414
0.0218505
0.645363
-0.422605
-0.276018
-0.252157
-12.8172
1.50977
1.11651
0.49626
-0.12494
0.983738
3.59499
-0.64058
1.7694
-0.32456
-0.75876
-1.34843
-1.14864
2.24639
-0.117354
0.0725357
-0.427535
-6.40947
1.63737
0.431172
0.350269
-0.316338
1.30214
0.134627
-2.53078
-1.11415
0.733945
0.696086
5.65458
1.17822
0.622186
101.093
0.326957
0.0284252
1.45155
-1.72167
-36.1058
-3.14337
-2.15846
0.419279
-0.850717
1.78099
2.1831
-4.62474
-16.8728
0.448449
0.776248
2.07155
-0.66803
0.0253499
0.521611
0.301486
48.6486
-0.0279669
9.32024
-0.386312
-2.40178
-3.00417
3.09046
-1.94327
0.963415
0.780565
-0.415115
4.49461
0.211598
-0.689989
0.469779
-1.67418
-1.45221
5.88292
-0.469833
-0.183315
-0.208824
0.436945
-1.14083
-0.832609
0.185095
-1.15627
0.631034
5.94822
-0.914243
-0.418245
5.8001
0.784486
0.173455
-1.19516
-11.5736
-0.719709
1.74849
1.2204
-0.70514
73.6256
-2.55236
0.134983
-1.65321
0.675879
-2.6727
-0.318598
-0.567793
0.8172
-0.162623
2.02456
-0.868241
-0.23114
0.00440454
0.364167
0.940482
7.5107
-2.98049
-1.06698
-0.944573
1.58756
1.30052
0.064819
1.42595
1.66584
2.6762
9.41084
0.649416
1.8791
-0.453128
-0.764046
111.285
-0.225999
0.39507
-3.9565
3.09954
0.279106
0.707104
1.05659
-0.218775
-1.64158
-12.2709
0.124104
1.48769
-0.693455
-0.0662129
-13.5966
3.17332
-0.733896
-1.33349
1.07018
-1.18278
-0.313806
1.25796
0.207148
-3.68585
2.47099
-0.59966
-0.223868
-0.638877
0.75936
0.452122
-0.76618
-1.24937
1.86112
-0.386433
-0.8747
-6.54561
-22.6157
-36.9235
0.0236251
-8.29903
1.00569
-4.50785
-8.20185
-1.85647
-106.595
0.133283
-7.49515
-3.9419
0.0326174
1.07133
1.92895
-2.68229
5.00534
-0.511829
-1.35937
-0.267807
-2.61207
5.49062
-0.643909
-4.37485
0.728529
3.23815
0.522911
0.141801
-1.38354
1.58475
0.235063
-3.02653
-1.90209
0.308302
2.41394
1.18429
0.86783
-15.4217
5.25273
-18.6826
-2.31295
-0.982695
11.7744
1.03823
-1.147
-0.371206
-0.380444
-0.431461
0.381249
-1.41915
-1.9016
-0.0444414
-2.93948
-0.54661
0.619258
-2.76203
0.778065
0.762107
-0.739204
2.14722
0.00948733
-0.929501
0.292403
5.48938
3.61512
-0.11361
1.38368
0.216116
-1.89291
3.773
-0.12964
8.33476
-0.889994
-7.26544
-16.5484
0.365491
0.75095
-9.48264
0.128068
-1.84796
0.803918
0.261454
2.37635
-1.38764
1.12294
0.260983
2.83686
0.108869
2.7662
-19.1504
-1.54109
-0.324537
-6.43679
-2.13639
0.646695
-5.83987
-1.89794
1.27907
0.823502
19.2221
0.466896
1.69774
-3.27279
1.72045
-0.673929
0.259339
-16.0714
-0.264054
0.475937
1.21088
-0.213032
-0.201021
-5.21648
-1.41615
-0.856323
77.0148
-9.07614
1.15829
0.640907
3.95693
0.576887
-2.466
-0.965257
-0.732024
0.222447
2.07966
-0.038582
0.0685886
1.01486
7.29566
0.332738
8.00873
0.269636
0.353773
-24.3054
-3.68855
-0.0575986
-0.208028
-3.00272
0.0726699
-1.22012
0.435278
-4.05257
1.61362
-2.01213
0.913083
-1.77484
-3.98811
-6.9285
0.414263
4.51857
-0.77162
0.127054
-5.34657
6.36309
-0.475853
-2.88433
2.29404
0.213799
0.860963
-0.100795
0.595296
-1.90913
-3.36977
0.0146172
-7.40479
-11.5827
-0.246556
-3.26665
0.30125
0.260642
2.13719
-0.195186
0.836798
1.2365
-1.48605
-0.0998711
0.488702
-2.56041
-2.14556
7.58426
0.76431
-6.52791
-1.70335
-0.949606
-0.0189588
7.97168
1.84667
1.00222
3.20691
2.28101
0.676558
-0.698382
0.721166
0.324119
0.0500468
-0.284836
9.04894
0.780741
0.0981617
0.67471
-120.308
-4.0205
-4.13006
1.26989
0.0621921
-0.278774
-1.09843
-0.71224
1.80403
-0.959993
0.467529
-0.182256
0.13698
0.106027
-2.06627
-274.867
0.0183348
-0.810758
0.47932
36.2194
0.427565
-0.319292
-0.267734
-0.0697388
-0.695296
-0.114726
0.660224
-0.255568
1.19353
-0.116833
0.494491
-0.774926
-19.1759
-0.670822
0.890206
0.22411
-0.593171
0.842973
-6.91144
-0.190261
-1.14095
0.52584
1.94115
1.39077
-0.0974845
5.57136
0.0562583
-0.227634
-1.91304
-1.04557
0.645879
0.040253
0.584039
1.23434
4.40503
0.697804
-27.5312
-3.03126
-0.773785
1.34343
-0.382567
0.258108
-0.0966037
-0.506655
-0.536534
-1.83348
-4.69425
-1.00146
-1.84821
0.278677
0.509213
1.33578
1.59881
-0.693436
-8.29206
-0.748289
2.37406
-0.290447
2.2544
-2.15155
-1.33315
-0.449423
4.54658
-1.06477
-0.301469
6.99452
5.54937
-1.27207
0.201173
2.02342
-0.770886
-7.08763
1.12192
0.0331834
1.76386
5.86349
2.39873
0.711105
-2.78487
3.88039
0.0353801
-0.9433
-0.338009
0.497751
-1.05989
0.76871
0.189405
-1.41095
-27.0816
17.1067
0.704132
-3.35833
0.631327
-0.0887255
-0.385658
0.295777
1.1974
0.530555
-0.483197
2.34871
-0.605438
-0.376446
183.078
3.09384
-1.38005
1.72105
-0.93424
0.273156
-0.524602
-0.327341
-4.17781
0.115237
-1.43461
-3.09091
0.898073
1.08637
0.0464072
-0.0842749
-1.92581
-1.97966
0.83387
0.843785
0.371862
1.54258
-1.80208
0.812644
-0.993451
-48.4457
-0.0328406
6.47027
1.45089
2.07365
-1.18517
0.653864
2.51968
-2.05167
-0.268151
-2.95303
60.6136
-0.892159
0.426822
125.097
-0.256647
0.119593
-0.457024
8.07075
-0.780259
-0.396938
-3.67281
-4.07309
-0.150715
-0.261936
7.08008
0.233523
-1.23209
-19.6872
1.85917
0.331301
0.331196
-0.0771206
-0.471252
1.15586
-2.06198
0.44759
-1.73211
0.667858
-0.0618899
-9.50737
1.02839
-1.79553
-0.563834
0.0946014
0.971578
2.30107
26.7601
0.0244637
-0.816977
1.58268
0.584828
-0.0561625
3.94824
0.922919
-0.529329
-0.404096
-0.684897
0.318834
-0.154404
0.0119591
-0.907864
-1.17729
-2.71651
-0.528532
4.82336
0.368328
-1644.13
3.99998
-1.41641
0.602028
5.11906
0.582822
-0.206424
-1.51038
-64.9841
2.30205
-1.39202
0.314227
3.20274e-05
0.343935
-2.87648
-0.460764
-0.787444
1.21762
-0.204555
0.332017
1.41275
1.86868
-0.478535
0.755842
-0.214195
0.0345054
0.385654
2.76212
0.997101
-0.701875
-1.30784
0.838616
-1.39218
0.646498
