           1      1.2101      1.2101           0
           2     1.21088     1.21049  0.00027457
           3     1.21259     1.21119 0.000599464
           4     1.20595     1.20988   0.0012205
           5     1.21837     1.21158  0.00180623
           6     1.19162     1.20825  0.00338844
           7     1.21452     1.20915  0.00302033
           8     1.20156      1.2082   0.0027876
           9     1.20451     1.20779  0.00250774
          10     1.20604     1.20761  0.00226307
          11      1.2033     1.20722  0.00209111
          12     1.21966     1.20826  0.00215841
          13     1.18775     1.20668  0.00250347
          14     1.20892     1.20684  0.00232975
          15     1.20308     1.20659  0.00218789
          16     1.20379     1.20641  0.00205811
          17     1.21463      1.2069  0.00199293
          18      1.2018     1.20661  0.00190221
          19     1.22262     1.20746   0.0019798
          20      1.2027     1.20722  0.00189505
          21     1.20548     1.20714  0.00180661
          22     1.21052     1.20729  0.00173104
          23     1.21808     1.20776  0.00171813
          24     1.19349     1.20716  0.00174633
          25     1.19911     1.20684  0.00170593
          26     1.20682     1.20684  0.00164032
          27     1.21392      1.2071  0.00160039
          28     1.20227     1.20693  0.00155252
          29      1.2076     1.20695  0.00149915
          30     1.21069     1.20708  0.00145434
          31     1.21243     1.20725  0.00141765
          32     1.20674     1.20724  0.00137343
          33     1.19945       1.207  0.00135191
          34     1.21235     1.20716  0.00132129
          35     1.21069     1.20726  0.00128739
          36     1.20183     1.20711  0.00126043
          37     1.20336     1.20701  0.00123042
          38     1.20459     1.20694  0.00119969
          39     1.20902       1.207  0.00117011
          40     1.20662     1.20699  0.00114089
          41     1.19864     1.20678  0.00113107
          42     1.20586     1.20676  0.00110436
          43     1.20174     1.20664  0.00108484
          44     1.21007     1.20672  0.00106297
          45     1.21326     1.20687  0.00104923
          46     1.20552     1.20684  0.00102683
          47     1.20162     1.20673  0.00101097
          48     1.21223     1.20684 0.000996385
          49     1.20423     1.20679 0.000977474
          50     1.19572     1.20657 0.000982686
