1 1.55        1.55           0
2 1.54985     1.54993 5.28223e-05
3 1.5494     1.54975 0.000146532
4 1.54866     1.54948  0.00026116
5 1.54761      1.5491  0.00039347
6 1.54627     1.54863 0.000541333
7 1.54464     1.54806 0.000703229
8 1.54271     1.54739    0.000878
9 1.54048     1.54662  0.00106472
10 1.53796     1.54576  0.00126259
11 1.53514     1.54479  0.00147096
12 1.53204     1.54373  0.00168928
13 1.52864     1.54257    0.001917
14 1.52496     1.54131  0.00215367
15 1.52098     1.53996  0.00239887
16 1.51672      1.5385  0.00265223
17 1.51218     1.53696  0.00291338
18 1.50736     1.53531  0.00318197
19 1.50225     1.53357  0.00345774
20 1.49686     1.53174  0.00374049
21 1.49119      1.5298  0.00403003
22 1.48524     1.52778  0.00432614
23 1.47901     1.52566  0.00462863
24 1.4725     1.52344  0.00493733
25 1.46572     1.52113   0.0052521
26 1.45865     1.51873   0.0055728
27 1.45131     1.51623  0.00589933
28 1.4437     1.51364  0.00623152
29 1.43581     1.51096  0.00656923
30 1.42765     1.50818  0.00691233
31 1.41922     1.50531  0.00726069
32 1.41052     1.50235  0.00761416
33 1.40155      1.4993  0.00797261
34 1.39232     1.49615  0.00833589
35 1.38282     1.49291  0.00870387
36 1.37307     1.48958  0.00907643
37 1.36305     1.48616  0.00945341
38 1.35278     1.48265  0.00983468
39 1.34227     1.47905   0.0102201
40 1.3315     1.47536   0.0106094
41 1.32049     1.47159   0.0110026
42 1.30924     1.46772   0.0113994
43 1.29776     1.46377   0.0117997
44 1.28604     1.45973   0.0122033
45 1.2741     1.45561     0.01261
46 1.26194      1.4514   0.0130198
47 1.24956      1.4471   0.0134323
48 1.23698     1.44272   0.0138474
49 1.22419     1.43826    0.014265
50 1.2112     1.43372   0.0146848
51 1.19802      1.4291   0.0151066
52 1.18465      1.4244   0.0155303
53 1.17111     1.41962   0.0159556
54 1.15741     1.41476   0.0163824
55 1.14354     1.40983   0.0168104
56 1.12952     1.40483   0.0172394
57 1.11535     1.39975   0.0176691
58 1.10105      1.3946   0.0180994
59 1.08663     1.38938   0.0185301
60 1.07209     1.38409   0.0189608
61 1.05745     1.37874   0.0193914
62 1.04271     1.37332   0.0198215
63 1.02789     1.36783   0.0202511
64 1.013     1.36229   0.0206797
65 0.998042     1.35669   0.0211071
66 0.983039     1.35102   0.0215332
67 0.967999     1.34531   0.0219575
68 0.952935     1.33954     0.02238
69 0.937859     1.33372   0.0228002
70 0.922785     1.32785   0.0232179
71 0.907724     1.32193   0.0236329
72 0.89269     1.31597   0.0240448
73 0.877697     1.30996   0.0244535
74 0.862758     1.30392   0.0248586
75 0.847887     1.29784   0.0252598
76 0.833097     1.29172    0.025657
77 0.818403     1.28558   0.0260497
78 0.803817      1.2794   0.0264378
79 0.789354      1.2732    0.026821
80 0.775028     1.26697    0.027199
81 0.760853     1.26072   0.0275716
82 0.74684     1.25446   0.0279385
83 0.733005     1.24817   0.0282995
84 0.71936     1.24188   0.0286542
85 0.705918     1.23557   0.0290026
86 0.692691     1.22926   0.0293443
87 0.679693     1.22294   0.0296791
88 0.666934     1.21662   0.0300069
89 0.654426     1.21031   0.0303273
90 0.642181     1.20399   0.0306403
91 0.63021     1.19769   0.0309455
92 0.618522     1.19139   0.0312429
93 0.607128     1.18511   0.0315323
94 0.596037     1.17885   0.0318135
95 0.585258      1.1726   0.0320863
96 0.574798     1.16637   0.0323507
97 0.564666     1.16017   0.0326065
98 0.554868     1.15399   0.0328536
99 0.545411     1.14784   0.0330918
100 0.5363     1.14173   0.0333212
101 0.52754     1.13565   0.0335416
102 0.519137      1.1296   0.0337529
103 0.511092      1.1236   0.0339552
104 0.50341     1.11763   0.0341483
105 0.496093     1.11171   0.0343323
106 0.489142     1.10584   0.0345072
107 0.482559     1.10002   0.0346728
108 0.476344     1.09424   0.0348294
109 0.470496     1.08852   0.0349768
110 0.465015     1.08285   0.0351151
111 0.4599     1.07724   0.0352444
112 0.455148     1.07168   0.0353646
113 0.450756     1.06619    0.035476
114 0.446723     1.06076   0.0355785
115 0.443044     1.05538   0.0356723
116 0.439715     1.05008   0.0357575
117 0.436731     1.04483   0.0358341
118 0.434087     1.03966   0.0359022
119 0.431777     1.03455   0.0359621
120 0.429796     1.02951   0.0360138
121 0.428136     1.02454   0.0360575
122 0.426792     1.01964   0.0360933
123 0.425755     1.01481   0.0361213
124 0.425019     1.01006   0.0361418
125 0.424577     1.00537   0.0361549
126 0.424419     1.00076   0.0361608
127 0.424539    0.996224   0.0361596
128 0.424927    0.991761   0.0361515
129 0.425575    0.987372   0.0361367
130 0.426475    0.983057   0.0361154
131 0.427618    0.978817   0.0360877
132 0.428994    0.974652   0.0360539
133 0.430596    0.970561   0.0360141
134 0.432413    0.966545   0.0359686
135 0.434437    0.962604   0.0359175
136 0.43666    0.958737    0.035861
137 0.439071    0.954943   0.0357993
138 0.441661    0.951224   0.0357325
139 0.444422    0.947578    0.035661
140 0.447346    0.944005   0.0355848
141 0.450422    0.940504   0.0355042
142 0.453643    0.937076   0.0354194
143 0.457001    0.933718   0.0353304
144 0.460485    0.930432   0.0352376
145 0.464089    0.927216    0.035141
146 0.467805    0.924069   0.0350409
147 0.471623    0.920991   0.0349375
148 0.475536    0.917982   0.0348308
149 0.479536    0.915039   0.0347211
150 0.483615    0.912163   0.0346086
151 0.487767    0.909352   0.0344933
152 0.491985    0.906606   0.0343755
153 0.496261    0.903924   0.0342553
154 0.500588    0.901305   0.0341328
155 0.50496    0.898748   0.0340083
156 0.50937    0.896252   0.0338817
157 0.513813    0.893816   0.0337534
158 0.518283     0.89144   0.0336233
159 0.522773    0.889121   0.0334917
160 0.527278    0.886859   0.0333587
161 0.531794    0.884654   0.0332243
162 0.536314    0.882504   0.0330887
163 0.540834    0.880408    0.032952
164 0.545349    0.878365   0.0328144
165 0.549855    0.876374   0.0326758
166 0.554347    0.874434   0.0325365
167 0.558822    0.872544   0.0323965
168 0.563276    0.870703    0.032256
169 0.567706     0.86891   0.0321149
170 0.572106    0.867164   0.0319734
171 0.576476    0.865464   0.0318316
172 0.580809    0.863809   0.0316895
173 0.585105    0.862198   0.0315473
174 0.58936     0.86063   0.0314049
175 0.593571    0.859104   0.0312625
176 0.597735    0.857619   0.0311201
177 0.60185    0.856174   0.0309778
178 0.605915    0.854768   0.0308357
179 0.609926      0.8534   0.0306937
180 0.613882     0.85207    0.030552
181 0.617781    0.850775   0.0304107
182 0.62162    0.849516   0.0302696
183 0.625399    0.848291    0.030129
184 0.629116      0.8471   0.0299888
185 0.632768    0.845942    0.029849
186 0.636354    0.844815   0.0297098
187 0.639873    0.843719   0.0295712
188 0.643323    0.842653   0.0294331
189 0.646703    0.841616   0.0292956
190 0.650013    0.840608   0.0291588
191 0.65325    0.839627   0.0290226
192 0.656414    0.838673   0.0288871
193 0.659503    0.837744   0.0287524
194 0.662517    0.836841   0.0286183
195 0.665453    0.835962   0.0284851
196 0.66831    0.835107   0.0283526
197 0.671088    0.834274   0.0282209
198 0.673786    0.833464     0.02809
199 0.676402    0.832674   0.0279599
200 0.678935    0.831906   0.0278307
201 0.681385    0.831157   0.0277023
202 0.683752    0.830427   0.0275748
203 0.686034    0.829716   0.0274481
204 0.68823    0.829022   0.0273223
205 0.690339    0.828346   0.0271974
206 0.692362    0.827686   0.0270734
207 0.694298    0.827041   0.0269503
208 0.696146    0.826412    0.026828
209 0.697905    0.825797   0.0267067
210 0.699575    0.825196   0.0265863
211 0.701156    0.824608   0.0264668
212 0.702647    0.824033   0.0263482
213 0.704047     0.82347   0.0262305
214 0.705357    0.822918   0.0261138
215 0.706576    0.822377   0.0259979
216 0.707705    0.821846    0.025883
217 0.708742    0.821324   0.0257689
218 0.709689    0.820812   0.0256558
219 0.710546    0.820309   0.0255436
220 0.711314    0.819813   0.0254323
221 0.711994    0.819326   0.0253219
222 0.712586    0.818845   0.0252124
223 0.71309    0.818371   0.0251038
224 0.713507    0.817902   0.0249961
225 0.713838     0.81744   0.0248893
226 0.714084    0.816983   0.0247834
227 0.714246     0.81653   0.0246783
228 0.714326    0.816082   0.0245741
229 0.714324    0.815637   0.0244709
230 0.714242    0.815196   0.0243684
231 0.714083    0.814759   0.0242669
232 0.713848    0.814324   0.0241662
233 0.713538    0.813891   0.0240663
234 0.713157    0.813461   0.0239673
235 0.712707    0.813032   0.0238692
236 0.71219    0.812605   0.0237719
237 0.711609    0.812179   0.0236754
238 0.710965    0.811753   0.0235797
239 0.710263    0.811329   0.0234849
240 0.709505    0.810904   0.0233909
241 0.708693     0.81048   0.0232976
242 0.707832    0.810056   0.0232052
243 0.706924    0.809632   0.0231136
244 0.705971    0.809207   0.0230228
245 0.704979    0.808781   0.0229328
246 0.70395    0.808355   0.0228435
247 0.702889    0.807928    0.022755
248 0.7018      0.8075   0.0226673
249 0.700686    0.807071   0.0225803
250 0.69955    0.806641   0.0224941
251 0.698395     0.80621   0.0224086
252 0.697226    0.805778   0.0223238
253 0.696046    0.805344   0.0222398
254 0.694859    0.804909   0.0221565
255 0.693669    0.804473   0.0220739
256 0.692479    0.804035    0.021992
257 0.691294    0.803596   0.0219108
258 0.690118    0.803157   0.0218303
259 0.688954    0.802716   0.0217505
260 0.687805    0.802274   0.0216713
261 0.686675    0.801831   0.0215928
262 0.685566    0.801387   0.0215149
263 0.684482    0.800943   0.0214377
264 0.683428    0.800497   0.0213611
265 0.682406    0.800052   0.0212852
266 0.681419    0.799606   0.0212098
267 0.680469     0.79916   0.0211351
268 0.679561    0.798713   0.0210609
269 0.678696    0.798267   0.0209874
270 0.677876    0.797821   0.0209144
271 0.677105    0.797376    0.020842
272 0.676384    0.796931   0.0207701
273 0.675717    0.796487   0.0206987
274 0.675104    0.796044   0.0206279
275 0.674548    0.795602   0.0205577
276 0.67405    0.795162   0.0204879
277 0.673614    0.794723   0.0204186
278 0.673239    0.794286   0.0203498
279 0.672926    0.793851   0.0202816
280 0.672678    0.793418   0.0202137
281 0.672493    0.792988   0.0201464
282 0.672373     0.79256   0.0200795
283 0.672319    0.792135    0.020013
284 0.672331    0.791713    0.019947
285 0.672409    0.791295   0.0198814
286 0.672554     0.79088   0.0198162
287 0.672764    0.790468   0.0197515
288 0.673042     0.79006   0.0196871
289 0.673387    0.789657   0.0196231
290 0.673797    0.789257   0.0195595
291 0.674274    0.788862   0.0194963
292 0.674815    0.788471   0.0194334
293 0.67542    0.788086   0.0193709
294 0.676091    0.787705   0.0193088
295 0.676826    0.787329    0.019247
296 0.677622    0.786958   0.0191855
297 0.67848    0.786593   0.0191244
298 0.679398    0.786233   0.0190636
299 0.680374    0.785879   0.0190031
300 0.681407    0.785531    0.018943
301 0.682495    0.785189   0.0188831
302 0.683636    0.784852   0.0188236
303 0.68483    0.784522   0.0187644
304 0.686075    0.784198   0.0187055
305 0.687369    0.783881   0.0186468
306 0.688711     0.78357   0.0185885
307 0.690099    0.783265   0.0185304
308 0.691529    0.782968   0.0184727
309 0.693001    0.782677   0.0184152
310 0.694513    0.782392    0.018358
311 0.696061    0.782115    0.018301
312 0.697645    0.781844   0.0182444
313 0.699264     0.78158    0.018188
314 0.700915    0.781323   0.0181319
315 0.702595    0.781073    0.018076
316 0.704303     0.78083   0.0180205
317 0.706036    0.780594   0.0179652
318 0.70779    0.780365   0.0179101
319 0.709565    0.780143   0.0178554
320 0.711357    0.779928   0.0178009
321 0.713165     0.77972   0.0177466
322 0.714986    0.779519   0.0176926
323 0.716816    0.779325   0.0176389
324 0.718656    0.779138   0.0175855
325 0.7205    0.778958   0.0175323
326 0.722348    0.778784   0.0174794
327 0.724196    0.778617   0.0174267
328 0.726042    0.778457   0.0173743
329 0.727883    0.778303   0.0173222
330 0.729718    0.778156   0.0172703
331 0.731543    0.778015   0.0172187
332 0.733356     0.77788   0.0171674
333 0.735154    0.777752   0.0171163
334 0.736935     0.77763   0.0170655
335 0.738697    0.777514    0.017015
336 0.740437    0.777403   0.0169647
337 0.74215    0.777299   0.0169147
338 0.743836      0.7772   0.0168649
339 0.74549    0.777106   0.0168154
340 0.747111    0.777018   0.0167662
341 0.748696    0.776935   0.0167172
342 0.750243    0.776857   0.0166685
343 0.75175    0.776784   0.0166201
344 0.753215    0.776715   0.0165719
345 0.754635    0.776651    0.016524
346 0.756009    0.776591   0.0164764
347 0.757333    0.776536    0.016429
348 0.758606    0.776484   0.0163819
349 0.759825    0.776437    0.016335
350 0.76099    0.776393   0.0162884
351 0.762098    0.776352    0.016242
352 0.763149    0.776314   0.0161959
353 0.76414     0.77628   0.0161501
354 0.765074    0.776248   0.0161045
355 0.765947    0.776219   0.0160591
356 0.76676    0.776193   0.0160141
357 0.767512    0.776168   0.0159692
358 0.768202    0.776146   0.0159246
359 0.76883    0.776126   0.0158803
360 0.769398    0.776107   0.0158362
361 0.769905     0.77609   0.0157923
362 0.770352    0.776074   0.0157487
363 0.770743    0.776059   0.0157053
364 0.771076    0.776046   0.0156622
365 0.771355    0.776033   0.0156193
366 0.771581    0.776021   0.0155766
367 0.771755    0.776009   0.0155342
368 0.771879    0.775998    0.015492
369 0.771957    0.775987     0.01545
370 0.771991    0.775976   0.0154082
371 0.771986    0.775965   0.0153667
372 0.771944    0.775954   0.0153254
373 0.771869    0.775943   0.0152843
374 0.771764    0.775932   0.0152434
375 0.771633    0.775921   0.0152028
376 0.77148    0.775909   0.0151624
377 0.77131    0.775897   0.0151222
378 0.771128    0.775884   0.0150822
379 0.770937    0.775871   0.0150424
380 0.770743    0.775858   0.0150028
381 0.77055    0.775844   0.0149634
382 0.770362    0.775829   0.0149243
383 0.770185    0.775815   0.0148853
384 0.770024      0.7758   0.0148465
385 0.769882    0.775784    0.014808
386 0.769766    0.775769   0.0147696
387 0.769679    0.775753   0.0147315
388 0.769626    0.775737   0.0146935
389 0.769612    0.775721   0.0146558
390 0.769641    0.775706   0.0146182
391 0.769716     0.77569   0.0145808
392 0.769842    0.775675   0.0145436
393 0.770022    0.775661   0.0145066
394 0.770258    0.775647   0.0144698
395 0.770556    0.775634   0.0144332
396 0.770917    0.775623   0.0143967
397 0.771342    0.775612   0.0143605
398 0.771833    0.775602   0.0143244
399 0.772391    0.775594   0.0142885
400 0.773018    0.775588   0.0142528
401 0.773716    0.775583   0.0142172
402 0.774484     0.77558   0.0141819
403 0.775323     0.77558   0.0141467
404 0.776231    0.775581   0.0141117
405 0.777208    0.775585   0.0140768
406 0.778251    0.775592   0.0140422
407 0.779359    0.775601   0.0140077
408 0.780532    0.775613   0.0139733
409 0.781766    0.775628   0.0139392
410 0.78306    0.775646   0.0139052
411 0.784411    0.775668   0.0138714
412 0.785815    0.775692   0.0138377
413 0.787268     0.77572   0.0138042
414 0.788767    0.775752   0.0137709
415 0.790309    0.775787   0.0137378
416 0.79189    0.775826   0.0137048
417 0.793508    0.775868    0.013672
418 0.795157    0.775914   0.0136394
419 0.796834    0.775964   0.0136069
420 0.798534    0.776018   0.0135746
421 0.800254    0.776076   0.0135425
422 0.80199    0.776137   0.0135106
423 0.803736    0.776202   0.0134788
424 0.805491    0.776271   0.0134472
425 0.80725    0.776344   0.0134157
426 0.809009    0.776421   0.0133845
427 0.810765    0.776501   0.0133534
428 0.812514    0.776585   0.0133224
429 0.814253    0.776673   0.0132917
430 0.81598    0.776765   0.0132611
431 0.81769     0.77686   0.0132306
432 0.819381    0.776958   0.0132004
433 0.82105     0.77706   0.0131703
434 0.822695    0.777165   0.0131404
435 0.824313    0.777273   0.0131106
436 0.825903    0.777385    0.013081
437 0.827464      0.7775   0.0130516
438 0.828991    0.777617   0.0130223
439 0.830484    0.777738   0.0129932
440 0.831941    0.777861   0.0129642
441 0.833359    0.777987   0.0129355
442 0.834739    0.778115   0.0129068
443 0.836078    0.778246   0.0128784
444 0.837376    0.778379     0.01285
445 0.838631    0.778514   0.0128219
446 0.839842    0.778652   0.0127939
447 0.84101    0.778791    0.012766
448 0.842133    0.778933   0.0127383
449 0.843212    0.779076   0.0127107
450 0.844244    0.779221   0.0126833
451 0.845231    0.779367    0.012656
452 0.84617    0.779515   0.0126289
453 0.847061    0.779664   0.0126019
454 0.847904    0.779814    0.012575
455 0.8487    0.779966   0.0125483
456 0.849448    0.780118   0.0125217
457 0.850147    0.780271   0.0124952
458 0.850798    0.780425   0.0124689
459 0.8514     0.78058   0.0124427
460 0.851953    0.780735   0.0124166
461 0.852457    0.780891   0.0123907
462 0.852913    0.781047   0.0123648
463 0.853321    0.781203   0.0123391
464 0.853682    0.781359   0.0123135
465 0.853993    0.781515    0.012288
466 0.854254    0.781671   0.0122626
467 0.854467    0.781827   0.0122374
468 0.854631    0.781983   0.0122122
469 0.854746    0.782138   0.0121872
470 0.854814    0.782292   0.0121622
471 0.854833    0.782446   0.0121374
472 0.854804      0.7826   0.0121126
473 0.854727    0.782752    0.012088
474 0.854604    0.782904   0.0120634
475 0.854434    0.783054    0.012039
476 0.854218    0.783204   0.0120146
477 0.853956    0.783352   0.0119903
478 0.853646    0.783499   0.0119661
479 0.853292    0.783645    0.011942
480 0.852892    0.783789    0.011918
481 0.852447    0.783932   0.0118941
482 0.851958    0.784073   0.0118703
483 0.851427    0.784213   0.0118465
484 0.850852     0.78435   0.0118228
485 0.850236    0.784486   0.0117992
486 0.849578     0.78462   0.0117757
487 0.84888    0.784752   0.0117523
488 0.848145    0.784882   0.0117289
489 0.847373     0.78501   0.0117056
490 0.846564    0.785135   0.0116824
491 0.84572    0.785259   0.0116593
492 0.844843     0.78538   0.0116362
493 0.843935    0.785499   0.0116132
494 0.842999    0.785615   0.0115903
495 0.842034    0.785729   0.0115674
496 0.841045     0.78584   0.0115446
497 0.840032    0.785949   0.0115219
498 0.838998    0.786056   0.0114993
499 0.837946     0.78616   0.0114767
500 0.836876    0.786261   0.0114542
501 0.835793     0.78636   0.0114318
502 0.834698    0.786457   0.0114094
503 0.833593     0.78655   0.0113871
504 0.832481    0.786641   0.0113649
505 0.831366     0.78673   0.0113427
506 0.83025    0.786816   0.0113206
507 0.829137    0.786899   0.0112986
508 0.828029     0.78698   0.0112767
509 0.826931    0.787059   0.0112548
510 0.825843    0.787135    0.011233
511 0.82477    0.787209   0.0112112
512 0.823714     0.78728   0.0111896
513 0.822679    0.787349    0.011168
514 0.821667    0.787416   0.0111464
515 0.820682     0.78748    0.011125
516 0.819726    0.787543   0.0111036
517 0.818803    0.787603   0.0110823
518 0.817916    0.787662    0.011061
519 0.817069    0.787718   0.0110399
520 0.816263    0.787773   0.0110188
521 0.815501    0.787827   0.0109977
522 0.814785    0.787878   0.0109768
523 0.814119    0.787928   0.0109559
524 0.813505    0.787977   0.0109351
525 0.812944    0.788025   0.0109144
526 0.812439    0.788071   0.0108938
527 0.811991    0.788117   0.0108732
528 0.811604    0.788161   0.0108527
529 0.81128    0.788205   0.0108322
530 0.811019    0.788248   0.0108119
531 0.810823     0.78829   0.0107916
532 0.810693    0.788332   0.0107714
533 0.810631    0.788374   0.0107513
534 0.810637    0.788416   0.0107312
535 0.810712    0.788458   0.0107113
536 0.810856    0.788499   0.0106914
537 0.811072    0.788541   0.0106715
538 0.811357    0.788584   0.0106518
539 0.811714    0.788627   0.0106321
540 0.81214     0.78867   0.0106125
541 0.812637    0.788715    0.010593
542 0.813202     0.78876   0.0105735
543 0.813838    0.788806   0.0105542
544 0.814541    0.788853   0.0105349
545 0.815312    0.788902   0.0105156
546 0.816148    0.788952   0.0104965
547 0.81705    0.789003   0.0104774
548 0.818015    0.789056   0.0104585
549 0.819041    0.789111   0.0104395
550 0.820127    0.789167   0.0104207
551 0.821271    0.789225    0.010402
552 0.822471    0.789285   0.0103833
553 0.823725    0.789348   0.0103647
554 0.825031    0.789412   0.0103462
555 0.826388    0.789479   0.0103278
556 0.827792    0.789548   0.0103094
557 0.829241    0.789619   0.0102912
558 0.830731    0.789693    0.010273
559 0.83226    0.789769   0.0102549
560 0.833828    0.789847   0.0102369
561 0.83543    0.789929    0.010219
562 0.837062    0.790013   0.0102011
563 0.838723    0.790099   0.0101834
564 0.840409    0.790188   0.0101657
565 0.842119     0.79028   0.0101481
566 0.843849    0.790375   0.0101306
567 0.845596    0.790472   0.0101132
568 0.847358    0.790572   0.0100959
569 0.849133    0.790675   0.0100787
570 0.850918    0.790781   0.0100616
571 0.852711    0.790889   0.0100445
572 0.854508    0.791001   0.0100276
573 0.856306    0.791115   0.0100107
574 0.858103    0.791231  0.00999398
575 0.859899    0.791351  0.00997732
576 0.86169    0.791473  0.00996074
577 0.863472    0.791598  0.00994426
578 0.865244    0.791725  0.00992787
579 0.867005    0.791855  0.00991158
580 0.868752    0.791988  0.00989538
581 0.870484    0.792123  0.00987927
582 0.872201     0.79226  0.00986325
583 0.873899      0.7924  0.00984733
584 0.875576    0.792543  0.00983149
585 0.877232    0.792688  0.00981575
586 0.878863    0.792835   0.0098001
587 0.880468    0.792984  0.00978455
588 0.882047    0.793135  0.00976908
589 0.883598    0.793289   0.0097537
590 0.885122    0.793445  0.00973841
591 0.886616    0.793602  0.00972321
592 0.888081    0.793762  0.00970809
593 0.889513    0.793923  0.00969306
594 0.890914    0.794087  0.00967812
595 0.892282    0.794252  0.00966326
596 0.893616    0.794418  0.00964849
597 0.894916    0.794587  0.00963379
598 0.896182    0.794757  0.00961918
599 0.897412    0.794928  0.00960465
600 0.898606    0.795101   0.0095902
601 0.899765    0.795275  0.00957582
602 0.900888     0.79545  0.00956152
603 0.901976    0.795627   0.0095473
604 0.903029    0.795805  0.00953314
605 0.904045    0.795984  0.00951907
606 0.905025    0.796164  0.00950506
607 0.905969    0.796345  0.00949112
608 0.906878    0.796526  0.00947725
609 0.907751    0.796709  0.00946345
610 0.908591    0.796892  0.00944971
611 0.909397    0.797077  0.00943604
612 0.910167    0.797261  0.00942243
613 0.910901    0.797447  0.00940888
614 0.911601    0.797633   0.0093954
615 0.912266    0.797819  0.00938197
616 0.912898    0.798006   0.0093686
617 0.913497    0.798193  0.00935528
618 0.914062    0.798381  0.00934202
619 0.914594    0.798568  0.00932882
620 0.915092    0.798756  0.00931566
621 0.915558    0.798944  0.00930256
622 0.91599    0.799133  0.00928951
623 0.916389    0.799321   0.0092765
624 0.916754    0.799509  0.00926355
625 0.917086    0.799697  0.00925063
626 0.917385    0.799885  0.00923777
627 0.917652    0.800073  0.00922494
628 0.917886     0.80026  0.00921216
629 0.918087    0.800448  0.00919942
630 0.918256    0.800635  0.00918672
631 0.918392    0.800821  0.00917405
632 0.918495    0.801008  0.00916143
633 0.918566    0.801193  0.00914884
634 0.918604    0.801379  0.00913628
635 0.918609    0.801563  0.00912376
636 0.918581    0.801747  0.00911127
637 0.918521     0.80193  0.00909881
638 0.918428    0.802113  0.00908638
639 0.918301    0.802295  0.00907398
640 0.918142    0.802476  0.00906161
641 0.91795    0.802656  0.00904926
642 0.917725    0.802835  0.00903694
643 0.917468    0.803014  0.00902464
644 0.917177    0.803191  0.00901237
645 0.916851    0.803367  0.00900012
646 0.916491    0.803542  0.00898789
647 0.916098    0.803716  0.00897568
648 0.91567    0.803889  0.00896349
649 0.915206     0.80406  0.00895132
650 0.914708    0.804231  0.00893917
651 0.914174      0.8044  0.00892704
652 0.913605    0.804567  0.00891491
653 0.913    0.804733  0.00890281
654 0.912361    0.804898  0.00889072
655 0.911686    0.805061  0.00887864
656 0.910976    0.805222  0.00886657
657 0.91023    0.805382  0.00885452
658 0.909448     0.80554  0.00884247
659 0.908631    0.805697  0.00883044
660 0.907778    0.805851  0.00881841
661 0.90689    0.806004   0.0088064
662 0.905965    0.806155  0.00879439
663 0.905005    0.806304  0.00878239
664 0.904009    0.806451  0.00877039
665 0.902979    0.806596  0.00875841
666 0.901914     0.80674  0.00874642
667 0.900815    0.806881  0.00873445
668 0.899683     0.80702  0.00872248
669 0.898519    0.807156  0.00871051
670 0.897322    0.807291  0.00869855
671 0.896095    0.807423  0.00868659
672 0.894836    0.807553  0.00867464
673 0.893549    0.807681  0.00866269
674 0.892233    0.807807  0.00865075
675 0.89089     0.80793  0.00863881
676 0.889522     0.80805  0.00862687
677 0.888131    0.808169  0.00861494
678 0.886716    0.808284  0.00860301
679 0.885279    0.808398  0.00859109
680 0.883822    0.808509  0.00857917
681 0.882346    0.808617  0.00856726
682 0.880852    0.808723  0.00855535
683 0.879343    0.808827  0.00854345
684 0.877819    0.808927  0.00853156
685 0.876284    0.809026  0.00851967
686 0.874739    0.809122  0.00850779
687 0.873186    0.809215  0.00849591
688 0.871627    0.809305  0.00848405
689 0.870064    0.809394  0.00847219
690 0.868499    0.809479  0.00846035
691 0.866934    0.809562  0.00844851
692 0.865371    0.809643  0.00843669
693 0.863812    0.809721  0.00842488
694 0.862258    0.809797  0.00841308
695 0.860711     0.80987  0.00840129
696 0.859173    0.809941  0.00838952
697 0.857646     0.81001  0.00837776
698 0.856133    0.810076  0.00836602
699 0.854634    0.810139  0.00835429
700 0.853151    0.810201  0.00834259
701 0.851686     0.81026  0.00833089
702 0.850239    0.810317  0.00831922
703 0.848812    0.810372  0.00830757
704 0.847406    0.810424  0.00829593
705 0.846022    0.810475  0.00828432
706 0.84466    0.810523  0.00827273
707 0.843322     0.81057  0.00826116
708 0.842008    0.810614  0.00824961
709 0.84072    0.810656  0.00823808
710 0.839458    0.810697  0.00822658
711 0.838222    0.810736   0.0082151
712 0.837012    0.810773  0.00820364
713 0.835826    0.810808  0.00819221
714 0.834666    0.810841  0.00818081
715 0.833531    0.810873  0.00816943
716 0.832419    0.810903  0.00815807
717 0.831331    0.810932  0.00814674
718 0.830266    0.810958  0.00813544
719 0.829224    0.810984  0.00812417
720 0.828203    0.811008  0.00811292
721 0.827203     0.81103   0.0081017
722 0.826223    0.811051   0.0080905
723 0.825262    0.811071  0.00807934
724 0.824318    0.811089   0.0080682
725 0.82339    0.811106  0.00805709
726 0.822477    0.811122  0.00804601
727 0.821578    0.811136  0.00803495
728 0.82069    0.811149  0.00802392
729 0.819812    0.811161  0.00801293
730 0.818943    0.811172  0.00800196
731 0.818081    0.811181  0.00799102
732 0.817224     0.81119   0.0079801
733 0.81637    0.811197  0.00796922
734 0.815518    0.811203  0.00795837
735 0.814665    0.811207  0.00794754
736 0.813811    0.811211  0.00793674
737 0.812954    0.811213  0.00792597
738 0.812093    0.811214  0.00791523
739 0.811226    0.811214  0.00790452
740 0.810352    0.811213  0.00789384
741 0.809469    0.811211  0.00788319
742 0.808576    0.811207  0.00787256
743 0.807671    0.811203  0.00786197
744 0.806753    0.811197  0.00785141
745 0.805821    0.811189  0.00784087
746 0.804874    0.811181  0.00783036
747 0.80391    0.811171  0.00781989
748 0.80293     0.81116  0.00780944
749 0.801931    0.811148  0.00779902
750 0.800913    0.811134  0.00778864
751 0.799876    0.811119  0.00777828
752 0.798818    0.811103  0.00776795
753 0.797739    0.811085  0.00775766
754 0.79664    0.811066  0.00774739
755 0.79552    0.811045  0.00773716
756 0.794377    0.811023  0.00772696
757 0.793212       0.811  0.00771679
758 0.792025    0.810975  0.00770665
759 0.790816    0.810948  0.00769654
760 0.789585     0.81092  0.00768646
761 0.788332     0.81089  0.00767642
762 0.787057    0.810859  0.00766641
763 0.78576    0.810826  0.00765643
764 0.784442    0.810792  0.00764649
765 0.783102    0.810755  0.00763658
766 0.781742    0.810718   0.0076267
767 0.780362    0.810678  0.00761686
768 0.778962    0.810637  0.00760706
769 0.777543    0.810594  0.00759729
770 0.776107    0.810549  0.00758755
771 0.774653    0.810502  0.00757785
772 0.773184    0.810454  0.00756819
773 0.7717    0.810404  0.00755857
774 0.770202    0.810352  0.00754898
775 0.768692    0.810298  0.00753943
776 0.767172    0.810243  0.00752992
777 0.765642    0.810185  0.00752045
778 0.764105    0.810126  0.00751101
779 0.762563    0.810065  0.00750162
780 0.761016    0.810002  0.00749227
781 0.759466    0.809937  0.00748295
782 0.757915    0.809871  0.00747368
783 0.756363    0.809802  0.00746445
784 0.754815    0.809732  0.00745525
785 0.75327     0.80966   0.0074461
786 0.751731    0.809587    0.007437
787 0.7502    0.809511  0.00742793
788 0.748677    0.809434   0.0074189
789 0.747166    0.809355  0.00740992
790 0.745668    0.809274  0.00740098
791 0.744186    0.809192  0.00739208
792 0.742721    0.809108  0.00738322
793 0.741276    0.809023  0.00737441
794 0.739851    0.808936  0.00736564
795 0.738448    0.808847   0.0073569
796 0.73707    0.808757  0.00734821
797 0.735718    0.808665  0.00733957
798 0.734396    0.808572  0.00733096
799 0.733105    0.808478  0.00732239
800 0.731846    0.808382  0.00731387
801 0.730622    0.808285  0.00730538
802 0.729436    0.808186  0.00729693
803 0.728287    0.808087  0.00728852
804 0.727178    0.807986  0.00728015
805 0.72611    0.807885  0.00727182
806 0.725086    0.807782  0.00726352
807 0.724107    0.807678  0.00725526
808 0.723175    0.807574  0.00724704
809 0.722291    0.807468  0.00723884
810 0.721458    0.807362  0.00723069
811 0.720675    0.807255  0.00722256
812 0.719946    0.807148  0.00721447
813 0.719272     0.80704   0.0072064
814 0.718653    0.806931  0.00719837
815 0.718094    0.806822  0.00719036
816 0.717593    0.806713  0.00718238
817 0.717152    0.806603  0.00717442
818 0.716771    0.806493  0.00716649
819 0.716453    0.806383  0.00715859
820 0.716197    0.806273   0.0071507
821 0.716004    0.806163  0.00714284
822 0.715876    0.806053  0.00713499
823 0.715815    0.805944  0.00712717
824 0.715818    0.805834  0.00711936
825 0.715886    0.805725  0.00711156
826 0.71602    0.805617  0.00710378
827 0.71622    0.805509  0.00709601
828 0.716486    0.805401  0.00708826
829 0.716817    0.805294  0.00708051
830 0.717215    0.805188  0.00707278
831 0.717679    0.805083  0.00706505
832 0.718209    0.804978  0.00705733
833 0.718804    0.804875  0.00704962
834 0.719464    0.804773  0.00704191
835 0.720189    0.804671   0.0070342
836 0.720976    0.804571   0.0070265
837 0.721826    0.804472   0.0070188
838 0.722736    0.804375   0.0070111
839 0.723707    0.804279  0.00700341
840 0.724738    0.804184  0.00699571
841 0.725826    0.804091  0.00698801
842 0.72697    0.803999  0.00698031
843 0.728167    0.803909  0.00697261
844 0.729416    0.803821  0.00696491
845 0.730713    0.803734   0.0069572
846 0.732058     0.80365  0.00694949
847 0.733446    0.803567  0.00694178
848 0.734878    0.803486  0.00693407
849 0.736352    0.803407  0.00692635
850 0.737863     0.80333  0.00691863
851 0.739409    0.803255  0.00691091
852 0.740987    0.803181  0.00690319
853 0.742593     0.80311  0.00689546
854 0.744225    0.803041  0.00688773
855 0.745882    0.802975     0.00688
856 0.747561     0.80291  0.00687227
857 0.749258    0.802847  0.00686453
858 0.75097    0.802787   0.0068568
859 0.752694    0.802728  0.00684906
860 0.754425    0.802672  0.00684133
861 0.756162    0.802618   0.0068336
862 0.757901    0.802566  0.00682587
863 0.75964    0.802517  0.00681814
864 0.761375    0.802469  0.00681041
865 0.763105    0.802424  0.00680269
866 0.764827     0.80238  0.00679498
867 0.766536    0.802339  0.00678726
868 0.768232      0.8023  0.00677956
869 0.769912    0.802262  0.00677186
870 0.771572    0.802227  0.00676417
871 0.773212    0.802194  0.00675648
872 0.774828    0.802162  0.00674881
873 0.776421    0.802133  0.00674114
874 0.777986    0.802105  0.00673348
875 0.779524    0.802079  0.00672584
876 0.781031    0.802055   0.0067182
877 0.782507    0.802033  0.00671058
878 0.783951    0.802012  0.00670297
879 0.78536    0.801994  0.00669537
880 0.786732    0.801976  0.00668778
881 0.788068     0.80196  0.00668021
882 0.789367    0.801946  0.00667265
883 0.790627    0.801933  0.00666511
884 0.791847    0.801922  0.00665758
885 0.793026    0.801912  0.00665006
886 0.794165    0.801903  0.00664256
887 0.795263    0.801896  0.00663508
888 0.796321    0.801889  0.00662761
889 0.797336    0.801884  0.00662016
890 0.798307     0.80188  0.00661272
891 0.799236    0.801877   0.0066053
892 0.800121    0.801875  0.00659789
893 0.800965    0.801874  0.00659051
894 0.801765    0.801874  0.00658313
895 0.802522    0.801875  0.00657578
896 0.803236    0.801876  0.00656844
897 0.803908    0.801879  0.00656112
898 0.804537    0.801882  0.00655381
899 0.805126    0.801885  0.00654652
900 0.805671    0.801889  0.00653925
901 0.806176    0.801894  0.00653199
902 0.806639    0.801899  0.00652475
903 0.807062    0.801905  0.00651753
904 0.807445    0.801911  0.00651032
905 0.807788    0.801918  0.00650313
906 0.80809    0.801925  0.00649596
907 0.808354    0.801932   0.0064888
908 0.808579    0.801939  0.00648166
909 0.808767    0.801946  0.00647453
910 0.808917    0.801954  0.00646742
911 0.809031    0.801962  0.00646033
912 0.80911     0.80197  0.00645325
913 0.809154    0.801978  0.00644619
914 0.809163    0.801985  0.00643914
915 0.80914    0.801993  0.00643211
916 0.809085    0.802001  0.00642509
917 0.808999    0.802009  0.00641809
918 0.808883    0.802016   0.0064111
919 0.808737    0.802023  0.00640413
920 0.808563    0.802031  0.00639717
921 0.808363    0.802037  0.00639023
922 0.808136    0.802044   0.0063833
923 0.807883     0.80205  0.00637639
924 0.807607    0.802056  0.00636949
925 0.807307    0.802062  0.00636261
926 0.806987    0.802067  0.00635574
927 0.806646    0.802072  0.00634888
928 0.806284    0.802077  0.00634204
929 0.805905    0.802081  0.00633522
930 0.80551    0.802085  0.00632841
931 0.805098    0.802088  0.00632161
932 0.804673    0.802091  0.00631483
933 0.804234    0.802093  0.00630806
934 0.803782    0.802095  0.00630131
935 0.803319    0.802096  0.00629457
936 0.802847    0.802097  0.00628784
937 0.802365    0.802097  0.00628113
938 0.801877    0.802097  0.00627444
939 0.801384    0.802096  0.00626775
940 0.800885    0.802095  0.00626109
941 0.800382    0.802093  0.00625443
942 0.799877    0.802091  0.00624779
943 0.79937    0.802088  0.00624117
944 0.798862    0.802084  0.00623456
945 0.798354     0.80208  0.00622796
946 0.797847    0.802076  0.00622138
947 0.797343    0.802071  0.00621481
948 0.796841    0.802065  0.00620826
949 0.796344    0.802059  0.00620172
950 0.795851    0.802053   0.0061952
951 0.795364    0.802046  0.00618869
952 0.794883    0.802038  0.00618219
953 0.794408     0.80203  0.00617571
954 0.79394    0.802022  0.00616924
955 0.79348    0.802013  0.00616279
956 0.793028    0.802004  0.00615635
957 0.792583    0.801994  0.00614992
958 0.792146    0.801983  0.00614351
959 0.791716    0.801973  0.00613711
960 0.791293    0.801962  0.00613073
961 0.790879     0.80195  0.00612436
962 0.790474    0.801938  0.00611801
963 0.790078    0.801926  0.00611167
964 0.789691    0.801913  0.00610534
965 0.789312      0.8019  0.00609903
966 0.788941    0.801887  0.00609273
967 0.788577    0.801873  0.00608644
968 0.788221    0.801859  0.00608017
969 0.787872    0.801844  0.00607391
970 0.787531     0.80183  0.00606767
971 0.787198    0.801815  0.00606144
972 0.786871    0.801799  0.00605522
973 0.786552    0.801783  0.00604902
974 0.78624    0.801768  0.00604283
975 0.785933    0.801751  0.00603666
976 0.785632    0.801735  0.00603049
977 0.785336    0.801718  0.00602434
978 0.785046    0.801701  0.00601821
979 0.78476    0.801684  0.00601209
980 0.784479    0.801666  0.00600598
981 0.784203    0.801648  0.00599988
982 0.783931     0.80163   0.0059938
983 0.783663    0.801612  0.00598773
984 0.783399    0.801593  0.00598167
985 0.78314    0.801575  0.00597563
986 0.782884    0.801556   0.0059696
987 0.782634    0.801537  0.00596358
988 0.782387    0.801517  0.00595758
989 0.782145    0.801498  0.00595158
990 0.781908    0.801478  0.00594561
991 0.781675    0.801458  0.00593964
992 0.781447    0.801438  0.00593369
993 0.781224    0.801417  0.00592775
994 0.781005    0.801397  0.00592182
995 0.780792    0.801376   0.0059159
996 0.780585    0.801355     0.00591
997 0.780386    0.801334  0.00590411
998 0.780192    0.801313  0.00589823
999 0.780007    0.801292  0.00589237
1000 0.779829     0.80127  0.00588651
1001 0.779659    0.801249  0.00588067
1002 0.779498    0.801227  0.00587484
1003 0.779346    0.801205  0.00586903
1004 0.779205    0.801183  0.00586322
1005 0.779073    0.801161  0.00585743
1006 0.778954    0.801139  0.00585165
1007 0.778846    0.801117  0.00584588
1008 0.77875    0.801095  0.00584012
1009 0.778669    0.801073  0.00583438
1010 0.778602     0.80105  0.00582864
1011 0.77855    0.801028  0.00582292
1012 0.778515    0.801006  0.00581721
1013 0.778497    0.800984  0.00581151
1014 0.778496    0.800961  0.00580582
1015 0.778513    0.800939  0.00580014
1016 0.77855    0.800917  0.00579447
1017 0.778608    0.800895  0.00578882
1018 0.778687    0.800873  0.00578317
1019 0.778788    0.800852  0.00577754
1020 0.778913     0.80083  0.00577191
1021 0.779064    0.800809   0.0057663
1022 0.779239    0.800788   0.0057607
1023 0.779439    0.800767   0.0057551
1024 0.779666    0.800746  0.00574952
1025 0.779919    0.800726  0.00574395
1026 0.7802    0.800706  0.00573838
1027 0.78051    0.800686  0.00573283
1028 0.780849    0.800667  0.00572728
1029 0.781217    0.800648  0.00572175
1030 0.781615     0.80063  0.00571622
1031 0.782042    0.800612  0.00571071
1032 0.782498    0.800594   0.0057052
1033 0.782984    0.800577   0.0056997
1034 0.783498    0.800561  0.00569422
1035 0.784041    0.800545  0.00568874
1036 0.784612    0.800529  0.00568327
1037 0.785211    0.800514   0.0056778
1038 0.785836      0.8005  0.00567235
1039 0.786487    0.800487  0.00566691
1040 0.787164    0.800474  0.00566147
1041 0.787865    0.800462  0.00565605
1042 0.78859    0.800451  0.00565063
1043 0.789337     0.80044  0.00564522
1044 0.790104     0.80043  0.00563983
1045 0.79089    0.800421  0.00563444
1046 0.791693    0.800412  0.00562906
1047 0.792512    0.800405  0.00562368
1048 0.793345    0.800398  0.00561832
1049 0.794191    0.800392  0.00561297
1050 0.795046    0.800387  0.00560763
1051 0.795908    0.800383  0.00560229
1052 0.796775     0.80038  0.00559697
1053 0.797647    0.800377  0.00559165
1054 0.798521    0.800375  0.00558635
1055 0.799393    0.800374  0.00558105
1056 0.800263    0.800374  0.00557577
1057 0.801127    0.800375  0.00557049
1058 0.801983    0.800376  0.00556523
1059 0.802827    0.800379  0.00555997
1060 0.803659    0.800382  0.00555473
1061 0.804477    0.800386   0.0055495
1062 0.805277     0.80039  0.00554427
1063 0.806057    0.800396  0.00553906
1064 0.806816    0.800402  0.00553386
1065 0.807552    0.800408  0.00552866
1066 0.808263    0.800416  0.00552348
1067 0.808946    0.800424  0.00551831
1068 0.809599    0.800432  0.00551315
1069 0.81022    0.800441    0.005508
1070 0.810808    0.800451  0.00550286
1071 0.81136    0.800461  0.00549773
1072 0.811875    0.800472  0.00549262
1073 0.812351    0.800483  0.00548751
1074 0.812788    0.800494  0.00548241
1075 0.813183    0.800506  0.00547732
1076 0.813536    0.800518  0.00547225
1077 0.813846    0.800531  0.00546718
1078 0.814111    0.800543  0.00546212
1079 0.81433    0.800556  0.00545707
1080 0.814501    0.800569  0.00545204
1081 0.814624    0.800582  0.00544701
1082 0.814699    0.800595  0.00544199
1083 0.814725    0.800608  0.00543698
1084 0.814701    0.800621  0.00543198
1085 0.814629    0.800634  0.00542699
1086 0.814506    0.800647  0.00542201
1087 0.814332    0.800659  0.00541703
1088 0.814107    0.800672  0.00541207
1089 0.813831    0.800684  0.00540711
1090 0.813504    0.800696  0.00540217
1091 0.813125    0.800707  0.00539723
1092 0.812697    0.800718  0.00539229
1093 0.812218    0.800729  0.00538737
1094 0.811687    0.800739  0.00538246
1095 0.811107    0.800748  0.00537755
1096 0.810477    0.800757  0.00537265
1097 0.809797    0.800765  0.00536776
1098 0.809069    0.800773  0.00536288
1099 0.808295     0.80078    0.005358
1100 0.807476    0.800786  0.00535313
1101 0.806612    0.800791  0.00534827
1102 0.805704    0.800795  0.00534342
1103 0.804753    0.800799  0.00533858
1104 0.803759    0.800802  0.00533374
1105 0.802725    0.800803  0.00532892
1106 0.801651    0.800804   0.0053241
1107 0.80054    0.800804  0.00531929
1108 0.799393    0.800803  0.00531449
1109 0.798211      0.8008   0.0053097
1110 0.796997    0.800797  0.00530491
1111 0.795751    0.800792  0.00530014
1112 0.794476    0.800787  0.00529538
1113 0.793174     0.80078  0.00529062
1114 0.791848    0.800772  0.00528588
1115 0.7905    0.800763  0.00528115
1116 0.789131    0.800752  0.00527643
1117 0.787745    0.800741  0.00527172
1118 0.786343    0.800728  0.00526702
1119 0.784927    0.800714  0.00526233
1120 0.783501    0.800698  0.00525765
1121 0.782066    0.800682  0.00525299
1122 0.780625    0.800664  0.00524834
1123 0.77918    0.800645   0.0052437
1124 0.777734    0.800624  0.00523907
1125 0.77629    0.800602  0.00523446
1126 0.774851     0.80058  0.00522986
1127 0.77342    0.800556  0.00522528
1128 0.771999     0.80053  0.00522071
1129 0.770593    0.800504  0.00521615
1130 0.769203    0.800476  0.00521161
1131 0.767833    0.800447  0.00520708
1132 0.766486    0.800417  0.00520257
1133 0.765164    0.800386  0.00519807
1134 0.76387    0.800354  0.00519358
1135 0.762608    0.800321  0.00518911
1136 0.761379    0.800286  0.00518466
1137 0.760187    0.800251  0.00518022
1138 0.759034    0.800215  0.00517579
1139 0.757926    0.800178  0.00517138
1140 0.756863     0.80014  0.00516699
1141 0.755847    0.800101   0.0051626
1142 0.754882    0.800061  0.00515823
1143 0.753969    0.800021  0.00515388
1144 0.753112     0.79998  0.00514954
1145 0.752313    0.799938  0.00514521
1146 0.751573    0.799896  0.00514089
1147 0.750896    0.799853  0.00513659
1148 0.750282     0.79981  0.00513229
1149 0.749734    0.799767  0.00512801
1150 0.749254    0.799723  0.00512374
1151 0.748845    0.799678  0.00511948
1152 0.748508    0.799634  0.00511523
1153 0.748243    0.799589  0.00511099
1154 0.748052    0.799545  0.00510675
1155 0.747937      0.7995  0.00510253
1156 0.747898    0.799456  0.00509831
1157 0.747936    0.799411   0.0050941
1158 0.748052    0.799367  0.00508989
1159 0.748246    0.799323  0.00508569
1160 0.748518    0.799279  0.00508149
1161 0.748869    0.799235   0.0050773
1162 0.749299    0.799192  0.00507311
1163 0.749808     0.79915  0.00506893
1164 0.750396    0.799108  0.00506475
1165 0.751063    0.799067  0.00506057
1166 0.751808    0.799026  0.00505639
1167 0.75263    0.798986  0.00505221
1168 0.753528    0.798948  0.00504804
1169 0.754501     0.79891  0.00504386
1170 0.755549    0.798872  0.00503969
1171 0.75667    0.798836  0.00503551
1172 0.757863    0.798801  0.00503134
1173 0.759126    0.798768  0.00502716
1174 0.760458    0.798735  0.00502299
1175 0.761856    0.798704  0.00501881
1176 0.763319    0.798674  0.00501463
1177 0.764846    0.798645  0.00501045
1178 0.766433    0.798617  0.00500628
1179 0.768079    0.798592   0.0050021
1180 0.769781    0.798567  0.00499792
1181 0.771536    0.798544  0.00499374
1182 0.773341    0.798523  0.00498956
1183 0.775194    0.798503  0.00498538
1184 0.777093    0.798485   0.0049812
1185 0.779033    0.798469  0.00497703
1186 0.781014    0.798454  0.00497285
1187 0.783031    0.798441  0.00496868
1188 0.785083     0.79843  0.00496451
1189 0.787165     0.79842  0.00496034
1190 0.789276    0.798413  0.00495618
1191 0.791412    0.798407  0.00495202
1192 0.793571    0.798403  0.00494787
1193 0.795748      0.7984  0.00494372
1194 0.797941      0.7984  0.00493958
1195 0.800144    0.798401  0.00493545
1196 0.802357    0.798405  0.00493132
1197 0.804576     0.79841  0.00492721
1198 0.806798    0.798417   0.0049231
1199 0.80902    0.798426    0.004919
1200 0.811239    0.798436  0.00491491
1201 0.813451    0.798449  0.00491084
1202 0.815654    0.798463  0.00490677
1203 0.817845    0.798479  0.00490272
1204 0.82002    0.798497  0.00489868
1205 0.822178    0.798517  0.00489465
1206 0.824314    0.798538  0.00489064
1207 0.826428    0.798561  0.00488664
1208 0.828515    0.798586  0.00488266
1209 0.830573    0.798613   0.0048787
1210 0.832599    0.798641  0.00487474
1211 0.834591     0.79867  0.00487081
1212 0.836545    0.798702  0.00486689
1213 0.838459    0.798734  0.00486299
1214 0.840331    0.798769   0.0048591
1215 0.842159    0.798804  0.00485524
1216 0.843941    0.798842  0.00485138
1217 0.845674     0.79888  0.00484755
1218 0.847357     0.79892  0.00484373
1219 0.848988    0.798961  0.00483994
1220 0.850565    0.799003  0.00483615
1221 0.852086    0.799047  0.00483239
1222 0.853551    0.799091  0.00482864
1223 0.854957    0.799137  0.00482491
1224 0.856304    0.799184  0.00482119
1225 0.857589    0.799231  0.00481749
1226 0.858812     0.79928  0.00481381
1227 0.859973    0.799329  0.00481014
1228 0.861068     0.79938  0.00480648
1229 0.8621    0.799431  0.00480284
1230 0.863067    0.799482  0.00479922
1231 0.863969    0.799535   0.0047956
1232 0.864808    0.799588    0.004792
1233 0.865582    0.799641  0.00478842
1234 0.866292    0.799695  0.00478484
1235 0.866935     0.79975  0.00478128
1236 0.867513    0.799805  0.00477772
1237 0.868028     0.79986  0.00477418
1238 0.868479    0.799915  0.00477064
1239 0.868868    0.799971  0.00476712
1240 0.869196    0.800027   0.0047636
1241 0.869462    0.800083  0.00476009
1242 0.869668    0.800139  0.00475659
1243 0.869816    0.800195  0.00475309
1244 0.869909    0.800251   0.0047496
1245 0.869947    0.800307  0.00474612
1246 0.869933    0.800363  0.00474264
1247 0.869868    0.800418  0.00473916
1248 0.869754    0.800474  0.00473569
1249 0.869594    0.800529  0.00473222
1250 0.86939    0.800584  0.00472875
1251 0.869144    0.800639  0.00472529
1252 0.868859    0.800694  0.00472183
1253 0.86854    0.800748  0.00471837
1254 0.868187    0.800802  0.00471492
1255 0.867803    0.800855  0.00471146
1256 0.86739    0.800908  0.00470801
1257 0.866952    0.800961  0.00470456
1258 0.866491    0.801013  0.00470111
1259 0.866009    0.801064  0.00469766
1260 0.865511    0.801115  0.00469421
1261 0.864998    0.801166  0.00469076
1262 0.864475    0.801216  0.00468731
1263 0.863946    0.801266  0.00468386
1264 0.863412    0.801315  0.00468041
1265 0.862876    0.801364  0.00467697
1266 0.862342    0.801412  0.00467352
1267 0.861812     0.80146  0.00467007
1268 0.861289    0.801507  0.00466663
1269 0.860775    0.801553  0.00466319
1270 0.860275      0.8016  0.00465974
1271 0.859789    0.801645   0.0046563
1272 0.85932    0.801691  0.00465286
1273 0.85887    0.801736  0.00464942
1274 0.858441     0.80178  0.00464599
1275 0.858035    0.801824  0.00464255
1276 0.857656    0.801868  0.00463912
1277 0.857306    0.801911  0.00463569
1278 0.856987    0.801955  0.00463226
1279 0.8567    0.801997  0.00462884
1280 0.856445     0.80204  0.00462542
1281 0.856227    0.802082    0.004622
1282 0.856048    0.802124  0.00461859
1283 0.855906    0.802166  0.00461518
1284 0.855804    0.802208  0.00461177
1285 0.855743     0.80225  0.00460837
1286 0.855724    0.802291  0.00460498
1287 0.855746    0.802333  0.00460159
1288 0.855812    0.802374   0.0045982
1289 0.855921    0.802416  0.00459482
1290 0.856074    0.802457  0.00459145
1291 0.856271    0.802499  0.00458808
1292 0.856513    0.802541  0.00458472
1293 0.856799    0.802583  0.00458137
1294 0.857129    0.802625  0.00457802
1295 0.857502    0.802667  0.00457468
1296 0.857918     0.80271  0.00457135
1297 0.858377    0.802753  0.00456803
1298 0.858878    0.802796  0.00456471
1299 0.85942     0.80284   0.0045614
1300 0.860004    0.802884  0.00455811
1301 0.860628    0.802928  0.00455482
1302 0.86129    0.802973  0.00455154
1303 0.86199    0.803018  0.00454827
1304 0.862724    0.803064  0.00454502
1305 0.863491     0.80311  0.00454177
1306 0.864289    0.803157  0.00453853
1307 0.865117    0.803205  0.00453531
1308 0.865971    0.803253   0.0045321
1309 0.86685    0.803301  0.00452889
1310 0.867752     0.80335   0.0045257
1311 0.868675      0.8034  0.00452253
1312 0.869617    0.803451  0.00451936
1313 0.870574    0.803502  0.00451621
1314 0.871543    0.803554  0.00451307
1315 0.872522    0.803606  0.00450994
1316 0.873509    0.803659  0.00450683
1317 0.874501    0.803713  0.00450373
1318 0.875494    0.803767  0.00450064
1319 0.876486    0.803823  0.00449756
1320 0.877475    0.803878   0.0044945
1321 0.878458    0.803935  0.00449145
1322 0.879433    0.803992  0.00448842
1323 0.880395     0.80405   0.0044854
1324 0.881343    0.804108  0.00448239
1325 0.882273    0.804167   0.0044794
1326 0.883183    0.804227  0.00447641
1327 0.884071    0.804287  0.00447345
1328 0.884934    0.804348  0.00447049
1329 0.885768    0.804409  0.00446754
1330 0.886572    0.804471  0.00446461
1331 0.887345    0.804533  0.00446169
1332 0.888082    0.804596  0.00445878
1333 0.888781    0.804659  0.00445589
1334 0.88944    0.804722    0.004453
1335 0.890059    0.804786  0.00445012
1336 0.890636     0.80485  0.00444726
1337 0.891168    0.804915   0.0044444
1338 0.891652     0.80498  0.00444155
1339 0.892087    0.805045  0.00443871
1340 0.892471     0.80511  0.00443588
1341 0.892803    0.805176  0.00443305
1342 0.893083    0.805241  0.00443023
1343 0.893307    0.805307  0.00442742
1344 0.893477    0.805372  0.00442461
1345 0.89359    0.805438   0.0044218
1346 0.893645    0.805503  0.00441901
1347 0.893641    0.805569  0.00441621
1348 0.893578    0.805634  0.00441342
1349 0.893455    0.805699  0.00441062
1350 0.893271    0.805764  0.00440783
1351 0.893027    0.805829  0.00440504
1352 0.892722    0.805893  0.00440225
1353 0.892355    0.805957  0.00439947
1354 0.891926     0.80602  0.00439667
1355 0.891435    0.806083  0.00439388
1356 0.890881    0.806146  0.00439109
1357 0.890264    0.806208  0.00438829
1358 0.889585    0.806269  0.00438549
1359 0.888844     0.80633  0.00438268
1360 0.888041     0.80639  0.00437987
1361 0.887177    0.806449  0.00437705
1362 0.886251    0.806508  0.00437423
1363 0.885267    0.806566   0.0043714
1364 0.884224    0.806623  0.00436857
1365 0.883122    0.806679  0.00436573
1366 0.881962    0.806734  0.00436288
1367 0.880744    0.806788  0.00436002
1368 0.879471    0.806841  0.00435716
1369 0.878142    0.806893  0.00435429
1370 0.87676    0.806944  0.00435141
1371 0.875324    0.806994  0.00434852
1372 0.873836    0.807043  0.00434563
1373 0.872297     0.80709  0.00434272
1374 0.870708    0.807137  0.00433981
1375 0.86907    0.807182  0.00433688
1376 0.867383    0.807225  0.00433395
1377 0.865649    0.807268  0.00433101
1378 0.863869    0.807309  0.00432806
1379 0.862046    0.807349  0.00432511
1380 0.860182    0.807387  0.00432214
1381 0.858275    0.807424  0.00431917
1382 0.856329    0.807459  0.00431619
1383 0.854344    0.807493   0.0043132
1384 0.852323    0.807525  0.00431021
1385 0.850267    0.807556  0.00430721
1386 0.848179    0.807586   0.0043042
1387 0.846059    0.807613  0.00430118
1388 0.843909     0.80764  0.00429817
1389 0.841731    0.807664  0.00429514
1390 0.839524    0.807687  0.00429211
1391 0.837291    0.807708  0.00428908
1392 0.835034    0.807728  0.00428604
1393 0.832754    0.807746    0.004283
1394 0.830453    0.807762  0.00427996
1395 0.828132    0.807777  0.00427692
1396 0.825794     0.80779  0.00427387
1397 0.823438    0.807801  0.00427083
1398 0.821069     0.80781  0.00426779
1399 0.818688    0.807818  0.00426474
1400 0.816295    0.807824   0.0042617
1401 0.813892    0.807829  0.00425866
1402 0.811481    0.807831  0.00425562
1403 0.809063    0.807832  0.00425259
1404 0.806641    0.807831  0.00424956
1405 0.804216    0.807829  0.00424654
1406 0.801789    0.807824  0.00424352
1407 0.799361    0.807818  0.00424051
1408 0.796934    0.807811   0.0042375
1409 0.79451    0.807801  0.00423451
1410 0.792091     0.80779  0.00423152
1411 0.789677    0.807777  0.00422854
1412 0.787271    0.807763  0.00422557
1413 0.784875    0.807746  0.00422261
1414 0.782488    0.807729  0.00421966
1415 0.780115    0.807709  0.00421672
1416 0.777755    0.807688   0.0042138
1417 0.775411    0.807665  0.00421089
1418 0.773085    0.807641  0.00420799
1419 0.770777    0.807615   0.0042051
1420 0.76849    0.807587  0.00420223
1421 0.766224    0.807558  0.00419938
1422 0.763982    0.807527  0.00419653
1423 0.761767    0.807495  0.00419371
1424 0.759578    0.807462   0.0041909
1425 0.757417    0.807427   0.0041881
1426 0.755288     0.80739  0.00418533
1427 0.753189    0.807352  0.00418257
1428 0.751122    0.807313  0.00417982
1429 0.74909    0.807272   0.0041771
1430 0.747093     0.80723  0.00417439
1431 0.745134    0.807186   0.0041717
1432 0.743214    0.807142  0.00416902
1433 0.741335    0.807096  0.00416636
1434 0.739498    0.807049  0.00416373
1435 0.737704       0.807  0.00416111
1436 0.735955    0.806951   0.0041585
1437 0.734253      0.8069  0.00415592
1438 0.732598    0.806849  0.00415335
1439 0.730994    0.806796  0.00415079
1440 0.72944    0.806742  0.00414826
1441 0.727938    0.806687  0.00414574
1442 0.726489    0.806632  0.00414324
1443 0.725093    0.806575  0.00414075
1444 0.723753    0.806518  0.00413828
1445 0.722469     0.80646  0.00413583
1446 0.721244    0.806401  0.00413339
1447 0.720079    0.806341  0.00413096
1448 0.718972    0.806281  0.00412855
1449 0.717926     0.80622  0.00412615
1450 0.716943    0.806158  0.00412376
1451 0.716022    0.806096  0.00412139
1452 0.715164    0.806034  0.00411903
1453 0.714371    0.805971  0.00411668
1454 0.713642    0.805907  0.00411433
1455 0.712978    0.805843    0.004112
1456 0.712379    0.805779  0.00410968
1457 0.711847    0.805714  0.00410736
1458 0.71138     0.80565  0.00410506
1459 0.710979    0.805585  0.00410276
1460 0.710646     0.80552  0.00410046
1461 0.710379    0.805455  0.00409817
1462 0.710179     0.80539  0.00409589
1463 0.710044    0.805324  0.00409361
1464 0.709976    0.805259  0.00409133
1465 0.709974    0.805194  0.00408905
1466 0.710037    0.805129  0.00408678
1467 0.710165    0.805065   0.0040845
1468 0.710358       0.805  0.00408223
1469 0.710614    0.804936  0.00407996
1470 0.710934    0.804872  0.00407768
1471 0.711316    0.804808  0.00407541
1472 0.71176    0.804745  0.00407313
1473 0.712264    0.804682  0.00407085
1474 0.712828     0.80462  0.00406856
1475 0.71345    0.804558  0.00406627
1476 0.71413    0.804497  0.00406398
1477 0.714868    0.804436  0.00406168
1478 0.715662    0.804376  0.00405938
1479 0.716511    0.804317  0.00405707
1480 0.717414    0.804258  0.00405475
1481 0.718367      0.8042  0.00405243
1482 0.719371    0.804143   0.0040501
1483 0.720424    0.804086  0.00404776
1484 0.721524    0.804031  0.00404542
1485 0.722671    0.803976  0.00404306
1486 0.723863    0.803922   0.0040407
1487 0.725098    0.803869  0.00403833
1488 0.726376    0.803817  0.00403595
1489 0.727694    0.803766  0.00403357
1490 0.729051    0.803716  0.00403117
1491 0.730446    0.803666  0.00402877
1492 0.731877    0.803618  0.00402635
1493 0.733342    0.803571  0.00402393
1494 0.734841    0.803525   0.0040215
1495 0.736372     0.80348  0.00401906
1496 0.737935    0.803437  0.00401661
1497 0.739529    0.803394  0.00401416
1498 0.741151    0.803352  0.00401169
1499 0.742801    0.803312  0.00400922
1500 0.744476    0.803273  0.00400674
1501 0.746176    0.803235  0.00400425
1502 0.747899    0.803198  0.00400175
1503 0.749644    0.803162  0.00399925
1504 0.751411    0.803128  0.00399674
1505 0.753197    0.803095  0.00399422
1506 0.755003    0.803063   0.0039917
1507 0.756826    0.803032  0.00398917
1508 0.758666    0.803003  0.00398663
1509 0.760521    0.802974  0.00398409
1510 0.76239    0.802948  0.00398154
1511 0.764272    0.802922  0.00397899
1512 0.766167    0.802898  0.00397643
1513 0.768073    0.802875  0.00397387
1514 0.76999    0.802853   0.0039713
1515 0.771915    0.802832  0.00396873
1516 0.773846    0.802813  0.00396616
1517 0.775783    0.802796  0.00396359
1518 0.777724    0.802779  0.00396101
1519 0.779668    0.802764  0.00395843
1520 0.781614     0.80275  0.00395585
1521 0.78356    0.802737  0.00395327
1522 0.785505    0.802726  0.00395069
1523 0.787448    0.802716  0.00394811
1524 0.789389    0.802707  0.00394553
1525 0.791325      0.8027  0.00394295
1526 0.793255    0.802694  0.00394037
1527 0.795177    0.802689  0.00393779
1528 0.797089    0.802685  0.00393522
1529 0.798989    0.802683  0.00393264
1530 0.800877    0.802681  0.00393007
1531 0.80275    0.802681  0.00392751
1532 0.804607    0.802683  0.00392494
1533 0.806444    0.802685  0.00392238
1534 0.808262    0.802689  0.00391983
1535 0.81006    0.802694  0.00391728
1536 0.811835    0.802699  0.00391473
1537 0.813586    0.802707  0.00391219
1538 0.81531    0.802715  0.00390966
1539 0.817006    0.802724  0.00390713
1540 0.818673    0.802734   0.0039046
1541 0.820309    0.802746  0.00390209
1542 0.821911    0.802758  0.00389958
1543 0.82348    0.802772  0.00389707
1544 0.825013    0.802786  0.00389457
1545 0.82651    0.802801  0.00389208
1546 0.827968    0.802818   0.0038896
1547 0.829386    0.802835  0.00388712
1548 0.830765    0.802853  0.00388465
1549 0.832102    0.802872  0.00388219
1550 0.833394    0.802892  0.00387974
1551 0.834642    0.802912  0.00387729
1552 0.835844    0.802933  0.00387485
1553 0.836999    0.802955  0.00387242
1554 0.838106    0.802978  0.00386999
1555 0.839166    0.803001  0.00386757
1556 0.840176    0.803025  0.00386516
1557 0.841136    0.803049  0.00386276
1558 0.842043    0.803074  0.00386036
1559 0.842898      0.8031  0.00385797
1560 0.843699    0.803126  0.00385558
1561 0.844447    0.803152   0.0038532
1562 0.845141    0.803179  0.00385083
1563 0.84578    0.803207  0.00384846
1564 0.846363    0.803234   0.0038461
1565 0.84689    0.803262  0.00384374
1566 0.847361     0.80329  0.00384139
1567 0.847777    0.803319  0.00383904
1568 0.848137    0.803347   0.0038367
1569 0.84844    0.803376  0.00383437
1570 0.848687    0.803405  0.00383203
1571 0.848878    0.803434   0.0038297
1572 0.849012    0.803463  0.00382738
1573 0.849091    0.803492  0.00382505
1574 0.849113    0.803521  0.00382273
1575 0.84908     0.80355  0.00382041
1576 0.848993    0.803579   0.0038181
1577 0.848852    0.803607  0.00381579
1578 0.848657    0.803636  0.00381347
1579 0.848408    0.803664  0.00381116
1580 0.848107    0.803692  0.00380886
1581 0.847752     0.80372  0.00380655
1582 0.847346    0.803748  0.00380424
1583 0.846889    0.803775  0.00380194
1584 0.846382    0.803802  0.00379963
1585 0.845826    0.803828  0.00379733
1586 0.845223    0.803854  0.00379502
1587 0.844573     0.80388  0.00379272
1588 0.843878    0.803905  0.00379041
1589 0.843137     0.80393  0.00378811
1590 0.842351    0.803954   0.0037858
1591 0.841523    0.803978   0.0037835
1592 0.840654    0.804001  0.00378119
1593 0.839744    0.804023  0.00377888
1594 0.838797    0.804045  0.00377658
1595 0.837813    0.804066  0.00377427
1596 0.836795    0.804087  0.00377196
1597 0.835744    0.804107  0.00376965
1598 0.834661    0.804126  0.00376734
1599 0.833546    0.804144  0.00376503
1600 0.832401    0.804162  0.00376272
1601 0.831228    0.804179   0.0037604
1602 0.830029    0.804195  0.00375809
1603 0.828805     0.80421  0.00375578
1604 0.827557    0.804225  0.00375346
1605 0.826288    0.804238  0.00375115
1606 0.825    0.804251  0.00374884
1607 0.823693    0.804263  0.00374652
1608 0.822372    0.804275  0.00374421
1609 0.821036    0.804285   0.0037419
1610 0.819689    0.804295  0.00373959
1611 0.818332    0.804303  0.00373727
1612 0.816968    0.804311  0.00373496
1613 0.815598    0.804318  0.00373266
1614 0.814225    0.804324  0.00373035
1615 0.812851     0.80433  0.00372804
1616 0.811479    0.804334  0.00372574
1617 0.810109    0.804338  0.00372344
1618 0.808745     0.80434  0.00372114
1619 0.807389    0.804342  0.00371884
1620 0.806041    0.804343  0.00371654
1621 0.804702    0.804344  0.00371425
1622 0.803374    0.804343  0.00371196
1623 0.80206    0.804342  0.00370967
1624 0.80076    0.804339  0.00370739
1625 0.799477    0.804336  0.00370511
1626 0.798212    0.804333  0.00370283
1627 0.796967    0.804328  0.00370056
1628 0.795744    0.804323  0.00369829
1629 0.794545    0.804317  0.00369602
1630 0.793372     0.80431  0.00369376
1631 0.792224    0.804303  0.00369151
1632 0.791106    0.804295  0.00368925
1633 0.790019    0.804286    0.003687
1634 0.788964    0.804276  0.00368476
1635 0.787943    0.804266  0.00368252
1636 0.786957    0.804256  0.00368028
1637 0.786008    0.804245  0.00367805
1638 0.785097    0.804233  0.00367582
1639 0.784227    0.804221   0.0036736
1640 0.783399    0.804208  0.00367138
1641 0.782613    0.804195  0.00366917
1642 0.781871    0.804181  0.00366696
1643 0.781175    0.804167  0.00366476
1644 0.780525    0.804153  0.00366256
1645 0.779924    0.804138  0.00366036
1646 0.77937    0.804123  0.00365817
1647 0.778867    0.804108  0.00365598
1648 0.778414    0.804092  0.00365379
1649 0.778014    0.804077  0.00365161
1650 0.777666    0.804061  0.00364943
1651 0.777371    0.804044  0.00364726
1652 0.77713    0.804028  0.00364509
1653 0.776944    0.804012  0.00364292
1654 0.776814    0.803995  0.00364075
1655 0.77674    0.803979  0.00363859
1656 0.776721    0.803962  0.00363643
1657 0.776757    0.803946  0.00363427
1658 0.776849     0.80393  0.00363212
1659 0.776999    0.803913  0.00362996
1660 0.777204    0.803897  0.00362781
1661 0.777465    0.803881  0.00362566
1662 0.777781    0.803866  0.00362352
1663 0.778152     0.80385  0.00362137
1664 0.778577    0.803835  0.00361923
1665 0.779055     0.80382  0.00361708
1666 0.779586    0.803806  0.00361494
1667 0.780168    0.803791   0.0036128
1668 0.7808    0.803778  0.00361066
1669 0.781482    0.803764  0.00360852
1670 0.78221    0.803751  0.00360638
1671 0.782985    0.803739  0.00360425
1672 0.783805    0.803727  0.00360211
1673 0.784668    0.803716  0.00359998
1674 0.785572    0.803705  0.00359784
1675 0.786516    0.803694  0.00359571
1676 0.787497    0.803685  0.00359358
1677 0.788515    0.803676  0.00359144
1678 0.789565    0.803667  0.00358931
1679 0.790647     0.80366  0.00358718
1680 0.791758    0.803652  0.00358506
1681 0.792895    0.803646  0.00358293
1682 0.794056     0.80364   0.0035808
1683 0.795238    0.803635  0.00357868
1684 0.79644    0.803631  0.00357656
1685 0.797658    0.803628  0.00357444
1686 0.798891    0.803625  0.00357232
1687 0.800135    0.803623   0.0035702
1688 0.801389    0.803621  0.00356809
1689 0.802648    0.803621  0.00356597
1690 0.803912    0.803621  0.00356386
1691 0.805176    0.803622  0.00356176
1692 0.80644    0.803624  0.00355965
1693 0.807701    0.803626  0.00355755
1694 0.808957    0.803629  0.00355545
1695 0.810203    0.803633  0.00355335
1696 0.81144    0.803638  0.00355126
1697 0.812665    0.803643  0.00354917
1698 0.813876    0.803649  0.00354709
1699 0.815069    0.803656  0.00354501
1700 0.816244    0.803663  0.00354293
1701 0.817398    0.803671  0.00354086
1702 0.818528     0.80368  0.00353879
1703 0.819635    0.803689  0.00353672
1704 0.820715    0.803699  0.00353466
1705 0.821767     0.80371   0.0035326
1706 0.82279    0.803721  0.00353055
1707 0.823782    0.803733   0.0035285
1708 0.824743    0.803745  0.00352646
1709 0.82567    0.803758  0.00352442
1710 0.826564    0.803771  0.00352238
1711 0.827424    0.803785  0.00352035
1712 0.828249    0.803799  0.00351832
1713 0.829036    0.803814   0.0035163
1714 0.829786    0.803829  0.00351428
1715 0.830499    0.803845  0.00351226
1716 0.831173    0.803861  0.00351025
1717 0.831809    0.803877  0.00350825
1718 0.832406    0.803894  0.00350624
1719 0.832965     0.80391  0.00350425
1720 0.833484    0.803928  0.00350225
1721 0.833965    0.803945  0.00350026
1722 0.834408    0.803963  0.00349827
1723 0.834813    0.803981  0.00349629
1724 0.835179    0.803999  0.00349431
1725 0.835509    0.804017  0.00349233
1726 0.835803    0.804036  0.00349035
1727 0.83606    0.804054  0.00348838
1728 0.836283    0.804073  0.00348641
1729 0.836472    0.804091  0.00348445
1730 0.836628     0.80411  0.00348248
1731 0.836751    0.804129  0.00348052
1732 0.836842    0.804148  0.00347856
1733 0.836904    0.804167  0.00347661
1734 0.836938    0.804186  0.00347465
1735 0.836942    0.804205   0.0034727
1736 0.83692    0.804224  0.00347075
1737 0.836872    0.804242  0.00346881
1738 0.836801    0.804261  0.00346686
1739 0.836707     0.80428  0.00346492
1740 0.836591    0.804298  0.00346298
1741 0.836454    0.804317  0.00346104
1742 0.836298    0.804335   0.0034591
1743 0.836124    0.804353  0.00345716
1744 0.835933    0.804371  0.00345523
1745 0.835727    0.804389  0.00345329
1746 0.835506    0.804407  0.00345136
1747 0.835272    0.804425  0.00344943
1748 0.835026    0.804442   0.0034475
1749 0.834769     0.80446  0.00344557
1750 0.834502    0.804477  0.00344365
1751 0.834225    0.804494  0.00344172
1752 0.833941    0.804511   0.0034398
1753 0.833651    0.804527  0.00343788
1754 0.833355    0.804544  0.00343596
1755 0.833054     0.80456  0.00343404
1756 0.832749    0.804576  0.00343212
1757 0.832441    0.804592   0.0034302
1758 0.832129    0.804608  0.00342829
1759 0.831817    0.804623  0.00342637
1760 0.831504    0.804638  0.00342446
1761 0.831189    0.804653  0.00342255
1762 0.830874    0.804668  0.00342064
1763 0.830559    0.804683  0.00341873
1764 0.830244    0.804697  0.00341682
1765 0.82993    0.804712  0.00341492
1766 0.829618    0.804726  0.00341301
1767 0.829308     0.80474  0.00341111
1768 0.829001    0.804754  0.00340921
1769 0.828697    0.804767  0.00340731
1770 0.828395     0.80478  0.00340541
1771 0.828097    0.804794  0.00340351
1772 0.827801    0.804807  0.00340162
1773 0.827509    0.804819  0.00339972
1774 0.827219    0.804832  0.00339783
1775 0.826933    0.804844  0.00339594
1776 0.82665    0.804857  0.00339405
1777 0.826369    0.804869  0.00339216
1778 0.826091    0.804881  0.00339027
1779 0.825816    0.804893  0.00338839
1780 0.825543    0.804904   0.0033865
1781 0.825272    0.804916  0.00338462
1782 0.825005    0.804927  0.00338274
1783 0.824739    0.804938  0.00338086
1784 0.824476    0.804949  0.00337898
1785 0.824214     0.80496  0.00337711
1786 0.823955     0.80497  0.00337523
1787 0.823698    0.804981  0.00337336
1788 0.823442    0.804991  0.00337149
1789 0.823189    0.805001  0.00336962
1790 0.822937    0.805011  0.00336775
1791 0.822687    0.805021  0.00336589
1792 0.822438    0.805031  0.00336402
1793 0.82219     0.80504  0.00336216
1794 0.821942     0.80505   0.0033603
1795 0.821696    0.805059  0.00335844
1796 0.82145    0.805068  0.00335658
1797 0.821204    0.805077  0.00335473
1798 0.820958    0.805086  0.00335287
1799 0.820713    0.805095  0.00335102
1800 0.820468    0.805103  0.00334917
1801 0.820222    0.805112  0.00334732
1802 0.819976     0.80512  0.00334547
1803 0.81973    0.805128  0.00334363
1804 0.819483    0.805136  0.00334178
1805 0.819234    0.805144  0.00333994
1806 0.818985    0.805152   0.0033381
1807 0.818733    0.805159  0.00333626
1808 0.81848    0.805166  0.00333442
1809 0.818224    0.805174  0.00333259
1810 0.817966    0.805181  0.00333076
1811 0.817706    0.805188  0.00332892
1812 0.817443    0.805194  0.00332709
1813 0.817177    0.805201  0.00332526
1814 0.816908    0.805207  0.00332344
1815 0.816635    0.805214  0.00332161
1816 0.816357     0.80522  0.00331979
1817 0.816076    0.805226  0.00331797
1818 0.815789    0.805232  0.00331615
1819 0.815497    0.805237  0.00331433
1820 0.8152    0.805243  0.00331251
1821 0.814898    0.805248   0.0033107
1822 0.81459    0.805253  0.00330888
1823 0.814275    0.805258  0.00330707
1824 0.813953    0.805263  0.00330526
1825 0.813624    0.805267  0.00330346
1826 0.813285    0.805272  0.00330165
1827 0.812938    0.805276  0.00329984
1828 0.812582     0.80528  0.00329804
1829 0.812217    0.805284  0.00329624
1830 0.811841    0.805287  0.00329444
1831 0.811453    0.805291  0.00329264
1832 0.811055    0.805294  0.00329085
1833 0.810646    0.805297  0.00328905
1834 0.810225      0.8053  0.00328726
1835 0.809791    0.805302  0.00328547
1836 0.809343    0.805304  0.00328368
1837 0.808881    0.805306   0.0032819
1838 0.808406    0.805308  0.00328011
1839 0.807916    0.805309  0.00327833
1840 0.807411     0.80531  0.00327655
1841 0.806892    0.805311  0.00327477
1842 0.806356    0.805312  0.00327299
1843 0.805803    0.805312  0.00327121
1844 0.805235    0.805312  0.00326944
1845 0.804649    0.805312  0.00326767
1846 0.804045    0.805311   0.0032659
1847 0.803422     0.80531  0.00326413
1848 0.802781    0.805309  0.00326236
1849 0.80212    0.805307   0.0032606
1850 0.801442    0.805305  0.00325884
1851 0.800745    0.805302  0.00325708
1852 0.800029    0.805299  0.00325532
1853 0.799292    0.805296  0.00325356
1854 0.798536    0.805293  0.00325181
1855 0.797761    0.805289  0.00325006
1856 0.796965    0.805284  0.00324831
1857 0.796149    0.805279  0.00324657
1858 0.795315    0.805274  0.00324482
1859 0.794461    0.805268  0.00324308
1860 0.793587    0.805262  0.00324135
1861 0.792694    0.805255  0.00323961
1862 0.791783    0.805248  0.00323788
1863 0.790852     0.80524  0.00323615
1864 0.789903    0.805232  0.00323443
1865 0.788937    0.805223   0.0032327
1866 0.787952    0.805214  0.00323098
1867 0.78695    0.805204  0.00322927
1868 0.785932    0.805194  0.00322756
1869 0.7849    0.805183  0.00322585
1870 0.783853    0.805171  0.00322414
1871 0.782793    0.805159  0.00322244
1872 0.78172    0.805147  0.00322074
1873 0.780636    0.805134  0.00321905
1874 0.77954     0.80512  0.00321736
1875 0.778436    0.805106  0.00321568
1876 0.777324    0.805091    0.003214
1877 0.776206    0.805076  0.00321232
1878 0.775081     0.80506  0.00321065
1879 0.773953    0.805043  0.00320899
1880 0.772822    0.805026  0.00320733
1881 0.771691    0.805008  0.00320567
1882 0.770561     0.80499  0.00320402
1883 0.769433    0.804971  0.00320237
1884 0.76831    0.804952  0.00320073
1885 0.767194    0.804932   0.0031991
1886 0.766086    0.804911  0.00319747
1887 0.764989     0.80489  0.00319584
1888 0.763905    0.804868  0.00319422
1889 0.762835    0.804846  0.00319261
1890 0.76178    0.804823    0.003191
1891 0.760743      0.8048   0.0031894
1892 0.759726    0.804776   0.0031878
1893 0.758731    0.804752  0.00318621
1894 0.75776    0.804727  0.00318463
1895 0.756816    0.804702  0.00318305
1896 0.7559    0.804676  0.00318147
1897 0.755015     0.80465   0.0031799
1898 0.754162    0.804623  0.00317834
1899 0.753344    0.804596  0.00317678
1900 0.752562    0.804569  0.00317522
1901 0.751819    0.804541  0.00317368
1902 0.751116    0.804513  0.00317213
1903 0.750455    0.804484  0.00317059
1904 0.749838    0.804456  0.00316906
1905 0.749266    0.804427  0.00316752
1906 0.748741    0.804398    0.003166
1907 0.748264    0.804368  0.00316447
1908 0.747836    0.804339  0.00316295
1909 0.747458    0.804309  0.00316144
1910 0.747134    0.804279  0.00315992
1911 0.746863    0.804249  0.00315841
1912 0.746649    0.804219  0.00315691
1913 0.746489    0.804188   0.0031554
1914 0.746386    0.804158   0.0031539
1915 0.746338    0.804128  0.00315239
1916 0.746347    0.804098  0.00315089
1917 0.746412    0.804068  0.00314939
1918 0.746533    0.804038  0.00314789
1919 0.746711    0.804008  0.00314639
1920 0.746946    0.803978   0.0031449
1921 0.747236    0.803949   0.0031434
1922 0.747583    0.803919   0.0031419
1923 0.747985     0.80389   0.0031404
1924 0.748441    0.803861   0.0031389
1925 0.748953    0.803833   0.0031374
1926 0.749519    0.803805   0.0031359
1927 0.750137    0.803777  0.00313439
1928 0.750807    0.803749  0.00313289
1929 0.751526    0.803722  0.00313138
1930 0.752293    0.803696  0.00312987
1931 0.753107    0.803669  0.00312836
1932 0.753967    0.803644  0.00312685
1933 0.75487    0.803619  0.00312533
1934 0.755813    0.803594  0.00312381
1935 0.756795     0.80357  0.00312229
1936 0.757815    0.803546  0.00312077
1937 0.75887    0.803523  0.00311924
1938 0.759958      0.8035  0.00311771
1939 0.761076    0.803479  0.00311618
1940 0.762222    0.803457  0.00311465
1941 0.763392    0.803437  0.00311311
1942 0.764587    0.803417  0.00311157
1943 0.765801    0.803397  0.00311003
1944 0.767034    0.803379  0.00310849
1945 0.76828    0.803361  0.00310694
1946 0.769539    0.803343   0.0031054
1947 0.770807    0.803326  0.00310385
1948 0.772082     0.80331  0.00310229
1949 0.773361    0.803295  0.00310074
1950 0.774643     0.80328  0.00309918
1951 0.775924    0.803266  0.00309763
1952 0.777201    0.803253  0.00309607
1953 0.778472     0.80324  0.00309451
1954 0.779732    0.803228  0.00309295
1955 0.780981    0.803217  0.00309139
1956 0.782214    0.803206  0.00308983
1957 0.783431    0.803196  0.00308826
1958 0.784627    0.803187   0.0030867
1959 0.785801    0.803178  0.00308514
1960 0.786951    0.803169  0.00308358
1961 0.788073    0.803162  0.00308201
1962 0.789166    0.803155  0.00308045
1963 0.790229    0.803148  0.00307889
1964 0.791259    0.803142  0.00307733
1965 0.792255    0.803136  0.00307577
1966 0.793215    0.803131  0.00307421
1967 0.794139    0.803127  0.00307265
1968 0.795023    0.803123  0.00307109
1969 0.795867    0.803119  0.00306953
1970 0.796668    0.803116  0.00306797
1971 0.797427    0.803113  0.00306642
1972 0.798142     0.80311  0.00306486
1973 0.798813    0.803108  0.00306331
1974 0.799439    0.803106  0.00306176
1975 0.800019    0.803105  0.00306021
1976 0.800555    0.803103  0.00305866
1977 0.801046    0.803102  0.00305712
1978 0.801492    0.803102  0.00305557
1979 0.801894    0.803101  0.00305403
1980 0.802253      0.8031  0.00305248
1981 0.802568      0.8031  0.00305094
1982 0.802842      0.8031   0.0030494
1983 0.803074      0.8031  0.00304787
1984 0.803268      0.8031  0.00304633
1985 0.803424      0.8031  0.00304479
1986 0.803544    0.803101  0.00304326
1987 0.80363    0.803101  0.00304173
1988 0.803684    0.803101   0.0030402
1989 0.803707    0.803101  0.00303867
1990 0.803703    0.803102  0.00303714
1991 0.803672    0.803102  0.00303562
1992 0.803619    0.803102  0.00303409
1993 0.803545    0.803102  0.00303257
1994 0.803453    0.803103  0.00303105
1995 0.803346    0.803103  0.00302953
1996 0.803226    0.803103  0.00302801
1997 0.803096    0.803103   0.0030265
1998 0.802959    0.803103  0.00302498
1999 0.802818    0.803103  0.00302347
2000 0.802677    0.803102  0.00302196
