           1     2.02276     2.02276           0
           2     2.25806     2.14041    0.083191
           3     2.33607     2.20563   0.0768882
           4      2.0413     2.16455   0.0677581
           5     1.96068     2.12377   0.0653322
           6     1.84368     2.07709   0.0691385
           7     1.84406      2.0438   0.0667972
           8     1.89395     2.02507   0.0610173
           9     2.08649     2.03189   0.0546179
          10     2.08585     2.03729   0.0494219
          11     1.73257     2.00959   0.0521173
          12     1.94547     2.00424   0.0480474
          13     2.34424      2.0304   0.0509749
          14     1.98058     2.02684   0.0474579
          15     1.90308     2.01859   0.0450055
          16      2.2757     2.03466   0.0449701
          17     1.92203     2.02803   0.0428101
          18     2.31768     2.04412   0.0433505
          19     1.66675     2.02426   0.0453914
          20     2.26894      2.0365   0.0447401
          21     2.25671     2.04698   0.0438213
          22     2.08827     2.04886   0.0418696
          23     2.19571     2.05524    0.040533
          24     2.12249     2.05805   0.0389409
          25     1.95377     2.05387    0.037606
          26     2.00445     2.05197   0.0362076
          27     2.03576     2.05137   0.0348715
          28     2.01751     2.05016   0.0336471
          29     2.12719     2.05282   0.0325915
          30     1.90528      2.0479    0.031874
          31      2.2863     2.05559     0.03176
          32     2.16024     2.05886   0.0309354
          33     2.14462     2.06146   0.0301069
          34     2.03481     2.06068   0.0292316
          35     1.86614     2.05512     0.02892
          36     2.10059     2.05638   0.0281443
          37      1.9347     2.05309   0.0275751
          38     2.29717     2.05952   0.0275874
          39     2.10895     2.06078   0.0269091
          40     2.16943      2.0635   0.0263731
          41     2.00166     2.06199    0.025773
          42     2.02141     2.06103   0.0251774
          43     1.90324     2.05736   0.0248579
          44     1.94419     2.05478   0.0244256
          45     1.93572     2.05214   0.0240257
          46     1.98587      2.0507   0.0235466
          47     1.95693      2.0487   0.0231299
          48     2.08114     2.04938   0.0226579
          49     2.04177     2.04922   0.0221961
          50     2.10594     2.05036   0.0217811
