           1     -5.4481     -5.4481           0
           2    -5.44878    -5.44844 0.000239625
           3    -5.44834    -5.44841 0.000162357
           4    -5.44695    -5.44804 0.000338729
           5     -5.4479    -5.44801 0.000272226
           6    -5.44848    -5.44809 0.000237901
           7     -5.4497    -5.44832 0.000294503
           8    -5.45007    -5.44854 0.000328892
           9    -5.44811    -5.44849 0.000295737
          10    -5.44693    -5.44834 0.000304601
          11    -5.44838    -5.44834 0.000276937
          12    -5.44766    -5.44828 0.000259635
          13    -5.44696    -5.44818 0.000258807
          14    -5.44806    -5.44817 0.000240472
          15    -5.44765    -5.44814 0.000226925
          16    -5.44796    -5.44813 0.000213011
          17    -5.44717    -5.44807 0.000207844
          18      -5.448    -5.44807 0.000196336
          19    -5.44949    -5.44814 0.000199704
          20    -5.44751    -5.44811 0.000192217
          21    -5.44767    -5.44809 0.000184183
          22    -5.44693    -5.44804  0.00018313
          23     -5.4476    -5.44802 0.000176145
          24    -5.44837    -5.44803 0.000169435
          25    -5.44694    -5.44799 0.000168235
          26    -5.44863    -5.44801 0.000163543
          27    -5.44841    -5.44803 0.000158156
          28    -5.44764    -5.44801 0.000153123
          29    -5.44812    -5.44802 0.000147886
          30    -5.44778    -5.44801 0.000143175
          31    -5.44924    -5.44805 0.000143989
          32    -5.44891    -5.44808 0.000141966
          33    -5.44784    -5.44807 0.000137841
          34    -5.44847    -5.44808 0.000134289
          35    -5.44887     -5.4481 0.000132354
          36     -5.4481     -5.4481 0.000128678
          37    -5.44713    -5.44808 0.000127864
          38    -5.44728    -5.44806 0.000126213
          39    -5.44803    -5.44805 0.000122978
          40    -5.44802    -5.44805 0.000119906
          41    -5.44856    -5.44807 0.000117619
          42    -5.44906    -5.44809  0.00011715
          43    -5.44916    -5.44811 0.000117056
          44    -5.44721    -5.44809 0.000116174
          45    -5.44769    -5.44809 0.000113938
          46    -5.44743    -5.44807 0.000112349
          47    -5.44835    -5.44808 0.000110111
          48    -5.44856    -5.44809 0.000108268
          49    -5.44812    -5.44809 0.000106061
          50    -5.44766    -5.44808 0.000104282
