           1    -5.03264    -5.03264           0
           2    -5.02887    -5.03076  0.00133284
           3     -4.9779    -5.01314   0.0144133
           4    -5.03501    -5.01861   0.0118014
           5    -5.05109     -5.0251   0.0110865
           6    -5.05963    -5.03086   0.0106277
           7    -5.06249    -5.03538   0.0100242
           8    -5.05309    -5.03759  0.00901233
           9    -5.03087    -5.03684  0.00804185
          10    -5.05464    -5.03862  0.00743191
          11    -5.09459    -5.04371  0.00831771
          12    -5.06117    -5.04517  0.00775081
          13    -5.00155    -5.04181  0.00784733
          14    -5.06694    -5.04361   0.0074892
          15    -5.05367    -5.04428   0.0070199
          16     -5.0104    -5.04216  0.00689314
          17     -5.0553    -5.04293  0.00653087
          18    -4.99605    -5.04033  0.00666716
          19    -5.11065    -5.04403  0.00727136
          20    -5.02952     -5.0433   0.0069439
          21    -4.99857    -5.04117  0.00693224
          22    -5.02716    -5.04054  0.00664634
          23    -5.03196    -5.04016  0.00636783
          24    -5.02322    -5.03946   0.0061415
          25    -5.05053     -5.0399   0.0059118
          26    -5.03577    -5.03974  0.00568656
          27    -5.01842    -5.03895  0.00553048
          28    -5.04489    -5.03916  0.00533703
          29    -5.02405    -5.03864  0.00517838
          30    -5.05994    -5.03935  0.00505419
          31    -4.99577    -5.03795  0.00508294
          32     -5.0262    -5.03758  0.00493734
          33    -5.02574    -5.03722  0.00480075
          34       -5.03    -5.03701  0.00466424
          35    -5.08059    -5.03825  0.00469428
          36     -5.0221    -5.03781  0.00458527
          37    -5.05219    -5.03819  0.00447779
          38    -5.01987    -5.03771  0.00438584
          39    -5.04983    -5.03802  0.00428437
          40    -4.98753    -5.03676  0.00435923
          41    -5.05607    -5.03723  0.00427828
          42    -5.06784    -5.03796  0.00423805
          43    -5.05432    -5.03834  0.00415655
          44    -5.06009    -5.03884  0.00409137
          45    -5.04774    -5.03903  0.00400523
          46    -5.02882    -5.03881  0.00392431
          47    -5.02898     -5.0386  0.00384639
          48    -5.01938     -5.0382  0.00378704
          49    -5.01904    -5.03781  0.00372988
          50    -5.05926    -5.03824  0.00367986
