           1     1.46754     1.46754           0
           2     1.46754     1.46754 2.22022e-07
           3      1.4676     1.46756 1.49244e-05
           4     1.46749     1.46754 1.92822e-05
           5     1.46755     1.46754  1.5455e-05
           6     1.46746     1.46753 1.80627e-05
           7     1.46749     1.46752 1.61984e-05
           8     1.46765     1.46754 2.05196e-05
           9     1.46758     1.46754 1.86295e-05
          10     1.46751     1.46754 1.69902e-05
          11     1.46758     1.46754  1.5856e-05
          12     1.46751     1.46754 1.47814e-05
          13     1.46748     1.46754 1.43487e-05
          14      1.4675     1.46753 1.36285e-05
          15     1.46753     1.46753 1.27248e-05
          16     1.46731     1.46752 1.80167e-05
          17     1.46732     1.46751 2.04107e-05
          18     1.46733      1.4675  2.1643e-05
          19     1.46729     1.46749   2.307e-05
          20     1.46724     1.46747 2.50774e-05
          21     1.46723     1.46746 2.65156e-05
          22     1.46729     1.46746 2.64267e-05
          23      1.4676     1.46746 2.59922e-05
          24     1.46745     1.46746 2.49118e-05
          25     1.46757     1.46747 2.42993e-05
          26     1.46743     1.46746 2.34071e-05
          27     1.46757     1.46747 2.28778e-05
          28     1.46759     1.46747 2.24495e-05
          29     1.46749     1.46747 2.16817e-05
          30     1.46754     1.46747 2.10667e-05
          31     1.46744     1.46747 2.04127e-05
          32     1.46765     1.46748  2.0467e-05
          33     1.46759     1.46748  2.0139e-05
          34     1.46767     1.46749  2.0298e-05
          35     1.46758     1.46749 1.99017e-05
          36     1.46752     1.46749 1.93709e-05
          37     1.46734     1.46749 1.92692e-05
          38     1.46745     1.46749 1.87949e-05
          39     1.46746     1.46749 1.83286e-05
          40     1.46747     1.46749 1.78737e-05
          41     1.46755     1.46749 1.75159e-05
          42      1.4675     1.46749 1.71009e-05
          43     1.46758     1.46749 1.68471e-05
          44      1.4677     1.46749 1.71432e-05
          45     1.46769      1.4675 1.73102e-05
          46     1.46769      1.4675 1.74493e-05
          47     1.46752      1.4675 1.70811e-05
          48     1.46737      1.4675 1.69423e-05
          49     1.46734      1.4675 1.69057e-05
          50     1.46721     1.46749 1.75378e-05
