1 1.07202     1.07202           0
2 1.07182     1.07192 7.15691e-05
3 1.03611     1.05998   0.0097476
4 1.07388     1.06346  0.00790556
5 1.08476     1.06772  0.00738374
6 1.08906     1.07128  0.00695723
7 1.09087     1.07407  0.00650216
8 1.08562     1.07552  0.00584723
9 1.07021     1.07493  0.00522718
10 1.0862     1.07605  0.00482439
11 1.11141     1.07927  0.00535047
12 1.09122     1.08026  0.00499639
13 1.05307     1.07817  0.00503099
14 1.09466     1.07935  0.00480745
15 1.08444     1.07969  0.00449894
16 1.05664     1.07825  0.00444241
17 1.08852     1.07885  0.00422194
18 1.04819     1.07715  0.00431748
19 1.12227     1.07952  0.00469816
20 1.07004     1.07905  0.00448713
21 1.04754     1.07755  0.00451736
22 1.0682     1.07712  0.00433198
23 1.07147     1.07688  0.00415061
24 1.06701     1.07647  0.00399798
25 1.0836     1.07675  0.00384822
26 1.07407     1.07665  0.00370159
27 1.06227     1.07612  0.00360259
28 1.0795     1.07624  0.00347595
29 1.06695     1.07592  0.00337082
30 1.09078     1.07641  0.00329465
31 1.05014     1.07556  0.00329561
32 1.06839     1.07534  0.00320023
33 1.0666     1.07508  0.00311418
34 1.06977     1.07492  0.00302649
35 1.10378     1.07574  0.00305029
36 1.06485     1.07544  0.00298054
37 1.08588     1.07572   0.0029133
38 1.06447     1.07543  0.00285164
39 1.08336     1.07563  0.00278575
40 1.04131     1.07477  0.00284519
41 1.08731     1.07508  0.00279217
42 1.09512     1.07556  0.00276617
43 1.08498     1.07578  0.00271052
44 1.08856     1.07607  0.00266443
45 1.08098     1.07617  0.00260746
46 1.07001     1.07604  0.00255422
47 1.06918     1.07589  0.00250405
48 1.06104     1.07559  0.00247093
49 1.06325     1.07533  0.00243329
50 1.09053     1.07564  0.00240354
