1 0.806734    0.806734           0
2 0.807251    0.806993 0.000183046
3 0.808391    0.807459 0.000399643
4 0.803965    0.806585 0.000813665
5 0.812248    0.807718  0.00120415
6 0.794416    0.805501  0.00225896
7 0.809679    0.806098  0.00201356
8 0.801042    0.805466   0.0018584
9 0.80301    0.805193  0.00167183
10 0.804025    0.805076  0.00150871
11 0.802197    0.804814  0.00139408
12 0.813105    0.805505  0.00143894
13 0.791831    0.804453  0.00166898
14 0.805946     0.80456  0.00155317
15 0.802052    0.804393  0.00145859
16 0.802529    0.804276  0.00137207
17 0.809751    0.804598  0.00132862
18 0.801201     0.80441  0.00126814
19 0.815078    0.804971  0.00131986
20 0.801798    0.804812  0.00126337
21 0.803655    0.804757  0.00120441
22 0.807014     0.80486  0.00115402
23 0.812051    0.805172  0.00114542
24 0.795663    0.804776  0.00116422
25 0.799407    0.804561  0.00113729
26 0.804548    0.804561  0.00109355
27 0.809281    0.804736  0.00106693
28 0.801513    0.804621  0.00103501
29 0.805066    0.804636 0.000999434
30 0.807126    0.804719  0.00096956
31 0.808289    0.804834 0.000945097
32 0.804492    0.804824 0.000915623
33 0.799635    0.804666 0.000901274
34 0.808235    0.804771 0.000880858
35 0.807127    0.804839 0.000858259
36 0.80122    0.804738 0.000840285
37 0.802241    0.804671 0.000820281
38 0.803059    0.804628  0.00079979
39 0.806013    0.804664 0.000780071
40 0.804415    0.804657 0.000760593
41 0.799094    0.804522 0.000754049
42 0.803905    0.804507 0.000736238
43 0.801158    0.804429 0.000723225
44 0.806711    0.804481 0.000708645
45 0.80884    0.804578 0.000699486
46 0.803677    0.804558 0.000684554
47 0.801078    0.804484 0.000673983
48 0.808151    0.804561 0.000664257
49 0.80282    0.804525 0.000651649
50 0.797144    0.804378 0.000655124
