           1     1.60804     1.60804           0
           2     1.60773     1.60788 0.000107354
           3     1.55416     1.58998   0.0146214
           4     1.61082     1.59519   0.0118583
           5     1.62714     1.60158   0.0110756
           6     1.63359     1.60691   0.0104358
           7     1.63631     1.61111  0.00975324
           8     1.62842     1.61328  0.00877084
           9     1.60532     1.61239  0.00784078
          10     1.62929     1.61408  0.00723658
          11     1.66712      1.6189  0.00802571
          12     1.63683      1.6204  0.00749459
          13      1.5796     1.61726  0.00754648
          14     1.64199     1.61902  0.00721118
          15     1.62667     1.61953  0.00674841
          16     1.58496     1.61737  0.00666361
          17     1.63277     1.61828   0.0063329
          18     1.57228     1.61572  0.00647623
          19      1.6834     1.61929  0.00704724
          20     1.60506     1.61857   0.0067307
          21     1.57131     1.61632  0.00677605
          22      1.6023     1.61569  0.00649798
          23      1.6072     1.61532  0.00622591
          24     1.60051      1.6147  0.00599697
          25      1.6254     1.61513  0.00577233
          26     1.61111     1.61497  0.00555239
          27     1.59341     1.61417  0.00540388
          28     1.61925     1.61436  0.00521392
          29     1.60042     1.61388  0.00505623
          30     1.63617     1.61462  0.00494197
          31      1.5752     1.61335  0.00494341
          32     1.60259     1.61301  0.00480034
          33     1.59991     1.61261  0.00467127
          34     1.60466     1.61238  0.00453974
          35     1.65567     1.61362  0.00457543
          36     1.59727     1.61316  0.00447082
          37     1.62881     1.61359  0.00436995
          38     1.59671     1.61314  0.00427745
          39     1.62503     1.61345  0.00417863
          40     1.56196     1.61216  0.00426779
          41     1.63096     1.61262  0.00418826
          42     1.64268     1.61333  0.00414926
          43     1.62747     1.61366  0.00406577
          44     1.63284      1.6141  0.00399665
          45     1.62147     1.61426  0.00391119
          46     1.60502     1.61406  0.00383133
          47     1.60376     1.61384  0.00375607
          48     1.59156     1.61338   0.0037064
          49     1.59488       1.613  0.00364993
          50      1.6358     1.61346   0.0036053
