           1    -3.42461    -3.42461           0
           2    -3.42114    -3.42287  0.00122549
           3    -3.42374    -3.42316 0.000850208
           4    -3.42419    -3.42342 0.000675173
           5    -3.42395    -3.42353 0.000548559
           6    -3.42604    -3.42394 0.000596091
           7    -3.42618    -3.42426 0.000590487
           8    -3.42467    -3.42431 0.000518806
           9    -3.42555    -3.42445 0.000479068
          10    -3.42534    -3.42454 0.000439376
          11    -3.42748    -3.42481 0.000473608
          12    -3.42435    -3.42477 0.000435698
          13    -3.42194    -3.42455  0.00045317
          14    -3.42495    -3.42458 0.000421687
          15      -3.427    -3.42474  0.00042334
          16    -3.42544    -3.42479 0.000399091
          17    -3.42253    -3.42465 0.000397066
          18    -3.42377     -3.4246 0.000377998
          19    -3.42725    -3.42474 0.000382822
          20    -3.42446    -3.42473 0.000363939
          21    -3.42726    -3.42485 0.000366054
          22    -3.42486    -3.42485 0.000349415
          23    -3.42475    -3.42485 0.000334249
          24    -3.42271    -3.42476 0.000331978
          25    -3.42514    -3.42477 0.000319048
          26    -3.42466    -3.42477 0.000306804
          27    -3.42501    -3.42478 0.000295576
          28    -3.42564    -3.42481 0.000286638
          29    -3.42363    -3.42477 0.000279624
          30    -3.42377    -3.42473 0.000272264
          31    -3.42057     -3.4246 0.000294831
          32    -3.42361    -3.42457 0.000287248
          33    -3.42583    -3.42461 0.000281077
          34    -3.42534    -3.42463 0.000273636
          35    -3.42492    -3.42464 0.000265947
          36    -3.42484    -3.42464 0.000258617
          37    -3.42338    -3.42461 0.000253882
          38    -3.42316    -3.42457 0.000250044
          39     -3.4248    -3.42458 0.000243699
          40    -3.42557     -3.4246 0.000238874
          41    -3.42511    -3.42461 0.000233375
          42    -3.42516    -3.42463 0.000228183
          43    -3.42685    -3.42468 0.000228672
          44    -3.42726    -3.42474 0.000230863
          45    -3.42627    -3.42477  0.00022822
          46     -3.4238    -3.42475 0.000224226
          47    -3.42521    -3.42476 0.000219671
          48    -3.42782    -3.42482 0.000224186
          49    -3.42416    -3.42481 0.000220014
          50    -3.42346    -3.42478 0.000217271
