           1     9.63456     9.63456           0
           2      9.6426     9.63858  0.00284278
           3     9.62938     9.63552  0.00314149
           4     9.64419     9.63769  0.00301335
           5     9.58524      9.6272  0.00968661
           6     9.71195     9.64132   0.0152135
           7     9.58154     9.63278     0.01525
           8     9.64734      9.6346   0.0134519
           9     9.63647     9.63481   0.0119589
          10     9.62723     9.63405    0.010787
          11     9.64704     9.63523  0.00987077
          12     9.55947     9.62892   0.0108814
          13     9.72451     9.63627   0.0122802
          14     9.60843     9.63428   0.0115629
          15     9.66163     9.63611   0.0109348
          16     9.66388     9.63784   0.0103882
          17     9.59223     9.63516   0.0101177
          18     9.65593     9.63631  0.00962122
          19     9.58667      9.6337  0.00946304
          20     9.67677     9.63585  0.00923161
          21     9.66951     9.63746  0.00893004
          22     9.61246     9.63632  0.00859613
          23     9.58142     9.63393  0.00854742
          24     9.72508     9.63773  0.00899555
          25     9.67329     9.63915  0.00874747
          26     9.64637     9.63943  0.00841543
          27     9.61265     9.63844  0.00816199
          28     9.67193     9.63963  0.00795764
          29     9.64515     9.63983  0.00768552
          30     9.62392     9.63929  0.00744759
          31     9.63786     9.63925  0.00720749
          32     9.66722     9.64012  0.00703507
          33     9.68678     9.64154   0.0069625
          34     9.62437     9.64103    0.006776
          35     9.60884     9.64011  0.00664455
          36     9.64972     9.64038  0.00646534
          37     9.63355     9.64019  0.00629323
          38     9.63943     9.64017  0.00612765
          39     9.61988     9.63965  0.00599257
          40     9.64803     9.63986  0.00584641
          41     9.69771     9.64127  0.00587158
          42     9.63369     9.64109  0.00573456
          43     9.66968     9.64176  0.00563961
          44      9.6272     9.64143  0.00552114
          45     9.61989     9.64095  0.00541916
          46     9.65796     9.64132  0.00531395
          47     9.67704     9.64208  0.00525497
          48     9.63105     9.64185  0.00515051
          49     9.68831      9.6428  0.00513194
          50     9.68822     9.64371  0.00510909
