           1   -0.311734   -0.311734           0
           2   -0.325355   -0.318545  0.00481554
           3    -0.33026    -0.32245  0.00452466
           4   -0.310666   -0.319504   0.0042455
           5   -0.318535    -0.31931  0.00340082
           6   -0.355574   -0.325354  0.00620268
           7   -0.344902   -0.328147  0.00591186
           8   -0.362023   -0.332381   0.0065153
           9    -0.29008   -0.327681  0.00729224
          10   -0.321847   -0.327098  0.00658631
          11   -0.345369   -0.328759  0.00619347
          12    -0.34047   -0.329735  0.00575373
          13   -0.344156   -0.330844  0.00541702
          14   -0.353001   -0.332427  0.00525621
          15   -0.386237   -0.336014  0.00600649
          16   -0.372863   -0.338317  0.00605653
          17   -0.428438   -0.343618  0.00767744
          18   -0.474868    -0.35091   0.0101385
          19   -0.434519    -0.35531   0.0105166
          20   -0.391009   -0.357095   0.0101411
          21   -0.384084    -0.35838  0.00973932
          22   -0.389736   -0.359806  0.00940033
          23   -0.391953   -0.361203  0.00909494
          24   -0.366168    -0.36141  0.00871833
          25   -0.371532   -0.361815    0.008379
          26   -0.390208   -0.362907  0.00812758
          27   -0.424811     -0.3652  0.00814352
          28    -0.38517   -0.365913  0.00788385
          29   -0.380517   -0.366417  0.00762806
          30    -0.37419   -0.366676  0.00737819
          31   -0.377522   -0.367026  0.00714848
          32   -0.356596     -0.3667  0.00693251
          33   -0.391597   -0.367454  0.00676337
          34   -0.310827   -0.365789   0.0067664
          35   -0.312629    -0.36427  0.00674139
          36   -0.307588   -0.362695  0.00673549
          37   -0.352749   -0.362426  0.00655881
          38   -0.418506   -0.363902  0.00655014
          39   -0.395556   -0.364714  0.00643227
          40   -0.396155     -0.3655  0.00631931
          41   -0.405366   -0.366472  0.00623954
          42   -0.403699   -0.367359  0.00615361
          43   -0.377945   -0.367605  0.00601543
          44   -0.391949   -0.368158   0.0059041
          45    -0.38916   -0.368625  0.00579132
          46   -0.395389   -0.369207  0.00569457
          47   -0.362351   -0.369061  0.00557528
          48   -0.425067   -0.370228  0.00557989
          49   -0.424721    -0.37134  0.00557574
          50   -0.441325   -0.372739  0.00563717
