           1     -6.6582     -6.6582           0
           2    -6.65966    -6.65893 0.000514194
           3    -6.66092    -6.65959 0.000641181
           4    -6.65289    -6.65792  0.00152838
           5    -6.66627    -6.65959  0.00193024
           6    -6.64011    -6.65634  0.00337245
           7    -6.66422    -6.65747  0.00307252
           8    -6.65163    -6.65674  0.00277371
           9    -6.65263    -6.65628  0.00250284
          10    -6.65297    -6.65595  0.00227436
          11    -6.65168    -6.65556  0.00210052
          12    -6.66731    -6.65654  0.00214167
          13    -6.63471    -6.65486   0.0025518
          14    -6.65698    -6.65501    0.002374
          15    -6.65073    -6.65473  0.00223283
          16    -6.65175    -6.65454  0.00210099
          17    -6.66179    -6.65497  0.00202024
          18     -6.6498    -6.65468   0.0019283
          19     -6.6721     -6.6556  0.00203316
          20     -6.6502    -6.65533   0.0019493
          21    -6.65316    -6.65522  0.00185922
          22    -6.65746    -6.65533  0.00177747
          23    -6.66568    -6.65578  0.00175625
          24    -6.64187     -6.6552  0.00177609
          25    -6.64605    -6.65483  0.00174235
          26    -6.65545    -6.65485   0.0016755
          27    -6.66233    -6.65513  0.00163619
          28    -6.64991    -6.65494  0.00158836
          29    -6.65572    -6.65497  0.00153381
          30    -6.65847    -6.65509   0.0014871
          31    -6.66168     -6.6553  0.00145424
          32    -6.65565    -6.65531  0.00140884
          33    -6.64729    -6.65507  0.00138693
          34    -6.66082    -6.65524  0.00135642
          35    -6.65957    -6.65536  0.00132329
          36    -6.64992    -6.65521  0.00129512
          37    -6.65049    -6.65508  0.00126638
          38    -6.65187      -6.655  0.00123588
          39    -6.65705    -6.65505  0.00120532
          40    -6.65464    -6.65504  0.00117523
          41     -6.6472    -6.65485    0.001162
          42    -6.65491    -6.65485  0.00113434
          43     -6.6509    -6.65476  0.00111167
          44    -6.65728    -6.65482  0.00108788
          45    -6.66095    -6.65495  0.00107222
          46    -6.65295    -6.65491  0.00104979
          47    -6.64996     -6.6548  0.00103272
          48    -6.66078    -6.65493  0.00101869
          49    -6.65235    -6.65488 0.000999258
          50    -6.64338    -6.65465  0.00100539
