1 1.18618     1.18618           0
2 1.19526     1.19072  0.00321051
3 1.19857     1.19334  0.00302353
4 1.18544     1.19136  0.00284088
5 1.19072     1.19124   0.0022756
6 1.21536     1.19526  0.00413082
7 1.20826     1.19711  0.00393654
8 1.21978     1.19995  0.00434629
9 1.17177     1.19682  0.00486191
10 1.19291     1.19643   0.0043914
11 1.20863     1.19754  0.00413005
12 1.20532     1.19818   0.0038365
13 1.20776     1.19892  0.00361138
14 1.21366     1.19997  0.00350361
15 1.23584     1.20237  0.00400379
16 1.22678     1.20389  0.00403392
17 1.26384     1.20742  0.00511059
18 1.2948     1.21227  0.00674923
19 1.26787      1.2152  0.00699975
20 1.23883     1.21638  0.00674875
21 1.23421     1.21723  0.00648056
22 1.23802     1.21817   0.0062545
23 1.2397     1.21911  0.00605219
24 1.22241     1.21925  0.00580158
25 1.22607     1.21952  0.00557593
26 1.23842     1.22025  0.00540866
27 1.26159     1.22178  0.00542074
28 1.23517     1.22226   0.0052482
29 1.232     1.22259  0.00507798
30 1.22782     1.22277   0.0049117
31 1.22998       1.223  0.00475876
32 1.21616     1.22279  0.00461485
33 1.23946     1.22329  0.00450258
34 1.18567     1.22218  0.00450409
35 1.18681     1.22117  0.00448737
36 1.18341     1.22012  0.00448367
37 1.21339     1.21994  0.00436618
38 1.2573     1.22093  0.00436056
39 1.24201     1.22147  0.00428212
40 1.24242     1.22199  0.00420698
41 1.24861     1.22264  0.00415418
42 1.24746     1.22323  0.00409711
43 1.23035      1.2234  0.00400517
44 1.23977     1.22377  0.00393139
45 1.2379     1.22408  0.00385655
46 1.24206     1.22447  0.00379246
47 1.21991     1.22438  0.00371301
48 1.26163     1.22515  0.00371587
49 1.26138     1.22589  0.00371284
50 1.27235     1.22682  0.00375307
