           1     1.77928     1.77928           0
           2      1.7929     1.78609  0.00481576
           3     1.79786     1.79001  0.00453529
           4     1.77815     1.78705  0.00426132
           5     1.78608     1.78685  0.00341341
           6     1.82303     1.79288  0.00619622
           7     1.81239     1.79567  0.00590481
           8     1.82967     1.79992  0.00651943
           9     1.75766     1.79522  0.00729286
          10     1.78936     1.79464   0.0065871
          11     1.81295      1.7963  0.00619508
          12     1.80798     1.79728  0.00575475
          13     1.81164     1.79838  0.00541707
          14      1.8205     1.79996  0.00525542
          15     1.85377     1.80355  0.00600569
          16     1.84017     1.80584  0.00605087
          17     1.89576     1.81113  0.00766588
          18     1.94219     1.81841   0.0101238
          19     1.90181      1.8228   0.0104996
          20     1.85825     1.82457   0.0101231
          21     1.85131     1.82584  0.00972084
          22     1.85703     1.82726  0.00938175
          23     1.85955     1.82866  0.00907828
          24     1.83362     1.82887  0.00870237
          25      1.8391     1.82928  0.00836389
          26     1.85764     1.83037    0.008113
          27     1.89238     1.83267  0.00813112
          28     1.85276     1.83339  0.00787231
          29       1.848     1.83389  0.00761697
          30     1.84173     1.83415  0.00736755
          31     1.84496      1.8345  0.00713814
          32     1.82424     1.83418  0.00692227
          33     1.85919     1.83494  0.00675387
          34      1.7785     1.83328  0.00675614
          35     1.78021     1.83176  0.00673106
          36     1.77511     1.83019  0.00672551
          37     1.82009     1.82991  0.00654927
          38     1.88595     1.83139  0.00654083
          39     1.86301      1.8322  0.00642318
          40     1.86363     1.83299  0.00631047
          41     1.87292     1.83396  0.00623128
          42      1.8712     1.83485  0.00614566
          43     1.84553     1.83509  0.00600776
          44     1.85965     1.83565  0.00589709
          45     1.85685     1.83612  0.00578483
          46     1.86308     1.83671  0.00568868
          47     1.82987     1.83656  0.00556951
          48     1.89244     1.83773   0.0055738
          49     1.89206     1.83884  0.00556926
          50     1.90853     1.84023  0.00562961
