1 1.95        1.95           0
2 1.94998     1.94999 6.33972e-06
3 1.94993     1.94997  1.7586e-05
4 1.94984     1.94994 3.13452e-05
5 1.94971     1.94989 4.72353e-05
6 1.94955     1.94984 6.50088e-05
7 1.94936     1.94977 8.44927e-05
8 1.94912     1.94969 0.000105559
9 1.94885     1.94959 0.000128109
10 1.94855     1.94949 0.000152064
11 1.94821     1.94937 0.000177362
12 1.94783     1.94924 0.000203953
13 1.94741      1.9491 0.000231794
14 1.94696     1.94895 0.000260852
15 1.94647     1.94879 0.000291098
16 1.94595     1.94861 0.000322511
17 1.94538     1.94842 0.000355072
18 1.94478     1.94822 0.000388768
19 1.94413       1.948 0.000423587
20 1.94345     1.94777 0.000459521
21 1.94272     1.94753 0.000496566
22 1.94196     1.94728 0.000534719
23 1.94115     1.94701 0.000573978
24 1.94031     1.94673 0.000614346
25 1.93941     1.94644 0.000655825
26 1.93848     1.94613  0.00069842
27 1.9375     1.94582 0.000742132
28 1.93648     1.94548 0.000786965
29 1.93541     1.94513 0.000832929
30 1.9343     1.94477 0.000880038
31 1.93313      1.9444 0.000928304
32 1.93192     1.94401 0.000977742
33 1.93066      1.9436  0.00102836
34 1.92935     1.94318  0.00108017
35 1.92799     1.94275  0.00113319
36 1.92658      1.9423  0.00118741
37 1.92511     1.94184  0.00124288
38 1.92359     1.94136  0.00129959
39 1.92202     1.94086  0.00135758
40 1.92039     1.94035  0.00141686
41 1.9187     1.93982  0.00147744
42 1.91695     1.93928  0.00153935
43 1.91514     1.93871   0.0016026
44 1.91327     1.93814  0.00166723
45 1.91134     1.93754  0.00173324
46 1.90935     1.93693  0.00180067
47 1.90729      1.9363  0.00186953
48 1.90516     1.93565  0.00193984
49 1.90297     1.93498  0.00201164
50 1.90071      1.9343  0.00208494
51 1.89837     1.93359  0.00215977
52 1.89597     1.93287  0.00223616
53 1.89349     1.93213  0.00231414
54 1.89093     1.93136  0.00239374
55 1.88829     1.93058  0.00247499
56 1.88558     1.92978  0.00255792
57 1.88278     1.92895  0.00264256
58 1.87991     1.92811  0.00272893
59 1.87695     1.92724  0.00281708
60 1.8739     1.92635  0.00290701
61 1.87077     1.92544  0.00299877
62 1.86754      1.9245  0.00309238
63 1.86423     1.92355  0.00318787
64 1.86082     1.92257  0.00328528
65 1.85732     1.92156  0.00338463
66 1.85372     1.92054  0.00348596
67 1.85002     1.91948  0.00358931
68 1.84622     1.91841  0.00369469
69 1.84232      1.9173  0.00380214
70 1.83831     1.91617   0.0039117
71 1.8342     1.91502  0.00402339
72 1.82998     1.91384  0.00413724
73 1.82565     1.91263  0.00425328
74 1.82121      1.9114  0.00437154
75 1.81666     1.91013  0.00449205
76 1.81199     1.90884  0.00461484
77 1.8072     1.90752  0.00473993
78 1.8023     1.90617  0.00486733
79 1.79728     1.90479  0.00499708
80 1.79214     1.90339  0.00512921
81 1.78687     1.90195  0.00526373
82 1.78148     1.90048  0.00540066
83 1.77596     1.89898  0.00554003
84 1.77032     1.89745  0.00568185
85 1.76455     1.89588  0.00582615
86 1.75865     1.89429  0.00597294
87 1.75262     1.89266  0.00612223
88 1.74646       1.891  0.00627403
89 1.74016      1.8893  0.00642836
90 1.73374     1.88757  0.00658521
91 1.72718     1.88581   0.0067446
92 1.72049     1.88401  0.00690652
93 1.71367     1.88218  0.00707099
94 1.70671     1.88032  0.00723798
95 1.69962     1.87841  0.00740751
96 1.69239     1.87648  0.00757957
97 1.68503      1.8745  0.00775414
98 1.67754     1.87249   0.0079312
99 1.66992     1.87045  0.00811076
100 1.66216     1.86836  0.00829277
101 1.65428     1.86624  0.00847723
102 1.64627     1.86409  0.00866409
103 1.63814     1.86189  0.00885334
104 1.62988     1.85966  0.00904493
105 1.62149     1.85739  0.00923882
106 1.61299     1.85509  0.00943499
107 1.60437     1.85275  0.00963337
108 1.59564     1.85037  0.00983392
109 1.5868     1.84795   0.0100366
110 1.57785     1.84549   0.0102413
111 1.5688       1.843    0.010448
112 1.55964     1.84047   0.0106566
113 1.55039      1.8379   0.0108671
114 1.54105      1.8353   0.0110794
115 1.53162     1.83266   0.0112933
116 1.52211     1.82998   0.0115089
117 1.51252     1.82727    0.011726
118 1.50286     1.82452   0.0119446
119 1.49313     1.82173   0.0121645
120 1.48334     1.81891   0.0123857
121 1.4735     1.81606    0.012608
122 1.46361     1.81317   0.0128314
123 1.45367     1.81025   0.0130557
124 1.4437     1.80729   0.0132808
125 1.4337      1.8043   0.0135067
126 1.42368     1.80128   0.0137331
127 1.41365     1.79823     0.01396
128 1.4036     1.79515   0.0141873
129 1.39355     1.79203   0.0144149
130 1.38351     1.78889   0.0146425
131 1.37348     1.78572   0.0148701
132 1.36347     1.78252   0.0150976
133 1.35349     1.77929   0.0153249
134 1.34355     1.77604   0.0155517
135 1.33365     1.77277    0.015778
136 1.32379     1.76946   0.0160036
137 1.31399     1.76614   0.0162284
138 1.30425     1.76279   0.0164524
139 1.29459     1.75942   0.0166753
140 1.285     1.75604    0.016897
141 1.27549     1.75263   0.0171174
142 1.26607      1.7492   0.0173364
143 1.25675     1.74576   0.0175539
144 1.24753      1.7423   0.0177697
145 1.23842     1.73882   0.0179837
146 1.22942     1.73533   0.0181958
147 1.22055     1.73183   0.0184059
148 1.21179     1.72832    0.018614
149 1.20317     1.72479   0.0188197
150 1.19469     1.72126   0.0190232
151 1.18634     1.71772   0.0192242
152 1.17814     1.71417   0.0194227
153 1.17009     1.71061   0.0196186
154 1.16219     1.70705   0.0198118
155 1.15445     1.70348   0.0200022
156 1.14687     1.69992   0.0201897
157 1.13945     1.69635   0.0203743
158 1.1322     1.69278   0.0205558
159 1.12512     1.68921   0.0207342
160 1.11821     1.68564   0.0209095
161 1.11147     1.68207   0.0210816
162 1.10491     1.67851   0.0212504
163 1.09853     1.67495   0.0214158
164 1.09233      1.6714   0.0215779
165 1.08631     1.66785   0.0217365
166 1.08047     1.66431   0.0218917
167 1.07482     1.66078   0.0220433
168 1.06935     1.65726   0.0221914
169 1.06406     1.65375    0.022336
170 1.05895     1.65025    0.022477
171 1.05403     1.64677   0.0226144
172 1.04929     1.64329   0.0227481
173 1.04473     1.63983   0.0228782
174 1.04036     1.63639   0.0230047
175 1.03616     1.63296   0.0231275
176 1.03215     1.62954   0.0232467
177 1.02831     1.62615   0.0233622
178 1.02465     1.62277   0.0234741
179 1.02116     1.61941   0.0235823
180 1.01785     1.61607   0.0236869
181 1.0147     1.61274   0.0237879
182 1.01172     1.60944   0.0238853
183 1.00891     1.60616   0.0239792
184 1.00626      1.6029   0.0240695
185 1.00378     1.59966   0.0241563
186 1.00145     1.59644   0.0242395
187 0.999275     1.59325   0.0243194
188 0.997254     1.59008   0.0243958
189 0.995382     1.58693   0.0244688
190 0.993655     1.58381   0.0245384
191 0.99207     1.58071   0.0246047
192 0.990624     1.57764   0.0246678
193 0.989314     1.57459   0.0247276
194 0.988136     1.57157   0.0247842
195 0.987087     1.56857   0.0248377
196 0.986163      1.5656   0.0248881
197 0.985361     1.56265   0.0249355
198 0.984677     1.55974   0.0249798
199 0.984107     1.55684   0.0250212
200 0.983649     1.55398   0.0250597
201 0.983297     1.55114   0.0250953
202 0.983049     1.54833   0.0251282
203 0.9829     1.54554   0.0251583
204 0.982848     1.54278   0.0251857
205 0.982888     1.54005   0.0252105
206 0.983016     1.53735   0.0252327
207 0.983229     1.53467   0.0252524
208 0.983523     1.53202   0.0252697
209 0.983896      1.5294   0.0252845
210 0.984342      1.5268   0.0252969
211 0.984858     1.52423   0.0253071
212 0.985441     1.52169    0.025315
213 0.986088     1.51918   0.0253208
214 0.986794     1.51669   0.0253244
215 0.987557     1.51423   0.0253259
216 0.988374     1.51179   0.0253254
217 0.989241     1.50939   0.0253229
218 0.990153       1.507   0.0253185
219 0.991107     1.50465   0.0253122
220 0.9921     1.50232   0.0253042
221 0.99313     1.50001   0.0252943
222 0.994191     1.49774   0.0252828
223 0.995282     1.49548   0.0252696
224 0.996399     1.49325   0.0252549
225 0.997539     1.49105   0.0252385
226 0.998699     1.48887   0.0252207
227 0.999877     1.48672   0.0252014
228 1.00107     1.48459   0.0251808
229 1.00227     1.48248   0.0251587
230 1.00349      1.4804   0.0251354
231 1.00471     1.47834   0.0251108
232 1.00593      1.4763    0.025085
233 1.00716     1.47429    0.025058
234 1.00838      1.4723   0.0250299
235 1.0096     1.47033   0.0250007
236 1.01082     1.46838   0.0249705
237 1.01204     1.46646   0.0249392
238 1.01324     1.46455   0.0249071
239 1.01444     1.46267   0.0248739
240 1.01562     1.46081     0.02484
241 1.0168     1.45897   0.0248051
242 1.01796     1.45714   0.0247695
243 1.01911     1.45534    0.024733
244 1.02024     1.45356   0.0246959
245 1.02136     1.45179    0.024658
246 1.02247     1.45005   0.0246194
247 1.02356     1.44832   0.0245802
248 1.02463     1.44661   0.0245404
249 1.02569     1.44492      0.0245
250 1.02674     1.44325   0.0244591
251 1.02777     1.44159   0.0244176
252 1.02878     1.43996   0.0243756
253 1.02979     1.43834   0.0243331
254 1.03078     1.43673   0.0242901
255 1.03176     1.43514   0.0242467
256 1.03273     1.43357   0.0242029
257 1.03369     1.43201   0.0241587
258 1.03464     1.43047   0.0241141
259 1.03559     1.42895   0.0240691
260 1.03653     1.42744   0.0240238
261 1.03747     1.42595   0.0239782
262 1.03841     1.42447   0.0239323
263 1.03935       1.423    0.023886
264 1.04029     1.42155   0.0238395
265 1.04124     1.42012   0.0237927
266 1.0422      1.4187   0.0237456
267 1.04316     1.41729   0.0236983
268 1.04413      1.4159   0.0236508
269 1.04511     1.41452    0.023603
270 1.04611     1.41316    0.023555
271 1.04712     1.41181   0.0235067
272 1.04815     1.41047   0.0234583
273 1.04919     1.40914   0.0234097
274 1.05026     1.40784   0.0233609
275 1.05134     1.40654   0.0233118
276 1.05244     1.40526   0.0232627
277 1.05356     1.40399   0.0232133
278 1.05471     1.40273   0.0231638
279 1.05588     1.40149   0.0231141
280 1.05706     1.40026   0.0230642
281 1.05828     1.39904   0.0230143
282 1.05951     1.39784   0.0229641
283 1.06077     1.39664   0.0229138
284 1.06204     1.39547   0.0228634
285 1.06334      1.3943   0.0228129
286 1.06466     1.39315   0.0227622
287 1.066     1.39201   0.0227114
288 1.06735     1.39088   0.0226605
289 1.06873     1.38977   0.0226095
290 1.07011     1.38866   0.0225584
291 1.07152     1.38757   0.0225072
292 1.07293      1.3865   0.0224559
293 1.07436     1.38543   0.0224045
294 1.07579     1.38438    0.022353
295 1.07724     1.38334   0.0223015
296 1.07869     1.38231   0.0222499
297 1.08014     1.38129   0.0221982
298 1.08159     1.38028   0.0221465
299 1.08304     1.37929   0.0220947
300 1.08449     1.37831   0.0220429
301 1.08593     1.37734   0.0219911
302 1.08737     1.37638   0.0219392
303 1.08879     1.37543   0.0218873
304 1.09021     1.37449   0.0218355
305 1.09161     1.37356   0.0217835
306 1.093     1.37264   0.0217316
307 1.09437     1.37174   0.0216798
308 1.09572     1.37084   0.0216279
309 1.09705     1.36996    0.021576
310 1.09836     1.36908   0.0215242
311 1.09964     1.36821   0.0214724
312 1.1009     1.36736   0.0214207
313 1.10213     1.36651    0.021369
314 1.10334     1.36567   0.0213174
315 1.10451     1.36484   0.0212658
316 1.10566     1.36402   0.0212143
317 1.10677     1.36321   0.0211629
318 1.10785     1.36241   0.0211116
319 1.1089     1.36161   0.0210604
320 1.10991     1.36083   0.0210093
321 1.11089     1.36005   0.0209582
322 1.11183     1.35928   0.0209073
323 1.11273     1.35851   0.0208565
324 1.1136     1.35776   0.0208058
325 1.11443     1.35701   0.0207553
326 1.11522     1.35627   0.0207049
327 1.11597     1.35553   0.0206546
328 1.11669      1.3548   0.0206044
329 1.11737     1.35408   0.0205545
330 1.118     1.35337   0.0205046
331 1.1186     1.35266   0.0204549
332 1.11916     1.35195   0.0204054
333 1.11968     1.35126    0.020356
334 1.12016     1.35056   0.0203069
335 1.1206     1.34988   0.0202578
336 1.121      1.3492    0.020209
337 1.12136     1.34852   0.0201603
338 1.12168     1.34785   0.0201119
339 1.12196     1.34718   0.0200636
340 1.12221     1.34652   0.0200155
341 1.12241     1.34586   0.0199676
342 1.12257     1.34521   0.0199198
343 1.1227     1.34456   0.0198723
344 1.12279     1.34392    0.019825
345 1.12283     1.34328   0.0197779
346 1.12284     1.34264    0.019731
347 1.12281     1.34201   0.0196843
348 1.12274     1.34138   0.0196378
349 1.12263     1.34075   0.0195916
350 1.12248     1.34013   0.0195455
351 1.12229     1.33951   0.0194997
352 1.12206     1.33889   0.0194541
353 1.12179     1.33827   0.0194087
354 1.12148     1.33766   0.0193635
355 1.12113     1.33705   0.0193186
356 1.12074     1.33644   0.0192738
357 1.12031     1.33584   0.0192294
358 1.11984     1.33523   0.0191851
359 1.11933     1.33463   0.0191411
360 1.11877     1.33403   0.0190973
361 1.11818     1.33344   0.0190538
362 1.11754     1.33284   0.0190105
363 1.11687     1.33224   0.0189674
364 1.11615     1.33165   0.0189246
365 1.11539     1.33106    0.018882
366 1.11458     1.33047   0.0188397
367 1.11374     1.32988   0.0187976
368 1.11285     1.32929   0.0187558
369 1.11192      1.3287   0.0187142
370 1.11094     1.32811   0.0186729
371 1.10993     1.32752   0.0186318
372 1.10887     1.32693    0.018591
373 1.10777     1.32635   0.0185504
374 1.10663     1.32576   0.0185101
375 1.10545     1.32517   0.0184701
376 1.10423     1.32458   0.0184303
377 1.10296     1.32399   0.0183908
378 1.10166     1.32341   0.0183515
379 1.10031     1.32282   0.0183126
380 1.09893     1.32223   0.0182738
381 1.09751     1.32164   0.0182354
382 1.09605     1.32105   0.0181972
383 1.09456     1.32046   0.0181593
384 1.09303     1.31986   0.0181217
385 1.09147     1.31927   0.0180843
386 1.08987     1.31868   0.0180472
387 1.08824     1.31808   0.0180104
388 1.08659     1.31749   0.0179739
389 1.0849     1.31689   0.0179376
390 1.08319     1.31629   0.0179016
391 1.08145     1.31569   0.0178659
392 1.07969     1.31509   0.0178305
393 1.07791     1.31448   0.0177953
394 1.07611     1.31388   0.0177604
395 1.07429     1.31327   0.0177258
396 1.07246     1.31266   0.0176915
397 1.07062     1.31205   0.0176574
398 1.06877     1.31144   0.0176236
399 1.06691     1.31083   0.0175901
400 1.06505     1.31021   0.0175569
401 1.06318      1.3096   0.0175239
402 1.06132     1.30898   0.0174912
403 1.05946     1.30836   0.0174587
404 1.0576     1.30774   0.0174265
405 1.05576     1.30712   0.0173946
406 1.05393     1.30649    0.017363
407 1.05211     1.30587   0.0173315
408 1.05031     1.30524   0.0173004
409 1.04853     1.30462   0.0172695
410 1.04677     1.30399   0.0172388
411 1.04504     1.30336   0.0172084
412 1.04334     1.30273   0.0171782
413 1.04167     1.30209   0.0171482
414 1.04003     1.30146   0.0171184
415 1.03843     1.30083   0.0170889
416 1.03687     1.30019   0.0170596
417 1.03535     1.29956   0.0170305
418 1.03387     1.29892   0.0170016
419 1.03244     1.29829    0.016973
420 1.03106     1.29765   0.0169445
421 1.02973     1.29701   0.0169162
422 1.02845     1.29638    0.016888
423 1.02722     1.29574   0.0168601
424 1.02605      1.2951   0.0168323
425 1.02493     1.29447   0.0168047
426 1.02388     1.29383   0.0167773
427 1.02288      1.2932     0.01675
428 1.02195     1.29256   0.0167228
429 1.02108     1.29193   0.0166958
430 1.02027      1.2913   0.0166689
431 1.01952     1.29067   0.0166422
432 1.01884     1.29004   0.0166156
433 1.01822     1.28941    0.016589
434 1.01767     1.28879   0.0165626
435 1.01718     1.28816   0.0165363
436 1.01676     1.28754   0.0165101
437 1.01641     1.28692    0.016484
438 1.01612      1.2863   0.0164579
439 1.0159     1.28568    0.016432
440 1.01574     1.28507   0.0164061
441 1.01564     1.28446   0.0163802
442 1.01561     1.28385   0.0163545
443 1.01564     1.28325   0.0163288
444 1.01574     1.28264   0.0163031
445 1.01589     1.28204   0.0162775
446 1.01611     1.28145   0.0162519
447 1.01639     1.28086   0.0162263
448 1.01673     1.28027   0.0162008
449 1.01713     1.27968   0.0161754
450 1.01758      1.2791   0.0161499
451 1.01809     1.27852   0.0161244
452 1.01866     1.27794    0.016099
453 1.01928     1.27737   0.0160736
454 1.01995     1.27681   0.0160482
455 1.02068     1.27624   0.0160228
456 1.02145     1.27568   0.0159974
457 1.02228     1.27513    0.015972
458 1.02315     1.27458   0.0159466
459 1.02407     1.27403   0.0159212
460 1.02504     1.27349   0.0158958
461 1.02605     1.27296   0.0158704
462 1.0271     1.27242   0.0158449
463 1.0282      1.2719   0.0158195
464 1.02933     1.27137    0.015794
465 1.03051     1.27086   0.0157686
466 1.03172     1.27034   0.0157431
467 1.03297     1.26983   0.0157176
468 1.03426     1.26933    0.015692
469 1.03558     1.26883   0.0156665
470 1.03693     1.26834   0.0156409
471 1.03832     1.26785   0.0156153
472 1.03973     1.26737   0.0155897
473 1.04118     1.26689   0.0155641
474 1.04265     1.26642   0.0155385
475 1.04415     1.26595   0.0155128
476 1.04567     1.26548   0.0154871
477 1.04722     1.26503   0.0154614
478 1.04879     1.26458   0.0154357
479 1.05038     1.26413   0.0154099
480 1.052     1.26369   0.0153841
481 1.05363     1.26325   0.0153584
482 1.05528     1.26282   0.0153325
483 1.05695     1.26239   0.0153067
484 1.05863     1.26197   0.0152809
485 1.06033     1.26155    0.015255
486 1.06204     1.26114   0.0152292
487 1.06377     1.26074   0.0152033
488 1.0655     1.26034   0.0151774
489 1.06724     1.25994   0.0151515
490 1.06899     1.25955   0.0151256
491 1.07074     1.25917   0.0150997
492 1.0725     1.25879   0.0150737
493 1.07426     1.25842   0.0150478
494 1.07603     1.25805   0.0150219
495 1.07779     1.25768   0.0149959
496 1.07956     1.25732     0.01497
497 1.08131     1.25697   0.0149441
498 1.08307     1.25662   0.0149182
499 1.08482     1.25628   0.0148922
500 1.08656     1.25594   0.0148663
501 1.08828      1.2556   0.0148404
502 1.09     1.25527   0.0148145
503 1.0917     1.25495   0.0147886
504 1.09339     1.25463   0.0147628
505 1.09505     1.25431   0.0147369
506 1.0967       1.254   0.0147111
507 1.09832     1.25369   0.0146853
508 1.09992     1.25339   0.0146595
509 1.1015     1.25309   0.0146337
510 1.10304      1.2528    0.014608
511 1.10456     1.25251   0.0145823
512 1.10604     1.25222   0.0145566
513 1.10749     1.25194   0.0145309
514 1.1089     1.25166   0.0145053
515 1.11027     1.25139   0.0144798
516 1.11161     1.25111   0.0144542
517 1.1129     1.25085   0.0144288
518 1.11414     1.25058   0.0144033
519 1.11535     1.25032   0.0143779
520 1.1165     1.25007   0.0143526
521 1.1176     1.24981   0.0143273
522 1.11865     1.24956    0.014302
523 1.11965     1.24931   0.0142768
524 1.1206     1.24907   0.0142517
525 1.12149     1.24882   0.0142266
526 1.12232     1.24858   0.0142016
527 1.12309     1.24834   0.0141767
528 1.1238     1.24811   0.0141518
529 1.12446     1.24787    0.014127
530 1.12505     1.24764   0.0141022
531 1.12557     1.24741   0.0140775
532 1.12604     1.24718   0.0140529
533 1.12644     1.24696   0.0140284
534 1.12677     1.24673   0.0140039
535 1.12704     1.24651   0.0139795
536 1.12724     1.24629   0.0139552
537 1.12737     1.24607    0.013931
538 1.12744     1.24584   0.0139068
539 1.12744     1.24563   0.0138828
540 1.12737     1.24541   0.0138588
541 1.12723     1.24519   0.0138349
542 1.12703     1.24497   0.0138111
543 1.12676     1.24475   0.0137874
544 1.12642     1.24453   0.0137637
545 1.12601     1.24432   0.0137402
546 1.12554      1.2441   0.0137168
547 1.12499     1.24388   0.0136934
548 1.12438     1.24366   0.0136702
549 1.12371     1.24345    0.013647
550 1.12297     1.24323   0.0136239
551 1.12217     1.24301    0.013601
552 1.1213     1.24279   0.0135781
553 1.12036     1.24256   0.0135554
554 1.11937     1.24234   0.0135327
555 1.11831     1.24212   0.0135102
556 1.1172     1.24189   0.0134878
557 1.11602     1.24167   0.0134654
558 1.11479     1.24144   0.0134432
559 1.1135     1.24121   0.0134211
560 1.11216     1.24098   0.0133991
561 1.11076     1.24075   0.0133773
562 1.10931     1.24052   0.0133555
563 1.10781     1.24028   0.0133339
564 1.10626     1.24004   0.0133123
565 1.10467      1.2398   0.0132909
566 1.10303     1.23956   0.0132697
567 1.10134     1.23932   0.0132485
568 1.09962     1.23907   0.0132275
569 1.09786     1.23882   0.0132065
570 1.09607     1.23857   0.0131857
571 1.09424     1.23832   0.0131651
572 1.09238     1.23806   0.0131445
573 1.0905     1.23781   0.0131241
574 1.08859     1.23755   0.0131038
575 1.08667     1.23728   0.0130837
576 1.08472     1.23702   0.0130636
577 1.08276     1.23675   0.0130437
578 1.0808     1.23648   0.0130239
579 1.07882     1.23621   0.0130043
580 1.07685     1.23594   0.0129848
581 1.07487     1.23566   0.0129654
582 1.0729     1.23538   0.0129461
583 1.07094      1.2351    0.012927
584 1.06899     1.23481    0.012908
585 1.06706     1.23453   0.0128891
586 1.06516     1.23424   0.0128703
587 1.06328     1.23395   0.0128517
588 1.06143     1.23365   0.0128332
589 1.05962     1.23336   0.0128148
590 1.05784     1.23306   0.0127966
591 1.05612     1.23276   0.0127784
592 1.05444     1.23246   0.0127604
593 1.05282     1.23216   0.0127424
594 1.05126     1.23185   0.0127246
595 1.04976     1.23154   0.0127069
596 1.04833     1.23124   0.0126893
597 1.04697     1.23093   0.0126718
598 1.04569     1.23062   0.0126544
599 1.04449     1.23031   0.0126371
600 1.04338        1.23   0.0126199
601 1.04235     1.22968   0.0126027
602 1.04143     1.22937   0.0125857
603 1.0406     1.22906   0.0125687
604 1.03987     1.22875   0.0125518
605 1.03924     1.22843    0.012535
606 1.03873     1.22812   0.0125182
607 1.03832     1.22781   0.0125015
608 1.03803     1.22749   0.0124848
609 1.03785     1.22718   0.0124682
610 1.03778     1.22687   0.0124516
611 1.03783     1.22656   0.0124351
612 1.03801     1.22625   0.0124186
613 1.0383     1.22595   0.0124021
614 1.0387     1.22564   0.0123857
615 1.03923     1.22534   0.0123692
616 1.03987     1.22504   0.0123528
617 1.04062     1.22474   0.0123364
618 1.04149     1.22444     0.01232
619 1.04247     1.22415   0.0123036
620 1.04356     1.22386   0.0122872
621 1.04476     1.22357   0.0122708
622 1.04605     1.22328   0.0122544
623 1.04744       1.223    0.012238
624 1.04893     1.22272   0.0122215
625 1.0505     1.22245   0.0122051
626 1.05216     1.22218   0.0121886
627 1.05389     1.22191   0.0121721
628 1.0557     1.22164   0.0121556
629 1.05758     1.22138   0.0121391
630 1.05953     1.22113   0.0121226
631 1.06153     1.22087    0.012106
632 1.06359     1.22062   0.0120894
633 1.06569     1.22038   0.0120728
634 1.06784     1.22014   0.0120561
635 1.07003      1.2199   0.0120395
636 1.07225     1.21967   0.0120228
637 1.07449     1.21944    0.012006
638 1.07677     1.21922   0.0119893
639 1.07906       1.219   0.0119726
640 1.08136     1.21878   0.0119558
641 1.08368     1.21857    0.011939
642 1.086     1.21837   0.0119222
643 1.08833     1.21816   0.0119053
644 1.09066     1.21797   0.0118885
645 1.09299     1.21777   0.0118717
646 1.09531     1.21758   0.0118548
647 1.09762      1.2174   0.0118379
648 1.09992     1.21722    0.011821
649 1.1022     1.21704   0.0118042
650 1.10447     1.21687   0.0117873
651 1.10672      1.2167   0.0117704
652 1.10895     1.21653   0.0117535
653 1.11115     1.21637   0.0117366
654 1.11333     1.21621   0.0117197
655 1.11549     1.21606   0.0117028
656 1.11761     1.21591   0.0116859
657 1.11971     1.21576   0.0116691
658 1.12177     1.21562   0.0116522
659 1.1238     1.21548   0.0116354
660 1.12579     1.21534   0.0116185
661 1.12775     1.21521   0.0116017
662 1.12967     1.21508   0.0115849
663 1.13155     1.21496   0.0115681
664 1.13339     1.21483   0.0115513
665 1.13518     1.21471   0.0115346
666 1.13693      1.2146   0.0115179
667 1.13864     1.21448   0.0115012
668 1.14029     1.21437   0.0114845
669 1.14189     1.21426   0.0114678
670 1.14344     1.21416   0.0114512
671 1.14494     1.21405   0.0114346
672 1.14638     1.21395    0.011418
673 1.14776     1.21386   0.0114015
674 1.14909     1.21376    0.011385
675 1.15035     1.21367   0.0113685
676 1.15155     1.21357    0.011352
677 1.15268     1.21348   0.0113356
678 1.15374      1.2134   0.0113192
679 1.15474     1.21331   0.0113029
680 1.15566     1.21322   0.0112866
681 1.15652     1.21314   0.0112703
682 1.15729     1.21306   0.0112541
683 1.15799     1.21298   0.0112379
684 1.15862      1.2129   0.0112218
685 1.15916     1.21282   0.0112057
686 1.15963     1.21274   0.0111896
687 1.16001     1.21267   0.0111736
688 1.16031     1.21259   0.0111576
689 1.16052     1.21251   0.0111417
690 1.16065     1.21244   0.0111258
691 1.1607     1.21236   0.0111099
692 1.16066     1.21229   0.0110941
693 1.16053     1.21222   0.0110784
694 1.16031     1.21214   0.0110626
695 1.16001     1.21207    0.011047
696 1.15962     1.21199   0.0110314
697 1.15914     1.21191   0.0110158
698 1.15858     1.21184   0.0110003
699 1.15792     1.21176   0.0109848
700 1.15719     1.21168   0.0109694
701 1.15637      1.2116    0.010954
702 1.15546     1.21152   0.0109387
703 1.15447     1.21144   0.0109235
704 1.1534     1.21136   0.0109083
705 1.15225     1.21128   0.0108931
706 1.15101     1.21119    0.010878
707 1.1497      1.2111    0.010863
708 1.14832     1.21102    0.010848
709 1.14686     1.21092   0.0108331
710 1.14533     1.21083   0.0108182
711 1.14373     1.21074   0.0108034
712 1.14206     1.21064   0.0107887
713 1.14033     1.21054    0.010774
714 1.13854     1.21044   0.0107594
715 1.13668     1.21034   0.0107448
716 1.13477     1.21023   0.0107303
717 1.1328     1.21013   0.0107159
718 1.13078     1.21001   0.0107015
719 1.12872      1.2099   0.0106873
720 1.1266     1.20979    0.010673
721 1.12445     1.20967   0.0106589
722 1.12225     1.20955   0.0106448
723 1.12001     1.20942   0.0106308
724 1.11774      1.2093   0.0106169
725 1.11543     1.20917    0.010603
726 1.11309     1.20903   0.0105892
727 1.11073      1.2089   0.0105755
728 1.10833     1.20876   0.0105619
729 1.10592     1.20862   0.0105484
730 1.10348     1.20848   0.0105349
731 1.10102     1.20833   0.0105215
732 1.09855     1.20818   0.0105082
733 1.09605     1.20803    0.010495
734 1.09355     1.20787   0.0104819
735 1.09103     1.20771   0.0104688
736 1.0885     1.20755   0.0104558
737 1.08596     1.20738   0.0104429
738 1.08341     1.20722   0.0104301
739 1.08085     1.20705   0.0104174
740 1.07829     1.20687   0.0104048
741 1.07573     1.20669   0.0103923
742 1.07316     1.20651   0.0103798
743 1.07059     1.20633   0.0103675
744 1.06802     1.20615   0.0103552
745 1.06544     1.20596    0.010343
746 1.06288     1.20576   0.0103309
747 1.06031     1.20557   0.0103189
748 1.05775     1.20537    0.010307
749 1.05519     1.20517   0.0102952
750 1.05264     1.20497   0.0102835
751 1.05009     1.20476   0.0102719
752 1.04756     1.20455   0.0102603
753 1.04504     1.20434   0.0102489
754 1.04253     1.20413   0.0102376
755 1.04003     1.20391   0.0102263
756 1.03755     1.20369   0.0102151
757 1.03509     1.20347   0.0102041
758 1.03264     1.20324   0.0101931
759 1.03021     1.20301   0.0101822
760 1.02781     1.20278   0.0101714
761 1.02543     1.20255   0.0101607
762 1.02308     1.20231   0.0101501
763 1.02075     1.20208   0.0101396
764 1.01846     1.20184   0.0101292
765 1.0162     1.20159   0.0101189
766 1.01397     1.20135   0.0101086
767 1.01178      1.2011   0.0100985
768 1.00962     1.20085   0.0100884
769 1.00751      1.2006   0.0100784
770 1.00544     1.20035   0.0100685
771 1.00342     1.20009   0.0100587
772 1.00144     1.19983   0.0100489
773 0.999511     1.19958   0.0100393
774 0.997634     1.19931   0.0100297
775 0.995811     1.19905   0.0100202
776 0.994042     1.19879   0.0100108
777 0.992331     1.19852   0.0100014
778 0.990679     1.19825  0.00999212
779 0.989087     1.19799   0.0099829
780 0.987558     1.19772  0.00997375
781 0.986092     1.19745  0.00996466
782 0.984691     1.19717  0.00995563
783 0.983357      1.1969  0.00994666
784 0.982089     1.19663  0.00993775
785 0.98089     1.19635  0.00992889
786 0.97976     1.19608  0.00992008
787 0.978699      1.1958  0.00991132
788 0.977707     1.19552   0.0099026
789 0.976786     1.19525  0.00989393
790 0.975936     1.19497   0.0098853
791 0.975156     1.19469  0.00987671
792 0.974447     1.19441  0.00986815
793 0.973808     1.19413  0.00985963
794 0.973239     1.19386  0.00985113
795 0.97274     1.19358  0.00984267
796 0.972309      1.1933  0.00983423
797 0.971945     1.19302  0.00982581
798 0.971648     1.19274  0.00981741
799 0.971417     1.19247  0.00980903
800 0.971249     1.19219  0.00980067
801 0.971145     1.19191  0.00979232
802 0.971103     1.19164  0.00978398
803 0.97112     1.19136  0.00977565
804 0.971196     1.19109  0.00976732
805 0.971328     1.19082    0.009759
806 0.971516     1.19055  0.00975069
807 0.971756     1.19027  0.00974237
808 0.972047        1.19  0.00973406
809 0.972387     1.18974  0.00972574
810 0.972774     1.18947  0.00971742
811 0.973205      1.1892   0.0097091
812 0.97368     1.18894  0.00970077
813 0.974197     1.18867  0.00969243
814 0.974752     1.18841  0.00968409
815 0.975344     1.18815  0.00967573
816 0.975972     1.18789  0.00966737
817 0.976633     1.18763  0.00965899
818 0.977326     1.18737  0.00965061
819 0.978047     1.18712  0.00964221
820 0.978797     1.18686  0.00963379
821 0.979573     1.18661  0.00962537
822 0.980373     1.18636  0.00961693
823 0.981196     1.18611  0.00960847
824 0.98204     1.18586      0.0096
825 0.982903     1.18562  0.00959152
826 0.983784     1.18537  0.00958302
827 0.984682     1.18513   0.0095745
828 0.985596     1.18489  0.00956597
829 0.986524     1.18465  0.00955743
830 0.987465     1.18441  0.00954886
831 0.988419     1.18418  0.00954028
832 0.989384     1.18394  0.00953169
833 0.990359     1.18371  0.00952308
834 0.991344     1.18348  0.00951445
835 0.992338     1.18325  0.00950581
836 0.99334     1.18302  0.00949716
837 0.994351      1.1828  0.00948848
838 0.995367     1.18257   0.0094798
839 0.99639     1.18235  0.00947109
840 0.997419     1.18213  0.00946238
841 0.998453     1.18191  0.00945365
842 0.999493      1.1817   0.0094449
843 1.00054     1.18148  0.00943614
844 1.00159     1.18127  0.00942737
845 1.00264     1.18106  0.00941858
846 1.0037     1.18085  0.00940978
847 1.00475     1.18064  0.00940097
848 1.00582     1.18043  0.00939214
849 1.00688     1.18023   0.0093833
850 1.00795     1.18003  0.00937445
851 1.00902     1.17982  0.00936559
852 1.0101     1.17963  0.00935672
853 1.01117     1.17943  0.00934783
854 1.01225     1.17923  0.00933894
855 1.01333     1.17904  0.00933003
856 1.01441     1.17885  0.00932111
857 1.01549     1.17866  0.00931218
858 1.01657     1.17847  0.00930325
859 1.01766     1.17828   0.0092943
860 1.01874     1.17809  0.00928534
861 1.01982     1.17791  0.00927638
862 1.02091     1.17773   0.0092674
863 1.02199     1.17755  0.00925842
864 1.02307     1.17737  0.00924943
865 1.02415     1.17719  0.00924044
866 1.02523     1.17702  0.00923143
867 1.02631     1.17684  0.00922242
868 1.02738     1.17667   0.0092134
869 1.02846      1.1765  0.00920438
870 1.02953     1.17633  0.00919535
871 1.03059     1.17616  0.00918631
872 1.03165       1.176  0.00917727
873 1.03271     1.17583  0.00916823
874 1.03376     1.17567  0.00915918
875 1.03481     1.17551  0.00915013
876 1.03584     1.17535  0.00914107
877 1.03688     1.17519  0.00913201
878 1.0379     1.17504  0.00912295
879 1.03892     1.17488  0.00911388
880 1.03992     1.17473  0.00910482
881 1.04092     1.17458  0.00909575
882 1.04191     1.17443  0.00908668
883 1.04288     1.17428  0.00907761
884 1.04385     1.17413  0.00906854
885 1.0448     1.17398  0.00905947
886 1.04574     1.17384   0.0090504
887 1.04666     1.17369  0.00904134
888 1.04757     1.17355  0.00903227
889 1.04847     1.17341  0.00902321
890 1.04935     1.17327  0.00901414
891 1.05021     1.17313  0.00900508
892 1.05105       1.173  0.00899603
893 1.05188     1.17286  0.00898698
894 1.05268     1.17273  0.00897793
895 1.05347     1.17259  0.00896889
896 1.05424     1.17246  0.00895985
897 1.05499     1.17233  0.00895082
898 1.05571      1.1722  0.00894179
899 1.05641     1.17207  0.00893277
900 1.05709     1.17194  0.00892376
901 1.05775     1.17182  0.00891476
902 1.05838     1.17169  0.00890576
903 1.05898     1.17157  0.00889677
904 1.05956     1.17144   0.0088878
905 1.06012     1.17132  0.00887883
906 1.06064      1.1712  0.00886987
907 1.06114     1.17108  0.00886092
908 1.06161     1.17096  0.00885198
909 1.06205     1.17084  0.00884305
910 1.06246     1.17072  0.00883414
911 1.06284      1.1706  0.00882523
912 1.06319     1.17048  0.00881634
913 1.06351     1.17036  0.00880746
914 1.0638     1.17025   0.0087986
915 1.06405     1.17013  0.00878975
916 1.06427     1.17002  0.00878091
917 1.06446      1.1699  0.00877209
918 1.06461     1.16979  0.00876328
919 1.06473     1.16967  0.00875449
920 1.06482     1.16956  0.00874572
921 1.06487     1.16944  0.00873696
922 1.06488     1.16933  0.00872822
923 1.06486     1.16922   0.0087195
924 1.06481      1.1691   0.0087108
925 1.06472     1.16899  0.00870211
926 1.06459     1.16888  0.00869344
927 1.06442     1.16877   0.0086848
928 1.06422     1.16865  0.00867617
929 1.06398     1.16854  0.00866756
930 1.06371     1.16843  0.00865897
931 1.0634     1.16832  0.00865041
932 1.06306      1.1682  0.00864186
933 1.06268     1.16809  0.00863334
934 1.06226     1.16798  0.00862484
935 1.06181     1.16786  0.00861636
936 1.06132     1.16775  0.00860791
937 1.0608     1.16763  0.00859948
938 1.06024     1.16752  0.00859107
939 1.05965     1.16741  0.00858269
940 1.05902     1.16729  0.00857434
941 1.05836     1.16717  0.00856601
942 1.05767     1.16706   0.0085577
943 1.05695     1.16694  0.00854942
944 1.05619     1.16682  0.00854117
945 1.05541     1.16671  0.00853295
946 1.05459     1.16659  0.00852475
947 1.05375     1.16647  0.00851658
948 1.05288     1.16635  0.00850844
949 1.05198     1.16623  0.00850033
950 1.05106     1.16611  0.00849224
951 1.05011     1.16598  0.00848419
952 1.04914     1.16586  0.00847617
953 1.04815     1.16574  0.00846817
954 1.04714     1.16561  0.00846021
955 1.04611     1.16549  0.00845227
956 1.04506     1.16536  0.00844437
957 1.04399     1.16524   0.0084365
958 1.04291     1.16511  0.00842866
959 1.04182     1.16498  0.00842085
960 1.04071     1.16485  0.00841307
961 1.03959     1.16472  0.00840533
962 1.03846     1.16459  0.00839762
963 1.03733     1.16446  0.00838994
964 1.03619     1.16432  0.00838229
965 1.03504     1.16419  0.00837467
966 1.03389     1.16405  0.00836709
967 1.03274     1.16392  0.00835954
968 1.03159     1.16378  0.00835202
969 1.03044     1.16364  0.00834453
970 1.0293     1.16351  0.00833708
971 1.02816     1.16337  0.00832966
972 1.02703     1.16323  0.00832227
973 1.02591     1.16309  0.00831491
974 1.0248     1.16294  0.00830759
975 1.0237      1.1628   0.0083003
976 1.02262     1.16266  0.00829303
977 1.02155     1.16251   0.0082858
978 1.0205     1.16237   0.0082786
979 1.01947     1.16222  0.00827143
980 1.01846     1.16207  0.00826429
981 1.01748     1.16193  0.00825718
982 1.01652     1.16178   0.0082501
983 1.01558     1.16163  0.00824305
984 1.01467     1.16148  0.00823603
985 1.0138     1.16133  0.00822903
986 1.01295     1.16118  0.00822206
987 1.01214     1.16103  0.00821512
988 1.01136     1.16088   0.0082082
989 1.01061     1.16073  0.00820131
990 1.00991     1.16057  0.00819444
991 1.00924     1.16042  0.00818759
992 1.00861     1.16027  0.00818077
993 1.00802     1.16011  0.00817396
994 1.00747     1.15996  0.00816718
995 1.00696     1.15981  0.00816042
996 1.0065     1.15965  0.00815368
997 1.00608      1.1595  0.00814696
998 1.0057     1.15935  0.00814025
999 1.00536     1.15919  0.00813356
1000 1.00507     1.15904  0.00812689
1001 1.00483     1.15888  0.00812023
1002 1.00462     1.15873  0.00811359
1003 1.00447     1.15858  0.00810695
1004 1.00435     1.15842  0.00810033
1005 1.00428     1.15827  0.00809373
1006 1.00426     1.15812  0.00808713
1007 1.00427     1.15796  0.00808054
1008 1.00433     1.15781  0.00807396
1009 1.00443     1.15766  0.00806739
1010 1.00457     1.15751  0.00806083
1011 1.00475     1.15736  0.00805427
1012 1.00496      1.1572  0.00804772
1013 1.00521     1.15705  0.00804117
1014 1.0055     1.15691  0.00803463
1015 1.00582     1.15676  0.00802809
1016 1.00618     1.15661  0.00802156
1017 1.00656     1.15646  0.00801503
1018 1.00698     1.15631   0.0080085
1019 1.00743     1.15617  0.00800197
1020 1.0079     1.15602  0.00799545
1021 1.0084     1.15588  0.00798893
1022 1.00892     1.15573   0.0079824
1023 1.00947     1.15559  0.00797588
1024 1.01004     1.15545  0.00796936
1025 1.01063     1.15531  0.00796284
1026 1.01124     1.15517  0.00795631
1027 1.01187     1.15503  0.00794979
1028 1.01252     1.15489  0.00794326
1029 1.01318     1.15475  0.00793674
1030 1.01385     1.15461  0.00793021
1031 1.01454     1.15448  0.00792368
1032 1.01524     1.15434  0.00791715
1033 1.01595     1.15421  0.00791062
1034 1.01667     1.15408  0.00790409
1035 1.01741     1.15394  0.00789756
1036 1.01815     1.15381  0.00789102
1037 1.01889     1.15368  0.00788448
1038 1.01965     1.15355  0.00787795
1039 1.02041     1.15343  0.00787141
1040 1.02117      1.1533  0.00786486
1041 1.02194     1.15317  0.00785832
1042 1.02272     1.15305  0.00785178
1043 1.0235     1.15292  0.00784523
1044 1.02428      1.1528  0.00783868
1045 1.02507     1.15268  0.00783214
1046 1.02586     1.15256  0.00782559
1047 1.02665     1.15244  0.00781904
1048 1.02744     1.15232  0.00781249
1049 1.02824      1.1522  0.00780593
1050 1.02904     1.15208  0.00779938
1051 1.02984     1.15197  0.00779283
1052 1.03064     1.15185  0.00778627
1053 1.03144     1.15174  0.00777972
1054 1.03224     1.15162  0.00777316
1055 1.03305     1.15151  0.00776661
1056 1.03386      1.1514  0.00776005
1057 1.03467     1.15129   0.0077535
1058 1.03548     1.15118  0.00774694
1059 1.03629     1.15107  0.00774038
1060 1.03711     1.15096  0.00773383
1061 1.03793     1.15086  0.00772727
1062 1.03876     1.15075  0.00772072
1063 1.03959     1.15065  0.00771416
1064 1.04042     1.15054  0.00770761
1065 1.04126     1.15044  0.00770105
1066 1.04211     1.15034   0.0076945
1067 1.04296     1.15024  0.00768795
1068 1.04382     1.15014  0.00768139
1069 1.04468     1.15004  0.00767484
1070 1.04556     1.14994  0.00766829
1071 1.04644     1.14984  0.00766174
1072 1.04733     1.14975  0.00765519
1073 1.04823     1.14965  0.00764864
1074 1.04914     1.14956  0.00764209
1075 1.05007     1.14947  0.00763554
1076 1.051     1.14938  0.00762899
1077 1.05195     1.14929  0.00762245
1078 1.05291      1.1492   0.0076159
1079 1.05389     1.14911  0.00760935
1080 1.05488     1.14902  0.00760281
1081 1.05588     1.14894  0.00759626
1082 1.05691     1.14885  0.00758972
1083 1.05794     1.14877  0.00758317
1084 1.059     1.14868  0.00757663
1085 1.06007      1.1486  0.00757009
1086 1.06115     1.14852  0.00756355
1087 1.06226     1.14844    0.007557
1088 1.06338     1.14836  0.00755046
1089 1.06452     1.14829  0.00754392
1090 1.06568     1.14821  0.00753738
1091 1.06685     1.14814  0.00753084
1092 1.06805     1.14806   0.0075243
1093 1.06926     1.14799  0.00751776
1094 1.07049     1.14792  0.00751123
1095 1.07173     1.14785  0.00750469
1096 1.07299     1.14778  0.00749815
1097 1.07427     1.14772  0.00749162
1098 1.07556     1.14765  0.00748508
1099 1.07686     1.14759  0.00747855
1100 1.07818     1.14752  0.00747202
1101 1.07951     1.14746  0.00746548
1102 1.08086      1.1474  0.00745895
1103 1.08221     1.14734  0.00745243
1104 1.08358     1.14728   0.0074459
1105 1.08495     1.14723  0.00743937
1106 1.08633     1.14717  0.00743285
1107 1.08772     1.14712  0.00742633
1108 1.08911     1.14707  0.00741981
1109 1.0905     1.14701   0.0074133
1110 1.0919     1.14696  0.00740679
1111 1.0933     1.14692  0.00740028
1112 1.09469     1.14687  0.00739377
1113 1.09609     1.14682  0.00738727
1114 1.09748     1.14678  0.00738077
1115 1.09886     1.14674  0.00737428
1116 1.10024      1.1467  0.00736779
1117 1.1016     1.14665   0.0073613
1118 1.10296     1.14662  0.00735482
1119 1.1043     1.14658  0.00734834
1120 1.10563     1.14654  0.00734187
1121 1.10694     1.14651  0.00733541
1122 1.10824     1.14647  0.00732895
1123 1.10951     1.14644   0.0073225
1124 1.11077     1.14641  0.00731605
1125 1.112     1.14638  0.00730961
1126 1.11321     1.14635  0.00730318
1127 1.11439     1.14632  0.00729676
1128 1.11555     1.14629  0.00729034
1129 1.11668     1.14627  0.00728393
1130 1.11777     1.14624  0.00727753
1131 1.11883     1.14622  0.00727113
1132 1.11986     1.14619  0.00726475
1133 1.12086     1.14617  0.00725837
1134 1.12182     1.14615    0.007252
1135 1.12274     1.14613  0.00724564
1136 1.12362     1.14611  0.00723929
1137 1.12446     1.14609  0.00723295
1138 1.12526     1.14607  0.00722661
1139 1.12601     1.14605  0.00722029
1140 1.12673     1.14604  0.00721398
1141 1.12739     1.14602  0.00720767
1142 1.12802       1.146  0.00720138
1143 1.12859     1.14599  0.00719509
1144 1.12912     1.14597  0.00718882
1145 1.1296     1.14596  0.00718256
1146 1.13003     1.14595   0.0071763
1147 1.13041     1.14593  0.00717006
1148 1.13075     1.14592  0.00716382
1149 1.13103     1.14591   0.0071576
1150 1.13126     1.14589  0.00715139
1151 1.13144     1.14588  0.00714519
1152 1.13157     1.14587  0.00713899
1153 1.13164     1.14586  0.00713281
1154 1.13167     1.14584  0.00712664
1155 1.13164     1.14583  0.00712048
1156 1.13157     1.14582  0.00711433
1157 1.13144     1.14581   0.0071082
1158 1.13126     1.14579  0.00710207
1159 1.13103     1.14578  0.00709595
1160 1.13075     1.14577  0.00708985
1161 1.13043     1.14576  0.00708375
1162 1.13005     1.14574  0.00707767
1163 1.12963     1.14573   0.0070716
1164 1.12916     1.14571  0.00706554
1165 1.12865      1.1457  0.00705949
1166 1.1281     1.14568  0.00705345
1167 1.1275     1.14567  0.00704742
1168 1.12686     1.14565  0.00704141
1169 1.12618     1.14564   0.0070354
1170 1.12547     1.14562  0.00702941
1171 1.12472      1.1456  0.00702343
1172 1.12394     1.14558  0.00701746
1173 1.12312     1.14556  0.00701151
1174 1.12228     1.14554  0.00700556
1175 1.12141     1.14552  0.00699963
1176 1.12052      1.1455  0.00699371
1177 1.11961     1.14548   0.0069878
1178 1.11868     1.14546  0.00698191
1179 1.11774     1.14543  0.00697603
1180 1.11678     1.14541  0.00697016
1181 1.11581     1.14538   0.0069643
1182 1.11484     1.14536  0.00695845
1183 1.11386     1.14533  0.00695262
1184 1.11289      1.1453  0.00694681
1185 1.11192     1.14528    0.006941
1186 1.11095     1.14525  0.00693521
1187 1.11     1.14522  0.00692943
1188 1.10907     1.14519  0.00692366
1189 1.10815     1.14516  0.00691791
1190 1.10726     1.14512  0.00691217
1191 1.10639     1.14509  0.00690644
1192 1.10555     1.14506  0.00690073
1193 1.10475     1.14502  0.00689503
1194 1.10399     1.14499  0.00688934
1195 1.10326     1.14495  0.00688366
1196 1.10259     1.14492    0.006878
1197 1.10196     1.14488  0.00687234
1198 1.10138     1.14485   0.0068667
1199 1.10086     1.14481  0.00686107
1200 1.1004     1.14477  0.00685546
1201 1.1     1.14474  0.00684985
1202 1.09966      1.1447  0.00684425
1203 1.09939     1.14466  0.00683867
1204 1.09919     1.14462  0.00683309
1205 1.09906     1.14459  0.00682753
1206 1.09901     1.14455  0.00682197
1207 1.09902     1.14451  0.00681642
1208 1.09911     1.14447  0.00681088
1209 1.09928     1.14444  0.00680535
1210 1.09952      1.1444  0.00679983
1211 1.09984     1.14436  0.00679431
1212 1.10023     1.14432  0.00678881
1213 1.10069     1.14429   0.0067833
1214 1.10122     1.14425  0.00677781
1215 1.10183     1.14422  0.00677232
1216 1.1025     1.14418  0.00676684
1217 1.10324     1.14415  0.00676136
1218 1.10403     1.14412  0.00675589
1219 1.10489     1.14409  0.00675043
1220 1.1058     1.14405  0.00674497
1221 1.10677     1.14402  0.00673951
1222 1.10778     1.14399  0.00673406
1223 1.10883     1.14397  0.00672862
1224 1.10992     1.14394  0.00672318
1225 1.11104     1.14391  0.00671774
1226 1.11219     1.14388  0.00671231
1227 1.11337     1.14386  0.00670689
1228 1.11456     1.14384  0.00670147
1229 1.11576     1.14381  0.00669605
1230 1.11697     1.14379  0.00669065
1231 1.11818     1.14377  0.00668524
1232 1.11938     1.14375  0.00667985
1233 1.12058     1.14373  0.00667445
1234 1.12175     1.14371  0.00666907
1235 1.12291      1.1437  0.00666369
1236 1.12405     1.14368  0.00665832
1237 1.12515     1.14367  0.00665295
1238 1.12622     1.14365  0.00664759
1239 1.12724     1.14364  0.00664224
1240 1.12823     1.14363   0.0066369
1241 1.12916     1.14361  0.00663156
1242 1.13004      1.1436  0.00662623
1243 1.13087     1.14359  0.00662091
1244 1.13163     1.14358  0.00661559
1245 1.13233     1.14357  0.00661028
1246 1.13297     1.14357  0.00660498
1247 1.13353     1.14356  0.00659969
1248 1.13403     1.14355  0.00659441
1249 1.13444     1.14354  0.00658913
1250 1.13478     1.14354  0.00658386
1251 1.13504     1.14353   0.0065786
1252 1.13523     1.14352  0.00657335
1253 1.13532     1.14352  0.00656811
1254 1.13534     1.14351  0.00656288
1255 1.13527      1.1435  0.00655765
1256 1.13511      1.1435  0.00655243
1257 1.13486     1.14349  0.00654722
1258 1.13453     1.14348  0.00654202
1259 1.13411     1.14348  0.00653683
1260 1.1336     1.14347  0.00653165
1261 1.13301     1.14346  0.00652647
1262 1.13232     1.14345  0.00652131
1263 1.13154     1.14344  0.00651615
1264 1.13068     1.14343    0.006511
1265 1.12973     1.14342  0.00650587
1266 1.12869     1.14341  0.00650074
1267 1.12756      1.1434  0.00649562
1268 1.12634     1.14338  0.00649051
1269 1.12505     1.14337  0.00648541
1270 1.12366     1.14335  0.00648032
1271 1.1222     1.14334  0.00647525
1272 1.12065     1.14332  0.00647018
1273 1.11902      1.1433  0.00646512
1274 1.11732     1.14328  0.00646008
1275 1.11554     1.14326  0.00645505
1276 1.11368     1.14323  0.00645004
1277 1.11176     1.14321  0.00644503
1278 1.10976     1.14318  0.00644004
1279 1.10769     1.14315  0.00643507
1280 1.10556     1.14313  0.00643011
1281 1.10337     1.14309  0.00642516
1282 1.10112     1.14306  0.00642023
1283 1.09881     1.14303  0.00641532
1284 1.09645     1.14299  0.00641043
1285 1.09404     1.14295  0.00640555
1286 1.09158     1.14291   0.0064007
1287 1.08908     1.14287  0.00639586
1288 1.08654     1.14283  0.00639104
1289 1.08396     1.14278  0.00638625
1290 1.08135     1.14273  0.00638147
1291 1.07871     1.14268  0.00637672
1292 1.07605     1.14263    0.006372
1293 1.07337     1.14258  0.00636729
1294 1.07067     1.14252  0.00636262
1295 1.06796     1.14247  0.00635796
1296 1.06525     1.14241  0.00635334
1297 1.06253     1.14235  0.00634874
1298 1.05982     1.14228  0.00634416
1299 1.05712     1.14222  0.00633962
1300 1.05442     1.14215   0.0063351
1301 1.05175     1.14208  0.00633061
1302 1.04909     1.14201  0.00632615
1303 1.04647     1.14193  0.00632172
1304 1.04387     1.14186  0.00631732
1305 1.04131     1.14178  0.00631295
1306 1.03879      1.1417  0.00630861
1307 1.03631     1.14162   0.0063043
1308 1.03388     1.14154  0.00630002
1309 1.0315     1.14146  0.00629577
1310 1.02918     1.14137  0.00629154
1311 1.02692     1.14128  0.00628735
1312 1.02473     1.14119  0.00628319
1313 1.0226      1.1411  0.00627905
1314 1.02055     1.14101  0.00627494
1315 1.01857     1.14092  0.00627086
1316 1.01666     1.14082  0.00626681
1317 1.01484     1.14073  0.00626278
1318 1.01309     1.14063  0.00625877
1319 1.01143     1.14053   0.0062548
1320 1.00986     1.14044  0.00625084
1321 1.00837     1.14034  0.00624691
1322 1.00697     1.14023    0.006243
1323 1.00566     1.14013  0.00623911
1324 1.00444     1.14003  0.00623524
1325 1.00332     1.13993  0.00623138
1326 1.00228     1.13982  0.00622755
1327 1.00133     1.13972  0.00622373
1328 1.00047     1.13961  0.00621993
1329 0.999698     1.13951  0.00621614
1330 0.999018      1.1394  0.00621236
1331 0.998425      1.1393   0.0062086
1332 0.997918     1.13919  0.00620484
1333 0.997496     1.13908   0.0062011
1334 0.997157     1.13898  0.00619736
1335 0.996899     1.13887  0.00619363
1336 0.996721     1.13877  0.00618991
1337 0.996619     1.13866   0.0061862
1338 0.996592     1.13855  0.00618248
1339 0.996639     1.13845  0.00617877
1340 0.996755     1.13834  0.00617507
1341 0.99694     1.13824  0.00617136
1342 0.99719     1.13813  0.00616766
1343 0.997502     1.13803  0.00616396
1344 0.997875     1.13792  0.00616025
1345 0.998305     1.13782  0.00615655
1346 0.998791     1.13771  0.00615284
1347 0.999329     1.13761  0.00614913
1348 0.999918     1.13751  0.00614542
1349 1.00055     1.13741   0.0061417
1350 1.00123     1.13731  0.00613798
1351 1.00196     1.13721  0.00613425
1352 1.00272     1.13711  0.00613052
1353 1.00352     1.13701  0.00612678
1354 1.00436     1.13691  0.00612304
1355 1.00523     1.13681   0.0061193
1356 1.00614     1.13672  0.00611554
1357 1.00707     1.13662  0.00611178
1358 1.00803     1.13653  0.00610801
1359 1.00902     1.13643  0.00610424
1360 1.01003     1.13634  0.00610046
1361 1.01106     1.13625  0.00609667
1362 1.01212     1.13616  0.00609288
1363 1.01319     1.13607  0.00608907
1364 1.01428     1.13598  0.00608526
1365 1.01539     1.13589  0.00608145
1366 1.01651      1.1358  0.00607762
1367 1.01764     1.13572  0.00607379
1368 1.01879     1.13563  0.00606995
1369 1.01995     1.13555  0.00606611
1370 1.02112     1.13546  0.00606225
1371 1.0223     1.13538  0.00605839
1372 1.02348      1.1353  0.00605453
1373 1.02467     1.13522  0.00605065
1374 1.02587     1.13514  0.00604677
1375 1.02708     1.13506  0.00604289
1376 1.02828     1.13498  0.00603899
1377 1.02949      1.1349  0.00603509
1378 1.03071     1.13483  0.00603119
1379 1.03192     1.13475  0.00602728
1380 1.03313     1.13468  0.00602336
1381 1.03434     1.13461  0.00601944
1382 1.03555     1.13454  0.00601551
1383 1.03676     1.13447  0.00601157
1384 1.03797      1.1344  0.00600763
1385 1.03917     1.13433  0.00600369
1386 1.04036     1.13426  0.00599974
1387 1.04155     1.13419  0.00599579
1388 1.04273     1.13413  0.00599183
1389 1.04391     1.13406  0.00598787
1390 1.04507       1.134   0.0059839
1391 1.04623     1.13393  0.00597993
1392 1.04737     1.13387  0.00597596
1393 1.0485     1.13381  0.00597198
1394 1.04962     1.13375  0.00596801
1395 1.05073     1.13369  0.00596402
1396 1.05182     1.13363  0.00596004
1397 1.0529     1.13358  0.00595605
1398 1.05396     1.13352  0.00595207
1399 1.05501     1.13346  0.00594808
1400 1.05603     1.13341  0.00594408
1401 1.05704     1.13335  0.00594009
1402 1.05804      1.1333   0.0059361
1403 1.05901     1.13325   0.0059321
1404 1.05997     1.13319  0.00592811
1405 1.0609     1.13314  0.00592411
1406 1.06181     1.13309  0.00592011
1407 1.06271     1.13304  0.00591612
1408 1.06358     1.13299  0.00591212
1409 1.06443     1.13294  0.00590813
1410 1.06526      1.1329  0.00590413
1411 1.06607     1.13285  0.00590014
1412 1.06685      1.1328  0.00589614
1413 1.06762     1.13275  0.00589215
1414 1.06836     1.13271  0.00588816
1415 1.06907     1.13266  0.00588417
1416 1.06977     1.13262  0.00588018
1417 1.07044     1.13258   0.0058762
1418 1.07108     1.13253  0.00587221
1419 1.0717     1.13249  0.00586823
1420 1.0723     1.13245  0.00586425
1421 1.07287     1.13241  0.00586027
1422 1.07342     1.13236   0.0058563
1423 1.07395     1.13232  0.00585233
1424 1.07445     1.13228  0.00584836
1425 1.07492     1.13224  0.00584439
1426 1.07537      1.1322  0.00584043
1427 1.0758     1.13216  0.00583647
1428 1.0762     1.13212  0.00583252
1429 1.07657     1.13208  0.00582857
1430 1.07692     1.13205  0.00582462
1431 1.07724     1.13201  0.00582067
1432 1.07753     1.13197  0.00581673
1433 1.0778     1.13193   0.0058128
1434 1.07804     1.13189  0.00580886
1435 1.07825     1.13186  0.00580494
1436 1.07843     1.13182  0.00580101
1437 1.07858     1.13178  0.00579709
1438 1.07869     1.13175  0.00579318
1439 1.07878     1.13171  0.00578927
1440 1.07884     1.13167  0.00578537
1441 1.07886     1.13164  0.00578147
1442 1.07885      1.1316  0.00577758
1443 1.0788     1.13156  0.00577369
1444 1.07872     1.13153  0.00576981
1445 1.07861     1.13149  0.00576593
1446 1.07846     1.13145  0.00576206
1447 1.07827     1.13142  0.00575819
1448 1.07804     1.13138  0.00575433
1449 1.07777     1.13134  0.00575048
1450 1.07747      1.1313  0.00574664
1451 1.07713     1.13127   0.0057428
1452 1.07674     1.13123  0.00573896
1453 1.07632     1.13119  0.00573514
1454 1.07585     1.13115  0.00573132
1455 1.07534     1.13112  0.00572751
1456 1.0748     1.13108  0.00572371
1457 1.07421     1.13104  0.00571991
1458 1.07358       1.131  0.00571612
1459 1.07291     1.13096  0.00571235
1460 1.0722     1.13092  0.00570857
1461 1.07144     1.13088  0.00570481
1462 1.07065     1.13084  0.00570106
1463 1.06982     1.13079  0.00569731
1464 1.06895     1.13075  0.00569358
1465 1.06803     1.13071  0.00568985
1466 1.06708     1.13067  0.00568614
1467 1.0661     1.13062  0.00568243
1468 1.06507     1.13058  0.00567874
1469 1.06401     1.13053  0.00567505
1470 1.06292     1.13049  0.00567138
1471 1.0618     1.13044  0.00566772
1472 1.06064     1.13039  0.00566406
1473 1.05945     1.13034  0.00566042
1474 1.05824      1.1303  0.00565679
1475 1.057     1.13025  0.00565318
1476 1.05573      1.1302  0.00564957
1477 1.05444     1.13014  0.00564598
1478 1.05313     1.13009   0.0056424
1479 1.0518     1.13004  0.00563883
1480 1.05045     1.12998  0.00563528
1481 1.04909     1.12993  0.00563174
1482 1.04771     1.12987  0.00562821
1483 1.04632     1.12982   0.0056247
1484 1.04493     1.12976   0.0056212
1485 1.04353      1.1297  0.00561772
1486 1.04212     1.12964  0.00561424
1487 1.04071     1.12958  0.00561079
1488 1.0393     1.12952  0.00560734
1489 1.03789     1.12946  0.00560392
1490 1.03649      1.1294   0.0056005
1491 1.03509     1.12934   0.0055971
1492 1.0337     1.12927  0.00559372
1493 1.03232     1.12921  0.00559035
1494 1.03095     1.12914  0.00558699
1495 1.0296     1.12908  0.00558365
1496 1.02827     1.12901  0.00558033
1497 1.02695     1.12894  0.00557702
1498 1.02566     1.12887  0.00557372
1499 1.02438      1.1288  0.00557044
1500 1.02313     1.12873  0.00556717
1501 1.02191     1.12866  0.00556392
1502 1.02072     1.12859  0.00556068
1503 1.01955     1.12851  0.00555745
1504 1.01842     1.12844  0.00555424
1505 1.01732     1.12837  0.00555104
1506 1.01626     1.12829  0.00554785
1507 1.01523     1.12822  0.00554468
1508 1.01424     1.12814  0.00554151
1509 1.01329     1.12807  0.00553836
1510 1.01238     1.12799  0.00553523
1511 1.01151     1.12791   0.0055321
1512 1.01069     1.12784  0.00552898
1513 1.00991     1.12776  0.00552588
1514 1.00918     1.12768  0.00552278
1515 1.0085      1.1276   0.0055197
1516 1.00787     1.12752  0.00551662
1517 1.00729     1.12744  0.00551356
1518 1.00676     1.12736   0.0055105
1519 1.00629     1.12728  0.00550745
1520 1.00587      1.1272   0.0055044
1521 1.0055     1.12712  0.00550136
1522 1.00519     1.12704  0.00549833
1523 1.00494     1.12696  0.00549531
1524 1.00475     1.12688  0.00549229
1525 1.00461      1.1268  0.00548927
1526 1.00454     1.12672  0.00548626
1527 1.00452     1.12664  0.00548325
1528 1.00457     1.12656  0.00548024
1529 1.00468     1.12648  0.00547724
1530 1.00484      1.1264  0.00547423
1531 1.00507     1.12632  0.00547123
1532 1.00536     1.12625  0.00546823
1533 1.00572     1.12617  0.00546523
1534 1.00613     1.12609  0.00546223
1535 1.0066     1.12601  0.00545922
1536 1.00713     1.12593  0.00545622
1537 1.00772     1.12586  0.00545321
1538 1.00837     1.12578   0.0054502
1539 1.00908      1.1257  0.00544718
1540 1.00985     1.12563  0.00544417
1541 1.01067     1.12555  0.00544115
1542 1.01154     1.12548  0.00543812
1543 1.01247     1.12541  0.00543509
1544 1.01345     1.12533  0.00543205
1545 1.01448     1.12526  0.00542901
1546 1.01555     1.12519  0.00542596
1547 1.01667     1.12512  0.00542291
1548 1.01783     1.12505  0.00541985
1549 1.01903     1.12498  0.00541678
1550 1.02027     1.12492  0.00541371
1551 1.02155     1.12485  0.00541063
1552 1.02285     1.12478  0.00540754
1553 1.02419     1.12472  0.00540445
1554 1.02555     1.12466  0.00540134
1555 1.02694     1.12459  0.00539824
1556 1.02835     1.12453  0.00539512
1557 1.02978     1.12447    0.005392
1558 1.03123     1.12441  0.00538887
1559 1.03269     1.12435  0.00538574
1560 1.03416     1.12429  0.00538259
1561 1.03564     1.12424  0.00537944
1562 1.03712     1.12418  0.00537629
1563 1.0386     1.12413  0.00537313
1564 1.04009     1.12407  0.00536996
1565 1.04157     1.12402  0.00536679
1566 1.04305     1.12397  0.00536361
1567 1.04452     1.12392  0.00536043
1568 1.04598     1.12387  0.00535724
1569 1.04742     1.12382  0.00535405
1570 1.04885     1.12377  0.00535085
1571 1.05027     1.12372  0.00534765
1572 1.05166     1.12368  0.00534444
1573 1.05304     1.12363  0.00534123
1574 1.05439     1.12359  0.00533802
1575 1.05571     1.12355  0.00533481
1576 1.05702      1.1235  0.00533159
1577 1.05829     1.12346  0.00532837
1578 1.05953     1.12342  0.00532515
1579 1.06075     1.12338  0.00532192
1580 1.06193     1.12334  0.00531869
1581 1.06308     1.12331  0.00531547
1582 1.06419     1.12327  0.00531224
1583 1.06527     1.12323  0.00530901
1584 1.06632      1.1232  0.00530578
1585 1.06733     1.12316  0.00530255
1586 1.0683     1.12313  0.00529932
1587 1.06923     1.12309  0.00529609
1588 1.07013     1.12306  0.00529286
1589 1.07099     1.12303  0.00528963
1590 1.0718     1.12299   0.0052864
1591 1.07258     1.12296  0.00528317
1592 1.07332     1.12293  0.00527995
1593 1.07402      1.1229  0.00527672
1594 1.07468     1.12287   0.0052735
1595 1.0753     1.12284  0.00527027
1596 1.07589     1.12281  0.00526705
1597 1.07643     1.12278  0.00526384
1598 1.07693     1.12275  0.00526062
1599 1.0774     1.12272  0.00525741
1600 1.07783      1.1227   0.0052542
1601 1.07822     1.12267  0.00525099
1602 1.07857     1.12264  0.00524778
1603 1.07889     1.12261  0.00524458
1604 1.07917     1.12259  0.00524138
1605 1.07942     1.12256  0.00523818
1606 1.07964     1.12253  0.00523499
1607 1.07982     1.12251   0.0052318
1608 1.07997     1.12248  0.00522861
1609 1.08009     1.12245  0.00522543
1610 1.08018     1.12243  0.00522225
1611 1.08024      1.1224  0.00521907
1612 1.08027     1.12237   0.0052159
1613 1.08028     1.12235  0.00521273
1614 1.08026     1.12232  0.00520957
1615 1.08022      1.1223  0.00520641
1616 1.08015     1.12227  0.00520325
1617 1.08007     1.12224   0.0052001
1618 1.07996     1.12222  0.00519695
1619 1.07983     1.12219  0.00519381
1620 1.07969     1.12217  0.00519067
1621 1.07953     1.12214  0.00518753
1622 1.07935     1.12211   0.0051844
1623 1.07916     1.12209  0.00518127
1624 1.07895     1.12206  0.00517815
1625 1.07874     1.12203  0.00517503
1626 1.07851     1.12201  0.00517192
1627 1.07827     1.12198  0.00516881
1628 1.07801     1.12195  0.00516571
1629 1.07776     1.12193  0.00516261
1630 1.07749      1.1219  0.00515951
1631 1.07722     1.12187  0.00515642
1632 1.07694     1.12184  0.00515333
1633 1.07665     1.12182  0.00515025
1634 1.07636     1.12179  0.00514718
1635 1.07606     1.12176   0.0051441
1636 1.07576     1.12173  0.00514104
1637 1.07546      1.1217  0.00513797
1638 1.07515     1.12168  0.00513492
1639 1.07484     1.12165  0.00513186
1640 1.07453     1.12162  0.00512881
1641 1.07421     1.12159  0.00512577
1642 1.07389     1.12156  0.00512273
1643 1.07356     1.12153   0.0051197
1644 1.07323      1.1215  0.00511667
1645 1.0729     1.12147  0.00511364
1646 1.07256     1.12144  0.00511062
1647 1.07222     1.12141   0.0051076
1648 1.07188     1.12138  0.00510459
1649 1.07153     1.12135  0.00510159
1650 1.07117     1.12132  0.00509859
1651 1.07081     1.12129  0.00509559
1652 1.07044     1.12126   0.0050926
1653 1.07007     1.12123  0.00508961
1654 1.06969      1.1212  0.00508663
1655 1.0693     1.12117  0.00508365
1656 1.0689     1.12114  0.00508068
1657 1.0685      1.1211  0.00507771
1658 1.06808     1.12107  0.00507475
1659 1.06765     1.12104   0.0050718
1660 1.06721     1.12101  0.00506884
1661 1.06677     1.12097   0.0050659
1662 1.0663     1.12094  0.00506296
1663 1.06583     1.12091  0.00506002
1664 1.06535     1.12087  0.00505709
1665 1.06485     1.12084  0.00505416
1666 1.06434     1.12081  0.00505124
1667 1.06381     1.12077  0.00504833
1668 1.06328     1.12074  0.00504542
1669 1.06272      1.1207  0.00504252
1670 1.06216     1.12067  0.00503962
1671 1.06157     1.12063  0.00503673
1672 1.06098      1.1206  0.00503384
1673 1.06037     1.12056  0.00503096
1674 1.05974     1.12053  0.00502809
1675 1.0591     1.12049  0.00502522
1676 1.05844     1.12045  0.00502236
1677 1.05777     1.12041   0.0050195
1678 1.05708     1.12038  0.00501665
1679 1.05638     1.12034  0.00501381
1680 1.05567      1.1203  0.00501097
1681 1.05494     1.12026  0.00500814
1682 1.05421     1.12022  0.00500532
1683 1.05346     1.12018   0.0050025
1684 1.05269     1.12014  0.00499969
1685 1.05192      1.1201  0.00499689
1686 1.05114     1.12006  0.00499409
1687 1.05035     1.12002   0.0049913
1688 1.04955     1.11998  0.00498852
1689 1.04874     1.11994  0.00498575
1690 1.04793     1.11989  0.00498298
1691 1.04711     1.11985  0.00498022
1692 1.04629     1.11981  0.00497746
1693 1.04546     1.11976  0.00497472
1694 1.04464     1.11972  0.00497198
1695 1.04381     1.11967  0.00496925
1696 1.04298     1.11963  0.00496652
1697 1.04216     1.11958  0.00496381
1698 1.04134     1.11954   0.0049611
1699 1.04052     1.11949  0.00495839
1700 1.03972     1.11944   0.0049557
1701 1.03892      1.1194  0.00495301
1702 1.03813     1.11935  0.00495033
1703 1.03735      1.1193  0.00494766
1704 1.03658     1.11925  0.00494499
1705 1.03583      1.1192  0.00494234
1706 1.03509     1.11915  0.00493968
1707 1.03437      1.1191  0.00493704
1708 1.03367     1.11905   0.0049344
1709 1.03299       1.119  0.00493177
1710 1.03233     1.11895  0.00492915
1711 1.0317      1.1189  0.00492653
1712 1.03109     1.11885  0.00492392
1713 1.0305      1.1188  0.00492132
1714 1.02994     1.11875  0.00491872
1715 1.02941     1.11869  0.00491613
1716 1.02891     1.11864  0.00491354
1717 1.02844     1.11859  0.00491096
1718 1.028     1.11854  0.00490838
1719 1.0276     1.11848  0.00490581
1720 1.02723     1.11843  0.00490325
1721 1.02689     1.11838  0.00490069
1722 1.02659     1.11832  0.00489813
1723 1.02633     1.11827  0.00489558
1724 1.0261     1.11822  0.00489303
1725 1.02591     1.11816  0.00489049
1726 1.02576     1.11811  0.00488795
1727 1.02565     1.11806  0.00488541
1728 1.02557       1.118  0.00488288
1729 1.02554     1.11795  0.00488035
1730 1.02555      1.1179  0.00487782
1731 1.0256     1.11784  0.00487529
1732 1.02569     1.11779  0.00487277
1733 1.02582     1.11774  0.00487024
1734 1.02598     1.11768  0.00486772
1735 1.02619     1.11763   0.0048652
1736 1.02644     1.11758  0.00486268
1737 1.02673     1.11753  0.00486016
1738 1.02705     1.11747  0.00485765
1739 1.02742     1.11742  0.00485513
1740 1.02782     1.11737  0.00485261
1741 1.02825     1.11732   0.0048501
1742 1.02873     1.11727  0.00484758
1743 1.02923     1.11722  0.00484506
1744 1.02977     1.11717  0.00484254
1745 1.03034     1.11712  0.00484002
1746 1.03094     1.11707   0.0048375
1747 1.03157     1.11702  0.00483498
1748 1.03223     1.11697  0.00483246
1749 1.03291     1.11692  0.00482993
1750 1.03362     1.11688  0.00482741
1751 1.03435     1.11683  0.00482488
1752 1.0351     1.11678  0.00482235
1753 1.03588     1.11674  0.00481982
1754 1.03666     1.11669  0.00481729
1755 1.03747     1.11665  0.00481476
1756 1.03828      1.1166  0.00481222
1757 1.03911     1.11656  0.00480968
1758 1.03995     1.11651  0.00480715
1759 1.04079     1.11647  0.00480461
1760 1.04164     1.11643  0.00480206
1761 1.04249     1.11639  0.00479952
1762 1.04334     1.11634  0.00479698
1763 1.04419      1.1163  0.00479443
1764 1.04503     1.11626  0.00479188
1765 1.04587     1.11622  0.00478933
1766 1.0467     1.11618  0.00478678
1767 1.04753     1.11614  0.00478423
1768 1.04833     1.11611  0.00478168
1769 1.04913     1.11607  0.00477913
1770 1.04991     1.11603  0.00477657
1771 1.05067     1.11599  0.00477402
1772 1.05141     1.11596  0.00477146
1773 1.05213     1.11592  0.00476891
1774 1.05283     1.11589  0.00476635
1775 1.05351     1.11585   0.0047638
1776 1.05416     1.11582  0.00476124
1777 1.05478     1.11578  0.00475869
1778 1.05537     1.11575  0.00475613
1779 1.05593     1.11571  0.00475358
1780 1.05647     1.11568  0.00475102
1781 1.05697     1.11565  0.00474847
1782 1.05744     1.11562  0.00474592
1783 1.05788     1.11558  0.00474336
1784 1.05829     1.11555  0.00474081
1785 1.05866     1.11552  0.00473827
1786 1.059     1.11549  0.00473572
1787 1.05931     1.11546  0.00473317
1788 1.05958     1.11542  0.00473063
1789 1.05982     1.11539  0.00472809
1790 1.06003     1.11536  0.00472555
1791 1.06021     1.11533  0.00472301
1792 1.06036      1.1153  0.00472047
1793 1.06048     1.11527  0.00471794
1794 1.06056     1.11524  0.00471541
1795 1.06062     1.11521  0.00471288
1796 1.06066     1.11518  0.00471035
1797 1.06066     1.11515  0.00470783
1798 1.06065     1.11512  0.00470531
1799 1.06061     1.11509  0.00470279
1800 1.06055     1.11506  0.00470027
1801 1.06047     1.11503  0.00469776
1802 1.06037       1.115  0.00469525
1803 1.06026     1.11497  0.00469275
1804 1.06014     1.11494  0.00469024
1805 1.06     1.11491  0.00468774
1806 1.05986     1.11488  0.00468525
1807 1.05971     1.11485  0.00468275
1808 1.05955     1.11481  0.00468026
1809 1.05939     1.11478  0.00467778
1810 1.05924     1.11475  0.00467529
1811 1.05908     1.11472  0.00467281
1812 1.05893     1.11469  0.00467034
1813 1.05879     1.11466  0.00466786
1814 1.05866     1.11463  0.00466539
1815 1.05854      1.1146  0.00466292
1816 1.05843     1.11457  0.00466046
1817 1.05834     1.11454    0.004658
1818 1.05827     1.11451  0.00465554
1819 1.05822     1.11448  0.00465308
1820 1.05819     1.11444  0.00465063
1821 1.05818     1.11441  0.00464817
1822 1.0582     1.11438  0.00464573
1823 1.05825     1.11435  0.00464328
1824 1.05832     1.11432  0.00464084
1825 1.05843     1.11429  0.00463839
1826 1.05856     1.11426  0.00463595
1827 1.05873     1.11423  0.00463352
1828 1.05893      1.1142  0.00463108
1829 1.05917     1.11417  0.00462865
1830 1.05943     1.11414  0.00462621
1831 1.05974     1.11411  0.00462378
1832 1.06007     1.11408  0.00462135
1833 1.06044     1.11405  0.00461892
1834 1.06085     1.11402   0.0046165
1835 1.06128     1.11399  0.00461407
1836 1.06176     1.11396  0.00461164
1837 1.06226     1.11394  0.00460922
1838 1.0628     1.11391   0.0046068
1839 1.06336     1.11388  0.00460437
1840 1.06396     1.11385  0.00460195
1841 1.06458     1.11383  0.00459953
1842 1.06524      1.1138  0.00459711
1843 1.06592     1.11378  0.00459469
1844 1.06662     1.11375  0.00459227
1845 1.06734     1.11372  0.00458985
1846 1.06809      1.1137  0.00458743
1847 1.06885     1.11368  0.00458501
1848 1.06963     1.11365  0.00458259
1849 1.07043     1.11363  0.00458017
1850 1.07124     1.11361  0.00457775
1851 1.07206     1.11358  0.00457533
1852 1.07288     1.11356  0.00457291
1853 1.07372     1.11354   0.0045705
1854 1.07456     1.11352  0.00456808
1855 1.0754      1.1135  0.00456566
1856 1.07625     1.11348  0.00456325
1857 1.07709     1.11346  0.00456083
1858 1.07792     1.11344  0.00455842
1859 1.07875     1.11342    0.004556
1860 1.07958      1.1134  0.00455359
1861 1.08039     1.11338  0.00455118
1862 1.08119     1.11337  0.00454877
1863 1.08197     1.11335  0.00454636
1864 1.08274     1.11333  0.00454395
1865 1.08349     1.11332  0.00454154
1866 1.08422      1.1133  0.00453913
1867 1.08493     1.11329  0.00453673
1868 1.08561     1.11327  0.00453432
1869 1.08627     1.11326  0.00453192
1870 1.0869     1.11324  0.00452952
1871 1.08751     1.11323  0.00452712
1872 1.08809     1.11322  0.00452472
1873 1.08863      1.1132  0.00452232
1874 1.08915     1.11319  0.00451993
1875 1.08964     1.11318  0.00451753
1876 1.09009     1.11317  0.00451514
1877 1.09051     1.11315  0.00451275
1878 1.09089     1.11314  0.00451037
1879 1.09124     1.11313  0.00450798
1880 1.09155     1.11312   0.0045056
1881 1.09183     1.11311  0.00450322
1882 1.09208      1.1131  0.00450084
1883 1.09228     1.11308  0.00449846
1884 1.09245     1.11307  0.00449609
1885 1.09259     1.11306  0.00449371
1886 1.09269     1.11305  0.00449134
1887 1.09275     1.11304  0.00448898
1888 1.09278     1.11303  0.00448661
1889 1.09277     1.11302  0.00448425
1890 1.09273     1.11301  0.00448189
1891 1.09266       1.113  0.00447953
1892 1.09255     1.11299  0.00447718
1893 1.09241     1.11298  0.00447483
1894 1.09223     1.11297  0.00447248
1895 1.09203     1.11295  0.00447013
1896 1.09179     1.11294  0.00446779
1897 1.09153     1.11293  0.00446545
1898 1.09124     1.11292  0.00446311
1899 1.09092     1.11291  0.00446077
1900 1.09057      1.1129  0.00445844
1901 1.0902     1.11289  0.00445611
1902 1.08981     1.11287  0.00445378
1903 1.08939     1.11286  0.00445146
1904 1.08895     1.11285  0.00444914
1905 1.08849     1.11284  0.00444682
1906 1.08802     1.11282  0.00444451
1907 1.08752     1.11281   0.0044422
1908 1.08701      1.1128  0.00443989
1909 1.08648     1.11278  0.00443759
1910 1.08593     1.11277  0.00443529
1911 1.08538     1.11275  0.00443299
1912 1.08481     1.11274  0.00443069
1913 1.08422     1.11272   0.0044284
1914 1.08363     1.11271  0.00442612
1915 1.08303     1.11269  0.00442383
1916 1.08242     1.11268  0.00442155
1917 1.0818     1.11266  0.00441927
1918 1.08117     1.11265    0.004417
1919 1.08054     1.11263  0.00441473
1920 1.0799     1.11261  0.00441246
1921 1.07926     1.11259   0.0044102
1922 1.07861     1.11258  0.00440794
1923 1.07796     1.11256  0.00440569
1924 1.0773     1.11254  0.00440343
1925 1.07665     1.11252  0.00440119
1926 1.07599      1.1125  0.00439894
1927 1.07532     1.11248   0.0043967
1928 1.07466     1.11246  0.00439446
1929 1.074     1.11244  0.00439223
1930 1.07333     1.11242     0.00439
1931 1.07266      1.1124  0.00438778
1932 1.072     1.11238  0.00438556
1933 1.07133     1.11236  0.00438334
1934 1.07066     1.11234  0.00438113
1935 1.06999     1.11232  0.00437892
1936 1.06932      1.1123  0.00437671
1937 1.06865     1.11227  0.00437451
1938 1.06798     1.11225  0.00437231
1939 1.06732     1.11223  0.00437012
1940 1.06664      1.1122  0.00436793
1941 1.06597     1.11218  0.00436574
1942 1.0653     1.11216  0.00436356
1943 1.06463     1.11213  0.00436138
1944 1.06396     1.11211  0.00435921
1945 1.06329     1.11208  0.00435704
1946 1.06261     1.11206  0.00435488
1947 1.06194     1.11203  0.00435272
1948 1.06126       1.112  0.00435056
1949 1.06058     1.11198  0.00434841
1950 1.0599     1.11195  0.00434626
1951 1.05922     1.11192  0.00434412
1952 1.05853      1.1119  0.00434198
1953 1.05785     1.11187  0.00433984
1954 1.05716     1.11184  0.00433771
1955 1.05647     1.11181  0.00433559
1956 1.05578     1.11178  0.00433346
1957 1.05509     1.11175  0.00433135
1958 1.0544     1.11173  0.00432923
1959 1.05371      1.1117  0.00432712
1960 1.05301     1.11167  0.00432502
1961 1.05232     1.11164  0.00432292
1962 1.05162      1.1116  0.00432083
1963 1.05093     1.11157  0.00431873
1964 1.05024     1.11154  0.00431665
1965 1.04954     1.11151  0.00431457
1966 1.04885     1.11148  0.00431249
1967 1.04817     1.11145  0.00431042
1968 1.04748     1.11141  0.00430835
1969 1.0468     1.11138  0.00430629
1970 1.04612     1.11135  0.00430423
1971 1.04545     1.11132  0.00430217
1972 1.04479     1.11128  0.00430013
1973 1.04413     1.11125  0.00429808
1974 1.04347     1.11121  0.00429604
1975 1.04282     1.11118    0.004294
1976 1.04218     1.11114  0.00429197
1977 1.04155     1.11111  0.00428995
1978 1.04093     1.11107  0.00428793
1979 1.04032     1.11104  0.00428591
1980 1.03972       1.111  0.00428389
1981 1.03913     1.11096  0.00428189
1982 1.03856     1.11093  0.00427988
1983 1.03799     1.11089  0.00427788
1984 1.03744     1.11085  0.00427588
1985 1.03691     1.11082  0.00427389
1986 1.03639     1.11078   0.0042719
1987 1.03588     1.11074  0.00426992
1988 1.03539      1.1107  0.00426794
1989 1.03492     1.11067  0.00426597
1990 1.03447     1.11063  0.00426399
1991 1.03403     1.11059  0.00426203
1992 1.03361     1.11055  0.00426006
1993 1.03321     1.11051   0.0042581
1994 1.03283     1.11047  0.00425614
1995 1.03247     1.11043  0.00425419
1996 1.03213     1.11039  0.00425224
1997 1.03182     1.11036  0.00425029
1998 1.03152     1.11032  0.00424835
1999 1.03125     1.11028  0.00424641
2000 1.031     1.11024  0.00424447
