           1   0.0457286   0.0457286           0
           2   0.0496966   0.0477126  0.00140293
           3   0.0510382   0.0488212  0.00130154
           4   0.0499185   0.0490955  0.00100465
           5    0.051321   0.0495406 0.000896921
           6   0.0521841   0.0499812 0.000848779
           7   0.0507349   0.0500889 0.000734322
           8   0.0539217    0.050568 0.000783389
           9   0.0524877   0.0507813 0.000724803
          10   0.0495554   0.0506587 0.000662608
          11   0.0529095   0.0508633 0.000633178
          12   0.0533374   0.0510695 0.000613061
          13   0.0533721   0.0512466 0.000590936
          14   0.0475167   0.0509802 0.000605815
          15   0.0531576   0.0511253  0.00058256
          16   0.0506331   0.0510946 0.000546961
          17   0.0531342   0.0512146 0.000527782
          18   0.0529666   0.0513119 0.000507357
          19   0.0515639   0.0513251 0.000480827
          20   0.0519607   0.0513569 0.000457835
          21   0.0549242   0.0515268 0.000466484
          22   0.0566604   0.0517601 0.000500249
          23   0.0479558   0.0515947 0.000505105
          24   0.0561305   0.0517837 0.000518211
          25   0.0560785   0.0519555 0.000525185
          26   0.0497985   0.0518726 0.000511496
          27   0.0548091   0.0519813 0.000503982
          28   0.0532103   0.0520252  0.00048789
          29    0.048912   0.0519179 0.000482732
          30   0.0525367   0.0519385 0.000467082
          31    0.051456   0.0519229 0.000452274
          32   0.0468721   0.0517651 0.000464867
          33   0.0524853   0.0517869 0.000451292
          34   0.0461938   0.0516224  0.00046704
          35   0.0514061   0.0516162 0.000453737
          36   0.0457877   0.0514543 0.000469129
          37   0.0534943   0.0515095 0.000459679
          38   0.0542145   0.0515806  0.00045306
          39   0.0489198   0.0515124 0.000446551
          40   0.0507306   0.0514929 0.000435815
          41   0.0513786   0.0514901 0.000425194
          42   0.0526353   0.0515174 0.000415943
          43   0.0517098   0.0515218 0.000406294
          44   0.0564114    0.051633 0.000411978
          45    0.054715   0.0517014 0.000408476
          46   0.0590784   0.0518618 0.000429926
          47   0.0498201   0.0518184 0.000422967
          48   0.0590386   0.0519688 0.000440091
          49   0.0477611   0.0518829 0.000439407
          50   0.0571798   0.0519889 0.000443206
