0
0.202378
0.120736
0.119288
0.109196
0.0989115
0.106715
0.101564
0.0967858
0.0873568
0.0837515
0.0777388
0.0805851
0.07495
0.069777
0.0662499
0.0625005
0.0599116
0.0606846
0.0587407
0.0563319
0.0547555
0.0524823
0.0510849
0.0490606
0.0505185
0.0495114
0.0477236
0.0460642
0.045226
0.0461053
0.0461656
0.0461743
0.0456544
0.0457363
0.0445725
0.0436753
0.0425106
0.0415479
0.040534
0.0414854
0.0404857
0.0397651
0.039066
0.0382221
0.0375091
0.0367032
0.0361536
0.0356656
0.0349451
0.0343618
0.0338716
0.0332834
0.0327151
0.0322939
0.0317336
0.0316557
0.0311398
0.0307461
0.0302332
0.0298229
0.0293799
0.0291548
0.0287377
0.0285337
0.0284527
0.0280387
0.0276302
0.0272589
0.026895
0.0265407
0.026313
0.0267761
0.0266782
0.0264115
0.0261345
0.0261291
0.0259033
0.0256145
0.0258233
0.0255821
0.0252994
0.0250228
0.0256466
0.0254455
0.0265473
0.026681
0.026386
0.0261335
0.025925
0.025648
0.0255796
0.0253356
0.0253881
0.0251195
0.0249269
0.02476
0.0245188
0.0242939
0.0240799
