2.98507 0
3.18745 0.202378
3.21786 0.120736
3.13455 0.119288
3.07636 0.109196
3.11919 0.0989115
3.05286 0.106715
3.09498 0.101564
3.05831 0.0967858
3.0466 0.0873568
3.07436 0.0837515
3.08843 0.0777388
3.12559 0.0805851
3.13274 0.07495
3.13332 0.069777
3.14467 0.0662499
3.15047 0.0625005
3.13965 0.0599116
3.11794 0.0606846
3.10628 0.0587407
3.0991 0.0563319
3.10975 0.0547555
3.10563 0.0524823
3.09642 0.0510849
3.09888 0.0490606
3.11706 0.0505185
3.12646 0.0495114
3.12758 0.0477236
3.12638 0.0460642
3.11832 0.045226
3.10375 0.0461053
3.09199 0.0461656
3.10339 0.0461743
3.09457 0.0456544
3.10582 0.0457363
3.10916 0.0445725
3.10385 0.0436753
3.10398 0.0425106
3.10055 0.0415479
3.09879 0.040534
3.11137 0.0414854
3.11131 0.0404857
3.10702 0.0397651
3.10292 0.039066
3.10131 0.0382221
3.10439 0.0375091
3.10415 0.0367032
3.10816 0.0361536
3.10388 0.0356656
3.10398 0.0349451
3.10671 0.0343618
3.10325 0.0338716
3.1013 0.0332834
3.09943 0.0327151
3.09603 0.0322939
3.09486 0.0317336
3.10037 0.0316557
3.0989 0.0311398
3.09598 0.0307461
3.09647 0.0302332
3.09416 0.0298229
3.09573 0.0293799
3.0995 0.0291548
3.09795 0.0287377
3.09424 0.0285337
3.09872 0.0284527
3.0996 0.0280387
3.10022 0.0276302
3.10154 0.0272589
3.1003 0.026895
3.0991 0.0265407
3.10185 0.026313
3.09525 0.0267761
3.09149 0.0266782
3.08929 0.0264115
3.08734 0.0261345
3.09152 0.0261291
3.09392 0.0259033
3.09537 0.0256145
3.09016 0.0258233
3.08815 0.0255821
3.08689 0.0252994
3.08566 0.0250228
3.09248 0.0256466
3.0902 0.0254455
3.09871 0.0265473
3.09388 0.026681
3.09315 0.026386
3.09161 0.0261335
3.09369 0.025925
3.09299 0.025648
3.08971 0.0255796
3.08842 0.0253356
3.09246 0.0253881
3.09247 0.0251195
3.09059 0.0249269
3.09272 0.02476
3.09192 0.0245188
3.09085 0.0242939
3.08964 0.0240799
