-7.54701            -6.56069
-7.32392            -6.80883
-8.32092            -5.54637
-8.94478            -4.47111
-9.65397             2.60786
-8.70714             4.91789
-7.5808             6.52161
-6.63351             7.48309
-5.4778             8.36622
-4.41534             8.97245
-2.57007             9.66409
-0.564068             9.98408
-0.457706             9.98952
-0.135474             9.99908
1.54538             9.87987
2.33619             9.72328
3.12037              9.5007
5.31528             8.47041
8.37711             5.46114
8.63731             5.03953
9.7095            -2.39281
6.26571            -7.79364
5.52096            -8.33781
4.59299            -8.88282
4.26846            -9.04325
4.10058            -9.12059
3.72012            -9.28228
3.5676            -9.34196
3.03909            -9.52701
0.0371557            -9.99993
-0.417242            -9.99129
-4.54497            -8.90748
-4.84213             -8.7495
-5.33686            -8.45682
-7.54701            -6.56069
