316.574
291.012
272.553
267.421
254.603
241.732
231.894
220.542
209.916
202.448
202.308
197.419
190.62
187.373
190.277
186.907
182.509
180.568
178.768
174.902
172.506
172.777
172.099
172.912
171.162
170.249
169.795
169.013
169.672
168.095
167.062
166.928
166.033
165.538
163.08
163.76
162.979
164.026
164.99
165.093
163.294
163.353
164.675
164.051
165.031
162.421
163.88
164.264
162.836
166.216
164.178
166.478
163.421
164.514
163.489
164.033
161.203
163.268
162.74
162.47
163.992
164.441
164.163
164.528
163.291
165.339
161.729
163.748
166.216
163.311
161.852
163.308
162.564
160.598
161.823
161.506
163.102
160.67
161.945
160.755
160.33
162.185
160.29
159.722
161.362
161.175
159.239
160.933
160.577
159.948
159.438
159.075
161.599
160.552
161.208
161.318
162.845
160.748
161.06
160.672
162.365
159.977
158.853
159.78
160.85
161.556
159.598
160.302
158.612
159.834
159.209
159.902
160.059
161.448
160.115
159.658
159.726
158.522
158.826
160.171
162.972
162.134
162.33
160.276
158.998
160.904
160.935
160.618
159.642
160.548
160.08
159.406
159.914
159.23
161.185
160.382
158.996
159.305
160.45
160.227
162.537
162.286
159.007
160.61
160.983
160.32
160.214
158.014
159.786
159.872
160.154
159.316
161.236
161.05
158.475
159.261
159.61
160.674
161.321
158.171
158.919
160.633
162.147
159.308
160.748
159.514
160.082
159.946
159.341
158.404
157.956
158.808
160.29
161.172
159.656
158.901
159.276
160.207
161.474
160.071
160.104
159.949
160.162
159.843
160.736
160.844
158.949
159.008
157.812
159.511
159.482
160.128
161.184
159.906
159.548
159.797
160.473
161.028
162.544
159.972
158.596
160.746
158.991
160.617
160.826
159.24
159.878
160.225
158.358
160.766
160.644
159.8
161.872
159.746
160.546
159.747
159.103
160.071
160.133
159.164
161.573
162.35
162.527
162.008
161.629
160.859
157.734
159.3
159.541
159.686
158.68
159.977
160.311
161.441
159.797
159.977
162.182
161.09
163.512
161.343
161.042
158.592
158.736
158.352
158.84
160.301
158.214
157.755
159.288
161.681
158.472
159.08
158.414
160.254
158.815
157.855
159.596
157.813
158.124
158.269
158.221
158.547
159.546
159.196
159.283
157.204
157.338
157.032
159.594
159.062
160.219
157.617
158.764
157.524
158.848
157.229
158.028
158.814
159.412
159.564
159.069
157.062
161.092
158.243
160.278
158.778
160.386
158.981
159.408
159.539
159.195
159.598
158.224
159.132
158.514
158.117
161.382
158.7
156.742
158.706
159.565
159.866
159.356
159.544
158.379
157.853
159.456
159.971
159.924
159.054
159.254
158.883
158.068
157.65
159.012
156.231
158.166
158.853
158.61
160.498
158.923
158.752
158.59
158.669
157.821
159.106
160.301
159.909
161.385
158.847
158.215
160.532
159.388
159.125
159.968
159.236
158.997
158.706
157.974
157.452
159.476
159.466
159.433
158.639
160.729
159.882
158.383
160.212
159.241
159.798
158.638
158.999
159.094
158.991
159.405
157.547
158.21
160.216
157.289
157.985
159.254
160.437
160.475
157.551
158.768
159.181
157.462
158.268
158.3
159.617
160.888
159.332
158.831
157.711
156.494
158.407
158.65
156.934
157.93
156.27
158.811
159.542
159.458
158.804
157.874
159.728
161.516
158.392
160.088
157.533
156.958
157.848
157.73
157.642
157.548
158.331
159.433
159.774
156.915
157.277
158.406
157.93
158.606
159.728
156.55
156.468
159.648
157.094
159.179
157.868
158.261
158.12
158.016
158.78
160.056
160.706
158.752
156.349
159.331
156.482
156.75
157.981
159.186
158.342
159.538
158.082
158.038
158.67
157.637
158.401
156.708
156.739
156.576
158.922
158.899
158.258
157.044
157.935
157.2
158.933
157.513
159.057
158.118
156.666
159.797
158.786
155.746
158.272
157.932
157.116
157.614
159.971
159.89
159.06
157.133
156.846
159.756
156.846
157.933
157.474
157.968
156.845
156.505
159.346
158.618
157.932
157.756
157.226
156.463
155.908
157.054
157.614
159.029
159.892
158.097
158.77
160.197
156.387
159.458
156.636
157.249
159.293
159.266
158.843
158.982
158.276
158.378
157.949
155.056
157.396
157.352
157.91
157.129
158.493
159.039
156.251
158.134
157.194
158.032
160.21
159.822
159.419
160.178
158.861
158.286
157.411
158.256
157.658
158.398
158.658
157.571
156.934
156.754
157.176
157.156
157.726
156.238
157.464
157.85
158.258
158.157
157.95
156.809
160.132
157.916
159.768
157.652
157.802
159.443
158.49
156.95
158.176
158.671
157.698
157.375
157.21
156.978
159.042
159.659
160.564
158.346
157.516
157.642
157.79
159.823
158.793
158.105
158.055
158.22
158.05
158.276
157.306
158.836
158.221
157.145
157.227
156.489
159.576
158.474
157.864
155.284
158.072
159.36
158.912
158.574
158.47
157.645
157.991
158.54
159.631
158.728
160.868
155.974
157.353
158.447
157.9
157.598
159.22
156.551
157.619
160.323
159.213
158.124
158.668
157.784
157.78
158.182
160.188
158.754
160.77
157.844
157.588
157.908
157.204
157.116
159.297
158.127
161.318
158.287
157.931
156.952
156.778
156.778
157.722
158.206
157.598
156.888
158.399
157.59
157.29
158.614
156.899
156.129
157.559
157.616
158.172
158.56
159.579
157.013
157.498
156.415
156.538
158.296
157.128
158.225
159.196
156.762
157.672
156.37
157.148
156.795
158.918
159.074
157.501
157.993
159.836
159.306
158.827
159.562
158.225
157.153
157.633
157.598
159.187
159.848
157.331
156.27
158.014
158.159
156.528
157.84
158.603
156.437
160.213
159.242
157.685
158.229
156.491
159.751
158.778
157.313
159.366
157.502
157.42
157.73
158.684
155.907
156.721
156.15
157.254
158.712
157.111
158.457
156.731
156.226
157.401
159.386
158.109
157.959
159.419
156.81
158.176
157.473
155.943
157.42
158.026
158.073
159.12
160.778
157.57
157.531
157.638
158.207
157.818
158.29
158.015
156.334
156.864
157.165
159.874
160.652
159.458
158.211
159.521
159.116
159.637
159.529
157.283
159.33
157.684
157.148
158.148
160.75
157.717
158.706
158.477
161.281
158.562
158.156
155.882
158.314
158.65
159.203
157.701
160.441
158.995
161.236
158.416
158.59
159.142
157.974
156.877
156.93
159.494
161.227
156.045
159.863
158.872
159.661
159.35
161.35
158.79
160.706
161.606
157.784
159.509
158.168
160.457
158.546
159.138
160.003
158.578
157.534
159.756
158.342
157.778
157.614
156.788
157.381
157.031
155.949
158.359
158.034
158.851
159.115
159.821
157.314
156.377
160.043
158.172
156.736
158.714
158.533
158.507
158.146
158.14
158.093
158.745
157.101
159.53
156.681
158.739
158.198
157.23
157.199
159.923
160.305
159.174
160.437
159.585
157.524
159.201
159.584
158.745
158.348
157.602
157.775
159.011
160.216
158.697
157.118
158.76
159.245
158.623
159.124
158.258
156.865
161.056
159.808
158.193
157.597
157.871
157.227
158.3
157.791
161.936
161.493
159.313
158.964
157.761
159.69
159.64
159.741
158.31
157.832
160.458
157.986
159.159
160.268
157.946
159.474
159.027
159.135
160.784
158.187
161.062
157.716
157.92
160.083
159.465
159.292
159.05
158.156
157.776
157.399
160.313
157.714
155.413
158.18
155.626
156.288
157.499
158.605
158.217
157.79
159.371
159.725
159.258
159.617
157.292
158.906
157.392
158.023
158.076
159.42
158.934
158.018
159.869
159.218
158.466
159.717
158.449
158.916
157.78
157.016
158.68
157.768
160.009
159.105
158.927
159.12
160.057
160.193
158.948
158.478
158.066
159.846
159.874
159.263
158.194
159.494
155.937
160.723
158.568
159.124
159.707
157.63
159.304
157.696
158.977
158.274
159.215
158.962
159.597
158.252
157.336
158.237
158.85
159.334
157.312
156.421
158.218
158.238
158.658
157.367
158.005
156.832
156.047
158.297
156.948
157.426
157.506
160.549
160.208
158.731
158.509
158.084
158.04
159.78
159.16
158.097
157.52
159.27
157.874
160.16
157.029
155.998
157.638
155.332
158.534
155.266
158.042
158.184
161.393
158.523
158.277
157.814
156.415
157.865
158.411
157.802
156.837
159.153
156.887
156.882
158.549
157.156
160.424
156.988
158.572
157.483
157.214
159.086
156.83
158.548
157.468
156.796
160.182
158.614
159.967
161.258
159.679
160.271
158.646
159.112
158.171
158.888
158.798
159.013
159.312
157.852
161.475
159.772
160.163
160.216
159.191
162.479
160.837
160.012
159.85
157.56
161.975
160.8
160.748
160.711
159.029
160.186
161.298
160.792
161.143
160.472
160.736
157.834
159.559
160.724
160.541
160.098
159.49
157.225
159.384
160.746
159.506
160.278
160.258
162.178
162.693
159.392
158.634
157.484
159.646
159.252
159.894
159.586
160.403
160.503
160.141
159.818
160.604
159.908
158.821
158.332
159.72
160.221
158.975
159.353
157.731
160.712
158.533
159.803
158.203
160.401
159.715
159.813
159.912
158.883
159.727
160.595
161.136
160.386
158.114
159.639
161.394
159.212
157.717
159.263
161.187
159.59
158.721
159.22
161.028
159.076
160.768
159.339
157.435
158.761
159.121
159.893
157.05
160.112
158.735
160.452
158.958
158.796
158.834
158.543
160.132
160.142
158.458
157.269
158.363
158.572
157.354
158.6
158.981
157.746
158.072
158.803
158.246
160.26
159.926
158.932
157.267
158.185
158.584
158.424
156.872
158.89
158.223
157.982
157.813
159.61
159.438
160.115
159.123
158.281
159.243
157.706
159.089
158.468
158.251
157.036
159.007
156.464
156.792
156.57
157.572
158.628
160.733
160.12
159.593
158.656
159.148
157.853
160.628
158.025
158.148
158.734
159.364
159.836
158.272
160.568
160.828
159.89
158.048
160.251
158.776
159.352
158.378
156.835
156.989
157.057
160.64
158.448
157.957
157.945
158.451
159.812
157.646
159.859
158.766
158.707
158.466
158.415
157.037
159.108
159.972
158.456
154.624
157.713
157.588
157.588
159.322
158.098
156.955
157.648
157.176
159.097
158.896
157.722
159.026
158.18
156.628
156.102
158.106
156.48
158.051
158.165
158.864
157.251
157.065
157.079
157.858
157.684
157.558
156.524
157.568
158.034
156.895
157.717
155.859
157.623
156.233
159.424
157.07
157.882
158.044
157.099
157.385
159.424
159.753
159.78
157.241
157.237
157.309
158.871
158.563
156.933
158.352
160.21
159.669
156.833
157.132
159.284
159.159
156.652
158.484
159.679
157.402
157.476
158.334
156.993
157.365
159.354
157.908
157.175
157.608
157.086
158.046
160.097
159.159
158.471
158.591
159.36
158.415
157.351
160.429
157.977
157.754
156.876
158.27
156.689
156.658
158.042
158.11
158.38
158.924
159.041
158.008
158.396
159.08
156.644
158.15
157.421
159.778
158.119
157.422
155.094
158.82
159.606
160.439
159.576
157.762
159.123
158.38
159.636
158.867
157.28
155.731
158.036
156.384
158.423
157.913
158.226
158.233
158.382
156.206
159.515
155.275
156.933
160.069
156.882
157.055
159.828
156.37
157.499
158.196
158.382
158.93
160.707
161.176
158.521
158.955
161.868
160.291
159.395
158.585
156.32
156.496
159.299
158.461
158.054
156.896
157.828
156.564
158.053
157.181
158.713
157.476
158.894
158.128
158.538
158.006
158.243
158.006
157.977
156.814
157.552
158.685
160.411
158.656
158.52
156.13
159.058
158.415
159.157
160.063
157.535
157.836
157.475
156.617
156.2
156.45
157.727
158.838
156.401
157.128
155.242
155.518
155.748
160.258
155.909
156.733
156.001
156.67
158.89
156.569
158.706
156.424
157.636
157.148
158.232
156.785
156.334
158.134
156.79
159.427
157.544
156.842
156.599
158.332
157.052
157.068
156.03
156.856
156.276
156.409
157.072
157.985
156.907
156.666
158.264
157.764
157.127
156.901
157.748
157.784
158.859
157.93
158.463
157.806
157.929
156.642
156.976
156.507
156.562
156.679
156.562
157.766
156.704
156.288
159.964
156.854
157.229
157.626
156.893
156.602
158.172
157.657
154.905
158.262
156.033
157.839
158.02
157.534
155.547
156.08
157.556
157.158
155.188
155.274
157.672
157.867
157.147
156.657
155.544
156.643
158.084
156.089
157.83
156.935
158.07
155.749
157.843
158.148
157.751
158.345
158.076
156.941
156.792
157.851
158.184
157.03
158.511
159.116
157.95
156.846
158.25
159.161
157.718
158.584
158.201
158.443
159.34
159.929
158.95
157.902
158.364
156.929
157.691
159.183
158.394
158.316
157.71
158.344
160.128
158.781
160.73
158.176
157.827
158.343
157.227
158.725
156.92
156.235
156.246
159.51
160.387
156.35
156.111
157.442
159.518
159.016
158.914
157.416
157.854
157.456
157.605
158.793
155.647
157.105
157.096
156.942
158.504
158.331
156.265
156.53
156.524
158.625
154.526
154.906
158.727
156.84
157.478
158.097
158.476
156.624
156.184
156.851
157.134
154.594
157.563
156.603
157.188
155.016
156.434
157.502
158.038
158.436
158.392
158.736
158.745
156.97
158.514
157.911
155.719
155.939
156.915
157.682
158.455
155.542
156.623
155.658
156.535
157.043
155.22
158.034
156.196
157.987
156.357
157.508
157.016
156.53
156.729
156.158
157.24
155.295
155.772
156.001
155.641
156.825
156.588
155.063
157.032
157.559
159.7
157.746
156.406
156.092
156.465
157.272
157.145
156.472
156.485
157.182
157.142
155.423
155.375
155.223
155.689
156.177
156.909
156.79
157.285
157.758
157.303
155.844
154.456
154.923
156.701
157.058
155.752
156.619
156.886
158.816
155.329
157.622
155.82
155.294
157.008
155.446
156.797
156.571
155.977
157.358
156.558
156.454
158.118
156.489
158.318
157.508
158.958
157.052
156.662
157.567
158.698
157.002
156.241
156.942
156.183
156.421
156.292
158.084
156.871
157.453
157.233
157.54
156.731
157.08
157.48
153.97
155.856
158.144
159.186
155.929
159.081
158.966
156.387
157.18
156.144
155.576
156.509
157.093
155.325
155.961
155.201
156.746
157.948
158.063
157.347
156.97
155.566
156.415
157.863
156.536
157.131
157.744
155.126
155.534
157.068
156.146
156.889
156.045
158.337
158.736
157.962
158.228
157.288
156.788
157.792
155.268
156.515
155.06
155.823
157.408
155.305
157.623
155.37
154.959
155.802
156.788
157.464
156.365
157.021
155.908
157.379
158.524
157.503
156.703
157.082
156.7
158.014
156.331
155.694
157.746
158.051
157.324
157.236
156.786
157.624
157.533
158.348
156.36
155.351
158.325
157.051
156.387
157.282
156.762
155.318
158.002
157.171
155.101
156.87
157.193
157.321
157.617
156.046
156.922
156.437
158.461
157.471
157.872
156.89
155.953
154.56
156.471
156.387
157.89
156.874
155.099
156.586
156.945
156.229
157.439
156.402
156.938
156.165
158.533
159.358
156.949
157.193
156.972
157.663
157.636
156.104
158.046
155.99
155.062
155.079
157.349
155.034
154.813
154.887
156.901
155.492
156.114
157.436
156.916
158.247
156.274
156.26
155.84
157.632
158.792
157.47
156.14
156.337
154.76
156.158
155.201
156.707
156.684
156.632
156.752
156.444
156.668
156.716
155.252
157.779
156.974
157.555
156.254
154.587
156.729
156.293
156.247
154.269
156.35
156.89
155.979
157.006
156.457
155.472
153.715
157.336
157.495
153.883
155.836
156.028
155.636
156.194
155.375
154.698
157.431
155.552
157.267
156.275
155.71
156.086
156.437
155.367
155.997
155.77
157.243
154.717
156.068
155.158
156.858
154.828
155.547
155.188
154.908
156.422
156.202
155.757
154.952
155.112
155.82
154.498
154.656
155.851
155.036
155.201
156.584
154.505
157.174
154.541
156.496
157.25
155.91
157.516
155.92
155.573
156.392
158.08
155.987
158.159
155.872
156.813
154.323
156.2
156.264
156.387
158.726
157.378
157.546
154.097
155.491
156.527
156.541
155.559
156.228
154.747
156.301
156.306
156.489
156.731
157.279
157.58
155.864
157.653
156.609
157.396
157.117
155.86
156.46
156.343
157.97
155
154.895
155.23
155.677
154.992
155.033
155.43
156.104
156.482
154.978
157.004
156.2
158.094
158.104
155.708
156.477
157.155
156.402
156.708
155.59
155.994
155.079
155.404
154.913
154.363
157.356
155.222
156.992
154.761
155.711
158.651
157.828
154.711
156.299
157.82
155.794
155.504
157.14
154.528
155.57
157.27
156.432
157.392
158.592
156.136
156.333
157.35
155.285
155.456
156.013
155.749
156.021
157.305
156.62
155.712
155.878
154.938
155.195
156.069
156.605
156.611
155.476
155.48
155.608
153.457
154.864
156.436
158.794
154.331
155.366
155.844
155.884
155.929
155.102
155.289
155.562
155.853
156.766
155.073
156.476
157.167
157.142
158.289
157.732
158.155
158.863
158.401
157.285
157.713
157.268
157.739
156.049
156.68
156.984
158.551
154.932
157.935
157.129
157.546
156.722
157.934
159.274
158.889
157.352
156.507
156.802
156.061
157.73
157.37
157.769
157.308
156.606
156.678
159.236
155.422
157.631
158.214
159.123
157.745
156.604
156.319
157.448
158.684
156.959
156.392
157.46
156.723
157.9
156.685
155.276
156.014
156.872
155.523
156.516
156.687
156.237
157.515
158.06
158.45
158.623
159.47
158.797
158.47
157.294
160.358
158.027
157.888
158.231
155.679
156.676
158.36
156.145
157.513
154.411
156.792
158.657
157.607
157.478
157.99
157.854
157.545
157.766
158.69
157.67
157.986
159.508
159.959
157.732
157.04
157.934
158.521
157.115
156.877
155.97
157.778
156.705
157.655
157.85
156.757
158.837
157.23
157.361
158.124
157.947
158.581
157.944
156.654
155.425
157.218
155.592
156.779
156.638
157.609
157.283
156.95
158.716
158.288
157.422
159.186
156.711
159.172
157.48
157.02
158.359
158.221
157.31
158.838
159.776
157.752
158.385
158.798
159.018
158.238
157.846
158.29
158.024
157.737
156.907
156.251
157.66
158.063
155.887
156.814
156.617
157.895
158.595
157.982
157.044
157.027
158.738
157.15
155.89
157.652
157.783
156.62
158.804
156.558
155.991
157.297
156.646
156.71
157.968
157.976
157.622
160.66
158.006
160.648
160.204
157.749
158.552
157.372
156.052
155.821
156.216
154.962
156.006
156.864
156.752
159.592
158.249
158.318
157.232
155.996
155.939
156.821
156.949
156.676
157.568
158.168
157.608
156.689
157.914
159.55
157.214
157.722
158.684
159.095
158.431
155.764
155.918
156.286
156.645
156.326
157.774
157.58
156.437
158.316
158.003
157.648
158.143
158.766
160.378
158.861
158.473
158.298
158.374
158.324
156.159
156.57
157.038
157.076
156.982
158.172
160.514
158.542
159.125
157.499
161.031
160.765
158.508
159.014
158.926
159.426
158.864
159.457
159.406
158.366
158.788
157.896
157.469
158.241
159.524
159.689
160.294
160.808
160.718
161.767
157.983
158.939
157.993
155.941
158.702
158.161
156.985
156.038
157.561
156.244
157.227
156.687
156.839
155.526
155.707
156.968
157.87
154.944
156.815
155.377
156.947
155.523
155.368
156.91
155.478
155.964
155.849
155.635
158.148
155.473
155.847
154.566
156.855
155.16
157.296
156.121
158.958
154.034
156.73
158.636
158
156.966
157.978
155.92
157.339
158.683
156.95
155.21
156.293
157.031
157.357
157.804
156.601
155.236
156.464
157.706
158.138
155.872
157.142
155.811
157.039
157.284
157.945
157.579
159.241
157.752
158.005
157.6
157.104
158.703
157.838
155.714
156.348
157.117
156.676
155.43
156.641
158.052
158.799
159.609
159.693
158.871
158.91
158.093
159.251
157.762
157.593
157.639
158.292
157.632
158.088
156.261
156.681
157.117
158.084
157.98
157.106
156.043
156.95
157.547
157.884
157.995
157.617
156.882
157.093
159.078
158.584
158.37
155.433
157.369
156.842
155.492
157.559
157.46
157.886
159.914
155.989
156.917
155.628
157.859
157.807
155.722
157.79
158.406
158.262
156.366
157.059
157.232
159.392
157.59
158.331
158.738
159.535
158.161
158.391
158.266
157.522
156.952
159.233
157.577
159.113
157.256
157.533
157.36
157.136
156.539
156.046
156.665
155.536
156.978
156.596
157.357
157.05
157.85
156.712
157.666
155.884
157.436
158.099
159.679
158.193
157.519
156.941
159.552
158.344
157.379
156.834
155.274
156.094
158.181
155.947
157.706
155.842
159.286
158.5
158.257
157.152
157.962
158.729
158.123
157.927
157.466
161.234
158.789
157.473
156.256
157.842
157.677
156.941
158.66
157.792
157.492
157.114
158.165
158.75
159.286
157.806
156.619
156.475
157.062
156.346
156.216
157.175
158.86
156.002
158.618
157.158
159.341
158.456
156.95
157.413
154.107
156.726
157.598
159.042
158.195
159.731
158.377
158.302
157.708
158.05
157.194
158.48
156.104
154.514
159.208
158.488
156.994
157.667
158.384
157.238
157.786
156.077
158.074
157.749
156.877
157.532
157.548
159.504
157.55
159.868
158.981
159.213
156.965
157.608
157.413
157.273
156.856
160.453
158.395
158.509
158.246
157.665
158.684
157.062
158.776
157.455
156.464
158.323
157.316
157.596
159.091
159.555
157.834
157.58
157.6
157.114
157.561
156.59
157.012
157.814
158.404
160.029
159.929
159.93
158.372
159.522
159.842
159.418
160.533
158.651
158.93
157.218
157.393
158.322
158.498
157.845
156.552
157.611
155.592
157.144
155.436
156.991
156.669
157.31
158.338
159.012
160.149
157.666
157.879
157.873
158.053
158.041
157.971
157.49
157.393
158.084
156.632
156.831
157.38
158.502
157.842
157.697
156.869
156.866
158.705
158.691
159.112
159.463
156.962
159.39
157.023
158.652
158.074
157.374
158.865
156.728
157.846
157.638
158.019
157.369
160.326
156.952
159.1
156.315
159.763
159.036
157.04
157.329
157.279
157.494
157.185
158.505
160.004
159.874
158.733
157.524
159.48
158.299
156.614
156.722
157.68
158.019
156.099
156.637
157.734
157.707
155.56
156.371
157.241
155.423
155.655
157.898
158.97
158.425
157.33
157.908
158.804
159.442
158.411
157.63
155.658
157.124
158.181
157.961
158.024
158.467
155.388
157.106
157.324
156.033
157.709
155.239
157.813
161.661
156.901
158.465
159.47
157.233
155.906
157.499
154.962
156.353
154.92
157.882
157.982
155.696
157.052
158.896
159.234
157.879
155.574
156.678
157.594
157.595
157.388
158.274
160.048
158.081
156.732
158.74
157.907
156.395
154.935
158.605
157.402
157.851
155.956
156.549
158.09
157.984
157.261
158.478
160.59
158.931
156.887
157.896
159.218
158.2
157.678
156.672
158.897
158.826
156.543
156.756
157.266
157.33
158.092
157.354
157.221
157.587
158.021
155.98
158.73
157.747
158.486
157.808
158.985
157.762
159.184
158.259
156.446
157.816
159.562
156.813
157.383
157.959
156.725
157.143
156.585
156.081
155.404
155.63
156.971
157.235
159.648
159.704
158.202
156.204
157.059
157.006
157.172
158.387
158.358
156.562
158.235
157.853
156.565
156.833
157.428
158.312
157.12
159.191
160.624
157.682
158.84
159.657
157.698
156.329
157.276
158.404
159.216
157.956
157.829
155.641
157.365
157.311
156.708
156.792
154.867
157.51
157.494
160.52
161.544
157.43
159.579
160.058
156.7
157.571
157.419
158.104
157.361
157.331
158.108
157.926
159.352
157.497
156.457
157.868
157.13
157.384
158.815
157.177
157.408
157.695
157.816
158.4
159.603
157.67
157.178
159.246
157.059
157.937
158.585
158.311
157.617
158.213
158.69
157.02
158.443
156.784
157.796
159.161
159.419
160.298
159.814
159.214
159.038
156.787
157.363
156.982
158.512
159.146
156.674
157.162
157.847
157.449
156.601
156.64
156.852
157.287
158.333
158.516
157.92
159.248
159.119
156.888
156.728
157.951
155.493
157.565
156.19
157.295
157.543
156.211
158.864
158.062
157.504
157.395
157.988
156.717
156.588
158.315
157.76
157.412
156.752
157.494
155.824
156.72
156.532
156.249
156.928
155.67
155.772
156.152
156.462
156.508
155.782
157.582
156.736
157.124
156.486
157.134
156.293
155.83
157.455
159.036
160.191
157.638
157.366
156.641
156.247
155.191
156.529
156.867
157.82
157.252
158.04
158.248
156.248
157.656
158.588
157.853
158.759
158.25
158.107
155.092
156.762
156.94
155.521
158.031
158.461
157.921
157.519
156.055
156.654
157.156
158.264
155.898
156.499
158.159
158.477
157.701
157.833
158.432
156.237
157.334
156.557
156.302
156.653
158.005
158.447
156.252
155.835
155.078
156.41
156.612
155.161
157.395
158.32
156.069
157.452
156.803
155.673
157.058
157.909
156.013
156.476
157.207
157.46
156.711
156.735
159.321
157.402
157.527
156.213
156.066
157.056
155.213
158.684
159.18
156.436
155.445
157.942
157.497
157.433
157.35
157.878
158.425
158.33
158.741
158.107
157.638
156.644
158.302
154.734
156.613
157.237
156.1
154.918
157.249
157.507
155.341
156.856
159.444
157.917
157.463
158.557
159.862
156.798
156.438
157.99
157.687
158.245
159.18
157.23
156.473
158.44
157.296
155.683
157.509
157.918
158.133
158.584
156.984
156.241
155.918
157.576
158.807
157.398
158.402
158.721
159.801
160.795
157.13
156.209
157.56
156.666
157.52
158.852
158.189
156.868
157.044
156.248
157.115
158.11
159.11
159.134
156.62
158.524
157.144
158.482
157.433
156.931
157.497
157.227
154.812
156.83
155.793
156.959
158.211
157.8
154.539
157.678
156.665
158.029
157.831
159.101
157.548
158.33
155.895
157.633
157.196
158.345
159.207
156.846
157.401
156.691
157.917
156.714
155.296
157.009
154.906
156.774
156.092
157.441
157.087
156.809
156.131
156.204
155.318
156.75
156.986
156.666
154.797
158.288
157.572
156.721
156.584
156.878
155.98
155.533
155.405
157.268
156.289
157.268
156.466
157.627
157.212
155.951
158.17
156.028
155.628
157.593
157.066
157.307
158.305
158.644
157.409
156.864
155.712
155.706
156.451
155.175
156.537
156.707
155.335
155.415
156.326
157.997
156.227
156.956
156.276
157.136
156.117
155.729
159.296
156.394
158.567
156.506
155.437
157.888
156.036
155.76
156.189
155.015
155.352
158.683
157.671
155.964
157.434
156.149
157.292
157.222
157.836
157.439
156.54
155.895
155.525
154.779
158.694
156.894
157.327
155.079
157.948
157.694
156.942
155.159
155.841
157.492
157.982
156.542
157.858
156.313
155.583
155.386
154.982
155.567
156.3
156.172
156.309
156.486
156.229
155.03
155.694
154.785
154.13
154.788
155.797
155.41
155.771
154.184
155.012
156.071
153.085
152.073
154.078
154.871
153.824
153.941
156.622
153.03
156.907
155.204
155.661
156.479
156.857
157.457
157.259
156.627
153.671
155.509
155.845
155.814
154.647
155.174
153.889
155.606
155.937
153.842
154.733
153.982
154.124
156.318
153.113
155.718
155.212
156.288
155.851
157.274
154.034
156.728
155.726
155.637
156.4
153.899
155.449
155.91
154.928
154.881
156.129
154.485
155.628
155.444
156.324
155.122
155.628
155.538
155.347
156.94
154.57
155
153.979
154.339
153.85
155.807
155.386
157.395
156.96
154.545
153.911
156.91
154.894
155.294
155.748
156.819
156.393
155.299
156.498
156.832
155.796
155.482
154.306
154.353
155.206
153.057
154.073
151.972
150.988
152.446
153.758
153.137
150.938
151.163
150.691
149.663
151.305
151.957
151.991
151.73
151.151
154.349
152.899
151.984
151.135
151.318
150.699
149.88
148.168
148.991
151.415
150.541
149.254
149.609
151.367
149.721
150.28
151.438
149.814
149.989
149.403
149.583
151.345
148.251
149.281
151.37
149.712
148.448
150.338
149.335
150.182
149.325
151.34
150.307
148.418
148.66
149.744
149.456
150.52
147.769
148.966
151.184
148.806
149.694
147.782
150.087
148.986
148.309
150.838
149.62
150.33
149.664
151.75
151.268
148.184
150.536
149.718
149.688
150.354
149.134
150.359
149.018
150.57
150.189
149.123
150.905
148.81
148.739
149.492
147.4
147.801
148.994
149.538
148.177
148.361
148.556
148.701
151.294
148.837
152.291
148.382
151.217
150.236
150.587
149.925
151.128
151.234
149.404
149.228
146.823
150.162
148.424
150.39
149.826
149.364
149.434
150.436
150.553
150.09
149.701
149.396
150.398
148.861
151.663
151.189
150.108
148.322
149.576
149.869
149.588
151.271
149.049
151.875
151.029
150.352
150.795
150.752
148.236
148.713
149.561
152.026
152.34
148.262
149.552
151.333
150.809
149.531
150.994
149.756
149.377
149.582
150.925
150.55
149.609
148.013
149.021
149.372
149.604
149.56
149.39
148.45
148.991
146.754
150.172
149.736
150.643
150.634
150.79
150.998
148.708
149.192
149.137
150.215
150.362
149.852
150.824
149.992
148.997
148.753
147.895
149.627
150.252
149.858
150.478
150.614
149.063
148.176
149.34
148.522
151.869
150.129
150.028
150.879
149.163
149.837
148.06
148.358
149.319
149.193
150.124
148.987
149.471
147.662
147.72
149.171
151.588
149.618
148.862
147.998
149.629
148.01
150.561
148.107
150.893
150.467
149.868
150.331
151.112
149.514
149.501
148.68
149.304
148.283
150.392
149.083
148.323
148.228
149.515
148.63
152.14
150.44
149.336
151.01
149.936
150.754
150.674
150.491
148.552
149.614
149.94
149.477
148.88
149.708
150.28
148.97
149.537
148.63
149.765
148.198
148.501
149.671
150.668
149.986
148.192
151.054
149.312
149.179
149.249
151.06
148.881
149.359
149.017
148.943
150.938
149.28
149.476
150.044
150.913
149.206
149.372
150.243
150.728
148.117
148.748
148.994
150.536
148.814
150.237
148.288
147.594
149.096
149.814
149.418
150.984
149.969
150.616
152.277
148.903
150.096
149.096
150.24
150.225
149.46
149.458
148.008
149.183
148.776
146.957
148.623
149.547
149.729
150.121
149.962
148.674
149.234
148.137
148.608
147.072
147.503
147.934
148.641
148.098
151.237
148.582
149.41
150.368
147.969
146.9
149.047
148.267
151.322
150.361
151.29
151.474
147.376
149.582
148.911
147.948
148.592
149.634
147.715
150.689
149.803
150.482
149.283
149.86
150.339
149.883
147.118
149.296
149.715
147.838
149.382
146.641
149.702
148.654
149.896
148.57
149.12
148.573
150.177
150.128
148.266
148.492
148.632
147.707
148.848
149.352
148.92
149.128
148.57
148.824
150.149
149.668
147.234
145.676
146.284
148.504
148.863
150.87
148.742
149.469
146.63
148.11
149.688
148.277
148.735
149.102
147.576
148.12
148.735
149.651
149.765
150.397
148.537
148.063
148.817
149.938
146.908
148.177
147.214
151.4
147.691
147.722
149.302
149.891
146.718
148.803
147.925
151.392
148.001
147.712
150.768
149.253
148.787
148.22
150.937
149.046
147.853
147.7
148.026
148.432
149.822
148.171
148.25
149.166
146.677
148.578
150.521
151.894
150.07
148.317
149.327
148.388
149.954
147.72
148.053
150.538
148.754
148.789
151.398
149.212
150.317
151.118
149.749
149.009
148.922
147.839
148.604
149.732
148.186
149.574
149.455
148.207
149.87
148.732
150.093
149.793
149.013
150.161
150.626
149.661
151.649
149.698
149.036
148.1
149.039
149.067
148.96
147.188
149.453
148.325
147.256
148.117
150.248
149.14
151.236
149.408
151.62
148.342
148.972
148.584
148.835
147.667
148.33
147.66
148.214
147.657
147.648
148.399
149.952
149.039
149.128
149.843
147.865
149.752
149.282
150.047
147.968
147.288
148.747
149.68
149.48
148.638
146.996
148.312
148.514
148.757
146.684
149.685
150.683
150.506
150.729
150.751
150.739
148.218
149.214
147.807
148.455
150.314
150.345
149.244
149.753
149.459
149.967
149.298
148.795
149.624
147.775
148.925
149.794
149.672
149.032
149.717
148.352
148.644
149.594
150.068
148.932
149.236
149.041
151.572
149.553
150.274
148.318
150.742
148.816
149.477
148.442
149.387
148.059
149.605
148.384
150.38
146.619
148.385
149.464
148.376
148.679
149.772
150.12
149.16
148.402
149.25
151.885
150.234
149.926
149.098
149.179
149.238
150.784
149.935
149.78
149.318
149.944
150.512
150.471
149.415
150.015
149.193
149.38
149.657
150.17
149.594
149.854
149.622
149.074
148.227
149.7
147.817
148.79
148.062
150.914
148.394
147.542
150.097
147.333
148.228
148.05
148.742
149.616
149.234
147.596
147.64
149.035
149.029
148.712
149.638
149.321
148.816
149.701
148.958
149.8
148.09
148.361
148.39
150.295
148.282
147.66
148.87
148.203
150.227
149.566
150.046
147.767
148.113
150.959
148.4
148.908
150.098
150.751
148.332
149.353
149.45
146.813
148.382
149.672
150.658
151.442
147.929
150.443
148.984
150.607
149.046
148.849
148.782
147.718
148.178
148.021
149.163
147.393
148.28
149.189
149.284
150.538
150.612
147.67
148.691
148.875
151.225
149.935
148.212
149.768
149.434
149.383
148.461
149.678
150.481
148.865
150.112
152.012
150.846
148.318
148.464
147.28
148.664
150.576
149.143
150.014
149.138
148.715
149.932
149.702
148.101
149.037
149.954
149.365
149.426
149.316
149.628
149.6
147.33
148.432
149.16
149.608
149.822
148.347
148.101
148.43
150.299
148.521
148.874
149.45
152.182
148.673
149.484
150.096
149.873
147.994
151.118
148.523
148.516
147.084
148.719
150.747
149.368
147.89
148.124
149.779
148.599
150.973
149.416
149.79
149.966
149.352
148.527
150.175
149.392
150.196
147.752
146.756
149.14
148.396
147.921
149.965
147.13
148.072
149.868
149.524
148.38
148.026
149.715
147.675
148.075
150.197
148.294
147.899
148.486
148.388
146.557
148.138
148.899
150.166
149.9
149.072
149.119
151.017
148.586
147.889
149.785
149.846
147.781
147.397
146.618
148.315
147.006
148.671
148.383
148.64
147.797
148.451
149.72
149.098
147.258
147.746
150.518
149.315
149.209
149.052
150.753
150.014
150.79
149.492
148.512
149.293
148.239
151.252
147.781
149.679
150.504
148.742
149.014
148.554
148.948
151.77
147.514
148.688
149.05
149.624
148.612
145.725
149.587
150.146
149.703
148.217
148.112
148.831
148.24
147.453
149.444
149.653
150.491
149.624
147.114
149.528
148.123
149.332
147.41
148.262
147.739
149.524
147.587
148.683
149.368
146.525
149.728
147.856
150.094
148.654
150.184
150.115
147.639
150.126
147.963
149.135
147.037
149.79
149.205
149.321
148.726
147.478
148.272
147.886
150.335
148.46
149.903
151.146
149.17
147.159
149.443
147.998
150.094
149.676
150.255
149.105
148.711
148.154
149.589
148.756
149.044
146.793
146.487
148.776
146.916
149.89
148.621
148.2
148.139
149.756
149.006
148.343
148.018
147.371
149.872
150.825
150.656
149.766
148.276
147.708
148.165
150.068
147.749
148.698
149.313
149.322
148.89
149.172
149.466
147.864
148.776
149.31
149.741
149.802
150.03
149.297
148.784
148.495
149.134
147.819
148.191
147.076
149.413
148.663
150.518
147.83
148.408
151.099
148.586
149.424
148.836
149.39
150.181
148.947
149.088
148.83
149.065
147.084
149.624
148.178
150.571
150.333
149.455
148.231
146.676
147.912
148.034
150.19
149.517
150.824
151.05
149.466
149.184
149.862
150.376
150.177
148.784
148.78
150.778
151.687
149.903
150.025
149.264
148.739
147.644
148.309
149.432
149.317
149.51
147.309
147.937
150.676
149.838
149.079
148.829
149.159
148.422
147.832
149.966
148.68
150.385
149.888
147.912
150.456
149.864
149.291
148.12
148.344
149.622
147.742
149.558
151.122
151.225
148.51
150.132
148.885
152.078
149.667
147.029
148.972
149.203
148.609
150.614
149.67
150.482
148.324
149.267
148.39
148.426
148.84
148.104
149.989
148.621
148.202
147.729
150.122
149.896
148.701
147.04
150.483
147.778
148.665
148.146
150.432
148.621
148.601
148.12
149.204
150.037
150.132
149.303
148.531
149.067
148.44
148.731
147.867
148.999
148.662
149.707
148.635
148.42
148.304
149.533
148.982
147.835
149.03
150.329
151.139
149.708
149.683
149.87
148.96
151.218
149.852
149.431
150.268
150.06
149.756
150.772
151.144
149.791
149.338
149.296
150.323
149.513
150.442
149.942
149.559
147.278
148.428
149.656
147.548
148.584
148.622
149.352
149.6
149.261
149.509
148.74
150.43
147.238
149.45
148.253
149.348
148.997
150.606
150.039
151.296
149.078
149.218
147.464
148.181
147.978
148.684
150.588
148.855
149.888
149.612
149.799
147.508
148.776
149.286
148.486
149.113
148.742
148.932
148.09
148.998
148.54
148.414
148.972
148.758
147.95
147.355
147.758
148.546
148.6
149.877
148.213
149.713
146.976
149.342
150.721
150.016
150.022
149.937
149.366
149.21
149.14
148.588
148.207
148.134
147.308
148.864
149.372
147.636
148.952
147.833
149.03
148.064
149.544
149.005
150.576
149.023
149.552
150.065
149.977
149.703
148.69
149.784
150.451
150.179
149.17
147.533
150.452
149.278
150.069
149.49
149.098
150.504
149.827
148.156
147.888
148.336
150.133
154.146
154.192
151.12
152.91
152.256
151.973
153.186
151.703
153.096
152.955
152.378
151.368
151.39
153.079
150.126
150.327
150.3
151.36
151.637
149.868
151.234
149.849
150.957
149.488
150.916
150.415
152.032
150.545
150.748
152.685
151.991
151.374
151.249
151.73
152.314
151.33
149.16
150.306
152.509
152.728
153.838
153.061
152.828
153.994
152.56
150.865
151.076
151.894
150.002
149.442
149.465
149.56
148.25
147.664
148.629
150.228
149.181
149.986
148.999
149.908
148.211
147.63
149.186
148.052
148.684
149.735
148.68
147.816
147.911
148.044
149.656
150.415
149.31
148.79
150.804
147.638
149.671
148.489
148.3
148.551
148.567
149.059
148.892
148.62
147.792
148.207
148.59
148.888
149.531
146.179
148.627
149.29
148.834
150.035
148.841
148.476
149.682
148.436
149.73
150.39
148.409
147.334
148.13
149.926
149.1
146.896
145.954
150.281
148.491
148.66
147.627
149.85
148.417
148.597
147.462
148.83
149.951
151.047
149.129
149.946
150.416
148.48
150.492
151.634
150.253
148.452
149.442
149.75
148.926
150.936
148.697
150.041
148.59
149.092
147.92
149.303
149.25
148.661
149.322
148.817
150.572
149.251
147.797
149.789
149.589
149.538
150.446
148.962
148.382
150.03
150.088
149.088
147.601
147.067
147.227
149.191
150.124
149.309
149.574
149.469
148.577
148.564
148.798
149.517
149.532
148.074
149.048
148.374
148.752
148.856
150.43
150.781
149.846
148.764
150.569
147.514
148.111
149.994
149.914
148.554
147.636
148.976
147.583
149.017
148.275
147.907
148.894
150.164
147.753
147.513
145.772
147.381
148.026
149.614
149.72
147.954
147.402
148.411
147.834
148.69
148.492
148.653
149.72
150.338
150.266
150.835
151.808
149.232
151.079
151.002
148.185
146.427
148.157
151.025
150.807
149.742
146.738
148.398
148.052
147.486
149.115
149.388
150.588
148.843
148.238
148.805
147.991
147.163
149.012
148.829
149.258
150.374
149.182
147.46
146.668
148.846
148.317
148.694
148.33
148.289
148.75
149.718
147.511
147.06
147.445
147.744
149.138
148.519
149.852
149.22
149.465
147.842
148.704
148.571
151.532
150.468
149.218
150.904
150.293
148.815
149.988
149.892
149.208
148.797
149.961
150.41
149.471
149.79
149.404
149.168
148.201
147.615
148.108
148.254
149.048
150.234
148.7
148.902
149.87
149.873
148.634
151.584
148.266
147.475
148.116
147.648
148.048
147.9
147.096
148.324
148.167
148.081
147.976
148.656
147.743
150.53
149.915
150.323
149.991
149.815
148.777
150.292
148.602
148.019
148.259
147.86
148.521
148.678
150.521
148.148
149.197
149.098
148.016
148.476
149.47
148.963
149.435
149.549
146.092
148.191
149.332
148.296
151.327
148.232
145.927
147.081
149.103
148.852
151.642
148.496
150.302
147.943
150.395
148.816
148.312
149.375
150.032
149.706
151.451
147.717
147.988
148.333
149.872
148.277
150.362
148.846
148.207
148.335
149.784
149.471
151.517
150.126
149.158
148.807
150.227
151.009
150.581
149.641
149.325
150.092
147.85
147.294
146.785
146.914
147.003
148.637
148.98
147.623
151.194
150.302
148.145
147.866
153.312
150.799
148.567
151.223
148.37
148.231
150.226
148.862
148.849
150.058
151.264
150.221
149.91
147.288
147.86
148.282
149.138
147.895
150.598
147.508
148.678
147.454
151.336
150.126
148.295
149.999
146.802
149.84
148.17
147.657
149.298
149.655
150.233
149.728
147.666
149.737
148.331
148.61
148.017
147.728
147.96
149.495
149.115
148.739
147.15
147.79
148.972
150.688
149.98
149.796
149.486
148.016
148.892
150.42
149.205
148.696
148.604
148.885
148.393
149.102
151.426
149.415
149.47
147.397
149.197
148.522
148.122
148.885
150.491
149.902
149.513
150.952
148.99
147.58
148.002
147.03
145.98
146.966
150.324
152.01
151.986
150.822
150.705
148.976
151.437
149.892
149.179
149.479
148.44
151.292
151.668
150.793
151.401
151.567
148.148
152.752
149.328
149.622
148.119
150.326
149.157
150.848
149.656
149.483
150.032
149.333
150.393
150.373
149.462
149.131
150.788
149.155
150.437
148.44
150.545
147.293
148.113
148.376
150.11
148.264
148.193
149.26
151.274
147.61
150.404
147.456
149.496
149.056
147.655
149.69
148.394
146.94
148.178
147.768
149.569
148.79
146.413
149.44
147.979
151.772
149.935
147.865
150.934
148.943
149.138
147.433
148.609
148.928
149.174
150.935
150.199
148.629
149.022
148.902
149.915
149.286
149.662
149.152
149.615
149.184
146.88
147.341
148.525
148.919
149.816
149.278
150.756
149.976
150.056
150.216
150.698
148.968
149.06
149.316
147.9
148.49
147.628
148.414
149.187
147.924
148.8
148.633
149.891
148.672
150.276
148.026
148.718
148.531
148.753
149.012
150.66
149.679
150.078
151.157
150.399
150.791
147.948
148.984
149.067
146.948
147.891
146.248
146.792
149.275
148.127
148.548
150.063
149.209
150.146
149.913
148.951
148.621
147.867
148.391
150.368
149.04
149.669
151.707
149.708
149.002
148.358
146.982
148.952
150.541
151.256
151.101
151.28
150.854
148.456
150.598
147.402
148.005
148.298
148.215
151.084
148.749
150.365
148.285
148.962
149.331
150.784
149.818
149.232
149.17
147.015
148.372
149.873
150.062
148.615
148.538
148.32
149.806
148.8
149.754
147.728
149.75
148.054
148.208
149.412
149.324
151.039
149.435
148.103
147.139
147.93
150.388
148.189
149.028
150.713
150.139
147.024
147.842
148.1
149.479
149.578
151.094
148.267
149.59
150.45
150.708
149.937
148.546
148.37
151.418
150.336
151.046
147.775
148.727
148.47
149.166
148.312
150.103
150.281
150.532
148.752
149.989
150.225
149.66
148.572
147.434
151.059
151.246
148.653
149.39
148.614
150.731
149.548
150.569
148.784
149.202
148.404
147.954
146.783
148.752
150.105
149.058
149.458
148.111
148.954
148.003
149.935
150.03
150.341
148.132
149.432
149.204
152.025
150.766
149.596
148.134
148.344
147.819
148.366
149.028
149.38
147.082
148.578
147.874
149.436
