135.277
124.723
118.308
112.813
107.409
103.612
100.145
97.7628
97.6056
95.2824
94.6916
91.674
90.1548
88.5052
87.4384
87.0504
86.6832
86.9568
87.0232
87.6888
87.7696
86.7376
86.2548
86.2484
85.2296
85.3736
85.7664
85.5776
84.8884
84.8472
84.4032
84.5816
84.7912
84.1068
83.5176
83.9384
82.966
83.0412
83.1496
83.3688
82.7708
82.5812
83.1016
83.5588
83.7204
83.1452
83.4896
83.6888
82.2476
82.7908
82.1728
82.8508
83.4388
83.1048
82.9612
82.2324
81.2456
82.1952
80.9532
80.2464
80.4684
80.2076
79.9728
80.2868
79.1712
79.5388
78.6872
78.6256
79.4792
78.0104
77.2092
77.8672
77.918
77.3528
77.492
77.784
77.866
78.204
78.706
77.9976
78.716
79.1116
78.5892
78.5308
78.5344
78.2128
77.8296
78.1764
78.1572
78.0424
77.8024
77.9016
78.5808
78.17
78.2356
78.2648
79.0512
78.2768
78.3116
78.6196
78.6036
78.0672
77.5964
77.6768
78.6092
78.142
77.548
77.7772
77.3788
77.9936
77.5048
78.0392
77.8484
77.8136
77.9688
77.656
77.3392
77.3244
77.5784
77.7108
78.7096
78.5736
78.9076
77.9252
77.3092
78.358
78.3004
77.9868
77.3536
78.0604
77.7592
77.4172
77.8524
77.5656
78.6892
78.3732
77.9104
77.9076
77.6048
77.48
78.3356
78.1732
77.2304
78.4016
78.496
78.694
78.382
77.7076
77.8548
78.1044
77.512
77.5676
78.4052
78.2476
77.4908
77.5928
77.6764
77.4608
78.046
77.0936
76.6628
77.478
77.2956
76.8816
77.2048
76.8916
76.998
77.2884
77.0048
77.2952
76.2844
76.7292
78.1168
78.5636
77.3668
76.7984
77.0016
77.1748
77.7548
77.196
76.82
76.8776
77.0264
76.6756
77.3812
77.1272
76.7896
76.4204
76.228
76.7444
76.8232
77.4496
77.5624
76.9152
76.9772
76.864
77.19
77.4756
78.2668
77.7508
77.1096
77.52
76.9236
77.2924
77.7284
76.9256
77.4824
76.9824
76.134
77.1792
77.5704
77.4344
78.1712
76.844
77.7988
77.1032
77.0876
76.924
77.3212
76.6068
77.1696
77.6496
77.5592
77.9344
77.0248
77.1492
76.0992
76.752
76.6268
76.6528
76.5996
76.9576
76.9576
77.7224
76.9812
76.6996
77.7036
77.2952
78.1076
77.3944
77.8272
76.7668
77.3804
77.496
77.7304
78.0544
77.0572
77.3496
77.7896
77.7016
77.2728
77.4744
77.0896
77.214
77.3104
77.2184
77.492
77.2828
77.4664
76.5748
77.1888
77.202
78.05
77.474
77.2432
77.0772
76.7388
76.8104
77.7992
76.9368
77.8856
77.1376
78.0864
77.0344
77.4208
77.1944
77.442
77.61
77.774
78.4
77.9028
77.06
77.9956
77.3608
78.1224
77.8028
78.1884
77.4936
77.9952
77.5692
77.7848
78.0208
77.4376
77.5676
77.4544
77.708
78.5708
77.3424
76.5572
76.9684
77.5668
77.2748
77.308
77.5276
77.186
76.6864
77.1536
77.142
77.322
77.0272
76.754
77.3676
76.6656
77.0432
76.3876
75.5564
77.3
76.924
76.936
77.9396
77.0888
76.7028
76.742
77.0168
76.3568
77.2264
77.5
77.3916
77.8456
76.9516
76.5128
77.252
77.246
77.7876
77.9512
77.8636
77.1328
77.3744
76.4284
76.012
77.016
77.2208
77.612
77.356
77.2132
77.5224
77.5716
77.6184
76.6784
77.1092
77.0796
77.0348
77.0024
76.5228
76.8904
76.7116
76.7824
77.0604
77.0884
76.7872
76.8664
77.1252
77.2676
76.1972
77.0636
76.6616
76.8864
77.1232
77.3828
77.1164
77.4044
77.2608
77.3836
76.8928
75.8168
76.8436
77.318
76.6196
76.572
76.0832
76.7028
77.4916
77.0856
77.0244
77.05
78.1052
78.9504
78.4084
78.8292
77.234
77.31
77.6248
77.7796
78.1188
77.6936
77.6568
77.956
78.148
77.5032
77.1156
77.6476
77.7892
77.47
78.1716
77.2584
76.8944
78.148
77.3908
77.4768
77.3024
78.13
78.2648
77.3568
77.4092
78.9196
78.188
77.6488
76.77
77.8044
76.668
77.1112
77.8824
77.9044
77.8064
78.1784
77.3064
77.1064
77.6296
76.9556
77.5564
77.9168
77.47
77.2252
78.0512
77.6548
77.5636
77.0624
77.5676
77.286
77.6684
76.9904
77.3332
77.4968
77.156
78.4204
77.9588
76.5116
77.5628
77.554
77.0708
77.384
78.044
78.3352
77.574
77.4888
76.902
77.654
76.748
77.4476
77.1744
77.3172
77.328
76.75
78.0552
78.0216
77.2732
76.92
77.2384
76.998
76.3044
76.5348
76.912
77.618
78.2792
77.2384
77.0616
77.8636
76.834
77.0552
76.0276
76.2956
76.5524
76.5464
76.8692
76.592
76.904
76.7752
76.578
75.5536
76.3744
76
76.6956
76.446
77.206
77.5132
76.696
77.2848
76.6584
77.212
77.2852
77.5436
77.4252
77.6128
76.8324
76.434
76.4752
76.1052
75.8732
76.4948
76.9084
76.5756
76.1652
76.2364
76.5756
76.5808
76.99
76.1904
76.5784
76.6216
76.5212
76.6704
76.5708
76.2136
76.9264
76.3016
76.7572
75.6444
75.7148
76.2544
76.254
75.7792
75.7816
75.836
75.7844
74.9656
75.5988
75.95
76.168
76.1912
76.9776
75.7984
76.1492
75.7672
76.1076
76.3408
76.0224
75.556
75.9624
76.0204
76.3264
76.0392
75.4948
76.0188
76.8372
76.0168
75.6496
75.56
76.6276
75.5944
75.5552
74.0564
74.7968
75.1704
75.2776
75.3916
74.944
74.8884
75.67
75.414
75.2776
75.636
76.212
74.6268
75.0256
75.412
75.1012
75.498
75.4656
74.4776
75.1072
75.9296
75.3048
75.3512
75.6776
75.0112
75.396
75.2304
75.3316
74.6324
75.7296
75.1288
75.1592
75.0484
75.1912
75.2852
75.6356
76.004
76.2836
75.2332
75.0212
74.9464
74.8088
74.778
75.1496
74.9732
75.1944
74.9036
75.51
75.1788
74.5864
75.5656
75.0572
75.0056
74.7248
74.9448
75.3308
75.3912
75.932
74.6368
75.1
75.046
75.1344
76.8484
77.3536
77.318
77.1716
75.7052
75.93
75.2276
74.9772
74.5376
75.5324
75.2272
75.1036
74.8964
75.8092
75.3696
75.5216
75.6832
75.2332
74.7924
74.9392
74.906
75.0044
75.834
75.7864
75.2216
75.236
74.8368
74.9716
75.3144
75.286
74.5348
75.8964
75.6528
75.6196
75.0256
74.9112
75.8196
75.576
74.682
75.6424
75.0044
75.102
74.722
75.1276
74.5808
74.8412
75.0344
75.2724
75.3508
74.8
75.0996
74.7176
74.4284
75.248
75.3768
75.968
75.7016
75.142
74.9256
75.0584
74.9748
74.8616
74.684
75.062
75.6092
75.2564
75.9788
74.8864
75.0348
74.776
74.926
74.8088
74.6596
75.0784
74.8108
75.2808
75.3796
75.828
76.0996
75.3864
74.8916
75.4168
75.52
75.9032
76.1008
75.4472
75.5072
75.472
75.1196
75.7868
76.1572
75.1084
75.3228
75.528
76.2776
75.6368
75.5428
74.4892
74.5964
74.9412
75.0624
75.2128
75.5068
75.2116
75.816
75.0472
75.3004
75.4424
75.2572
74.8848
75.404
75.2664
75.9476
74.584
75.6468
74.9352
75.8984
76.048
76.5676
75.4476
75.8212
76.3812
75.0576
75.6112
75.1152
75.7588
75.274
75.7252
75.524
75.0568
74.284
75.2412
74.7832
74.7744
74.7944
74.4932
74.5536
74.1048
74.0092
74.9504
75.0124
75.462
75.392
75.514
75.0132
74.6268
75.676
74.7192
74.5832
75.618
75.6148
76.0048
75.806
75.1236
74.8936
75.0532
74.9424
75.3672
74.2624
74.6848
75.1848
74.5336
74.516
76.5256
76.078
75.6328
75.8592
75.4724
74.7776
75.2768
75.4964
75.0704
74.888
74.59
74.5416
75.1448
75.6564
75.3328
74.6328
75.0852
75.7856
75.0584
75.8388
75.2472
74.2312
76.1616
75.7632
75.1284
74.834
75.2552
74.3664
74.6836
74.8416
76.2448
76.2544
75.712
75.0076
74.7776
75.794
76.014
75.9316
75.3856
75.2548
76.0072
74.7792
74.9164
75.7264
74.9828
76.2216
75.4516
75.494
76.2792
75.6592
76.2332
75.082
75.2964
75.5464
75.8148
75.5884
75.1224
75.1324
74.9956
74.6484
74.9528
74.9876
74.4456
74.9756
74.3
74.3888
74.5272
74.8548
75.0024
74.9216
75.2408
76.0052
75.5064
75.3296
74.7396
75.2152
74.606
75.2968
75.1232
75.4676
75.2424
74.5808
75.5136
75.1836
75.3136
75.754
75.1468
75.4644
74.5848
74.7772
75.0868
74.9864
75.676
75.4368
74.996
75.2888
75.4992
75.5628
75.3216
75.0248
74.7732
75.086
75.3172
75.2048
74.894
75.0136
74.1188
75.552
74.7632
75.02
74.9228
73.8676
74.4732
73.6516
74.2056
73.9032
74.9772
74.6332
74.404
73.524
73.6
74.4972
74.0772
74.9204
73.482
73.4392
74.388
74.3484
74.78
74.2388
73.9428
73.8528
73.9816
74.5876
74.2348
73.7608
74.3304
75.0196
75.2336
75.2716
74.64
74.4476
73.9536
74.4864
74.6872
74.7684
74.21
75.2656
74.6528
74.9948
73.8792
73.9896
73.8276
73.1704
74.4788
73.4232
74.31
73.9604
75.7624
74.9996
74.166
74.3904
74.2412
74.4068
74.6044
74.166
73.8656
75.0888
74.1944
74.1988
74.5212
74.0724
75.0216
74.4092
74.8728
74.4684
74.4164
74.6476
74.0388
74.3432
74.244
74.25
75.474
74.6976
75.5916
75.4116
75.262
74.7772
74.4736
74.5224
74.4252
74.5552
74.6012
74.5464
74.6484
73.9632
75.5592
76.0868
75.2024
75.5388
74.7776
75.3924
75.2288
74.8176
75.0808
73.872
75.2924
75.2748
74.8496
75.8812
74.9528
75.3128
75.862
75.988
76.1532
75.8724
75.81
74.6788
75.6668
75.2916
75.1428
74.924
74.986
74.79
74.6632
75.6484
75.234
75.3748
75.138
75.7104
75.9528
74.2496
74.5452
74.1576
74.762
74.7264
74.9036
74.9676
75.0832
75.3704
74.8852
75.006
74.7644
75.1256
74.7928
75.1772
74.69
75.0408
74.7616
75.0916
74.2672
75.5324
75.1212
74.9276
75.0084
75.1496
75.3048
75.026
75.2208
74.718
75.4764
75.2744
75.1876
74.6272
74.436
74.944
75.2704
75.3576
74.75
75.2492
75.368
75.484
74.5048
74.9612
75.724
74.6308
75.7984
75.6228
74.7408
74.7708
74.9396
75.0916
74.5196
75.3436
74.9212
74.6952
74.3344
74.2452
74.3928
73.8424
74.9488
75.0004
74.4048
73.6196
74.4392
73.8216
74.0884
74.1856
74.8316
74.1428
74.4824
74.8476
74.4008
75.0652
75.344
74.65
73.8132
74.0888
74.5704
74.41
73.6288
74.1072
74.4784
74.3944
74.5872
74.6036
74.8604
75.2688
74.4472
75.0468
74.9512
74.876
74.6884
74.5256
74.7816
74.36
75.1628
73.9068
73.6252
74.1996
73.9072
74.3236
75.0444
73.9672
73.526
73.7072
73.7228
72.656
73.5728
72.6716
72.772
72.6588
73.5612
73.8292
73.5568
73.524
73.1924
73.2488
73.2068
74.388
73.7544
73.768
72.9776
72.892
72.6664
72.5924
73.626
73.0304
73.1708
72.5592
73.0916
73.3248
73.1036
73.874
73.1096
73.5788
73.8856
73.8332
73.4632
73.7296
73.6676
73.8608
72.7036
73.5676
73.2188
73.6024
73.9984
73.6464
73.9484
73.4952
73.0616
73.8232
73.6112
73.3716
73.4672
74.056
72.7024
72.956
73.642
72.4528
73.1344
73.3232
74.172
73.4488
73.2116
72.5356
72.8864
73.3404
73.344
73.0596
73.19
73.5708
73.3344
73.6948
72.4236
73.4396
72.946
73.73
73.2792
73.2936
73.4528
73.3428
73.2784
73.698
73.798
74.09
72.8968
73.3268
73.4612
73.772
73.7076
73.0068
73.5396
74.0912
74.2988
73.54
73.7624
74.0768
74.0364
72.9052
73.33
74.0672
74.2308
73.9088
73.8352
73.3416
73.3052
73.8396
73.6456
72.9752
72.9248
73.1352
73.1592
73.1744
73.1344
73.0288
73.7128
73.4496
72.7328
72.6228
73.818
72.5108
72.8924
72.6416
73.1512
72.4672
72.5016
73.108
73.1224
72.9212
73.0924
73.5084
73.1248
72.7416
72.7652
72.1748
73.14
72.8608
73.1532
72.9552
73.0208
71.906
73.3064
73.7476
73.93
73.5112
72.1944
73.356
73.1368
73.356
73.0508
72.47
72.0316
72.314
72.0116
72.844
73.1056
72.9424
73.3428
72.7672
72.2964
73.0984
72.348
72.912
73.604
72.504
72.5704
72.9996
72.0804
72.8812
72.8772
72.9772
72.6756
73.6464
73.0148
72.6668
72.9528
73.3532
73.3452
72.098
72.106
72.2704
72.154
73.162
72.8912
72.6724
72.4816
72.9288
71.874
72.82
72.916
73.5428
72.4232
73.0636
72.7144
73.1124
73.002
73.192
72.6312
72.7636
72.9604
72.8664
73.4964
73.696
73.564
73.7192
72.7276
73.6108
73.0312
73.3852
73.3592
72.672
72.2732
72.4116
72.4032
72.174
72.2428
72.6952
73.1076
73.548
73.0148
72.5188
72.7324
72.6592
73.9412
72.572
72.5824
72.8196
72.7116
73.2848
72.4136
73.0236
73.1756
73.5392
73.4832
72.6776
72.4872
72.4576
73.19
73.1524
73.418
73.0844
72.7124
72.7624
73.518
72.87
73.3024
72.564
72.5316
72.708
72.5048
72.4352
72.642
72.6952
73.122
72.8152
72.8316
73.054
72.8808
72.962
72.9184
73.8364
73.2244
73.5924
72.7548
72.9356
73.0408
73.0208
73.1728
72.6128
73.1092
72.9716
73.246
73.4376
73.176
73.5544
73.0852
73.2612
73.2572
73.1496
72.8352
73.222
72.914
72.1288
73.3816
72.2368
72.7888
72.8952
72.8484
72.9576
73.096
73.0652
73.084
71.8224
72.4904
72.7436
73.0868
72.9292
72.746
72.4976
73.0912
73.5836
72.6596
73.2388
72.8732
72.8732
72.2624
73.6108
74.0148
74.3344
74.2112
74.9528
74.1816
74.2172
74.2384
74.6672
74.1284
74.1576
74.8828
74.036
73.5376
73.8292
74.514
73.8464
74.5192
73.6272
74.1108
74.5744
74.3504
74.4556
75.0504
73.9664
73.9192
73.8536
74.55
74.7348
74.6652
73.926
74.4332
74.6984
74.5796
75.0168
73.7976
74.1056
74.0792
73.8284
74.1268
74.0316
73.8772
73.7884
74.4252
74.7736
73.9292
73.4988
74.512
74.828
74.42
74.4124
74.3324
74.2816
73.8328
74.0296
75.1408
73.9428
74.4472
74.3244
74.3252
74.0468
74.2588
73.6312
74.3048
74.3108
75.3368
73.5976
73.49
75.07
73.7852
74.8216
74.558
74.0756
73.852
73.5808
74.7496
74.4236
73.4772
73.9412
73.7252
74.0864
73.4356
74.3652
74.7232
74.9424
74.2784
74.5316
74.7508
74.9068
75.0308
75.0156
74.63
74.0824
73.9712
74.4876
75.1264
75.3112
74.1192
74.0024
73.7472
74.2048
74.0664
73.4556
73.9508
73.8276
74.1952
73.7376
74.1028
73.8884
73.8596
73.8972
73.8392
74.06
73.4096
73.51
73.854
74.1224
74.328
73.9756
73.486
74.2636
74.15
75.2348
74.8836
74.5852
73.7424
73.7868
74.2048
73.9644
73.598
73.886
74.2372
74.7704
74.2468
73.8692
73.5552
73.4896
74.5408
74.3124
74.2488
74.536
74.5804
74.1804
73.7712
72.8876
73.3308
74.1608
73.4624
73.5952
73.8404
74.2156
74.4452
73.386
74.0224
73.5488
73.1008
73.2108
73.0304
73.1348
72.9432
72.6188
73.3228
73.132
73.0616
73.3916
72.6328
72.8884
72.6956
73.1036
72.6672
72.4204
72.9372
72.8772
72.8388
72.6244
72.4784
72.1812
72.5656
72.7952
73.2348
72.83
72.4352
72.5288
72.5544
72.344
72.3732
72.726
71.3872
72.4472
72.9816
73.6756
72.7348
73.3992
73.6624
73.1772
73.7784
72.5408
72.6988
72.72
73.1008
72.6492
73.2272
72.8652
73.5588
73.7396
73.8932
73.7476
73.5444
73.1468
73.0592
73.7792
73.4404
73.3652
73.8316
73.1172
73.1952
73.3788
73.7164
73.7728
73.2852
74.2508
74.3732
73.9204
73.6524
73.6656
73.8864
73.834
72.9976
73.3604
73.0976
72.9876
73.8304
73.6632
73.9696
73.606
72.7112
73.4572
73.6612
73.828
73.8236
73.9964
72.9712
73.8464
74.9368
74.2164
74.4836
73.732
73.7972
74.1876
73.0472
72.7516
74.4704
74.5428
73.4056
73.8108
73.0424
73.5428
73.4464
74.4056
73.0532
72.1456
73.288
73.5512
72.8036
73.5356
73.1104
72.672
73.9696
73.098
72.8188
72.966
73.4544
73.2984
72.9488
72.806
73.9176
73.0436
73.8684
73.1972
73.7808
73.5296
73.9952
73.2664
73.2508
72.5772
73.7276
73.1744
72.7228
72.64
73.6804
73.4644
73.5284
73.0816
72.9704
72.9904
74.028
74.53
73.414
73.3952
73.1996
73.1468
73.2392
73.1264
73.616
73.054
72.348
72.7564
72.8932
72.3456
72.5684
72.342
73.1576
72.3536
72.75
73.5148
73.282
74.1852
73.3548
73.1024
73.2044
73.5584
73.846
73.6896
73.2988
72.914
71.8728
72.1216
71.9268
72.7092
72.3904
72.6884
71.9868
72.4268
72.8736
72.6696
72.4864
73.3716
73.2568
72.9368
72.0724
71.9304
72.6208
72.5464
72.6572
71.8968
72.3532
72.5912
72.3812
72.8192
71.9136
72.4536
71.5276
72.4464
72.8728
72.136
72.4844
72.2692
71.8992
72.1576
72.7072
72.0304
73.4688
72.6336
72.8436
73.0012
72.3
72.5048
72.6708
72.726
72.3772
72.4584
72.904
72.2604
72.8156
72.4408
72.7924
72.604
72.5012
72.6628
72.3344
72.9596
72.8748
72.4112
72.2232
72.2808
72.5936
72.4232
72.58
72.6184
72.2044
72.474
73.328
72.6376
73.5496
72.3944
72.5836
73.5636
73.0424
73.3496
73.1516
72.6676
72.9744
73.5728
73.0788
73.426
73.002
72.9224
72.4356
72.7696
72.8884
72.9436
73.2112
72.8728
73.1312
72.3912
72.7184
72.9596
72.9576
72.2472
72.7088
72.202
72.7164
72.8472
72.3028
72.964
73.3196
73.3444
72.7724
73.2456
72.714
72.7692
72.9416
72.53
72.738
72.7588
73.2848
72.7016
72.3236
72.2332
72.6064
72.4328
72.4528
72.442
72.9764
72.368
71.7484
72.7712
72.7424
72.5768
72.5468
72.3396
72.1436
72.3436
72.1424
71.7928
71.7848
72.5212
72.0408
72.0448
71.9636
71.6616
72.6068
71.9044
72.3712
72.0276
72.4396
73.1272
73.09
72.3752
72.4436
72.2712
72.0212
72.1032
72.73
72.238
72.108
72.724
72.7128
72.816
73.8352
72.3696
71.9876
73.0912
72.0636
72.1304
72.5936
72.2152
72.452
72.42
72.1108
71.7788
71.3576
71.5952
71.8732
72.436
72.3528
72.65
71.9996
72.0816
72.14
71.2328
71.8296
72.4332
73.0812
71.8072
71.78
72.0604
71.8292
71.774
71.902
71.5112
71.8108
71.8248
72.562
71.834
72.6528
73.1412
72.922
72.3252
72.3256
71.96
72.5036
72.9872
72.3224
72.704
72.7668
72.0736
71.53
71.8872
72.1836
72.4356
71.5388
72.262
72.1372
72.3788
72.2504
73.1912
73.1872
73.2816
73.0192
72.0624
72.1736
71.8656
72.164
72.5444
73.0684
72.7308
72.3416
72.9812
73.6668
72.9212
73.2328
73.1236
73.4496
72.7852
72.5556
72.4696
73.0232
72.8352
72.4004
72.17
72.4096
72.5188
72.922
72.1908
71.6712
72.3748
72.34
71.7924
72.3476
72.4284
72.262
72.5308
73.5448
73.0084
72.2228
72.7988
72.9724
72.9776
72.34
72.762
72.5228
72.9684
72.3396
71.7248
71.9996
72.1024
71.9996
71.8288
71.1808
71.5224
72.5016
71.9768
72.3636
72.6544
72.6424
72.1004
72.4432
72.5364
72.1192
72.6528
72.9244
72.6724
72.2584
71.7068
72.6356
72.6704
72.112
72.0572
71.1696
71.882
71.6444
71.916
72.2588
71.6496
72.1808
71.6128
71.8324
72.4356
72.0316
73.0528
72.836
71.4968
71.1468
72.0872
71.5124
71.706
71.5092
72.0012
72.356
72.3184
72.448
72.55
72.1832
72.672
72.2968
72.5476
72.0408
72.4396
72.6788
72.3756
72.3692
73.0872
74.5416
72.9252
73.4232
72.3412
72.966
72.182
71.9844
71.6648
72.0652
72.2268
71.6132
71.6808
71.8572
72.4228
72.0264
72.0908
71.7256
72.354
72.3056
72.2296
71.5476
72.0816
72.4464
72.3828
71.7436
71.862
72.5884
72.35
72.4544
71.7896
71.572
72.2184
71.5744
71.7364
71.8864
72.3148
72.3472
72.7468
71.52
72.3808
72.6944
72.5396
72.1296
72.3324
71.6332
71.9088
71.8464
71.478
71.93
71.5704
72.206
73.024
73.0052
73.0132
71.8632
71.7676
71.5016
72.1076
72.3288
72.1132
71.7072
72.1284
72.412
71.8092
72.1408
72.842
71.7072
72.1752
72.4692
72.578
71.9236
71.5752
71.8752
71.738
71.878
72.3648
72.474
72.9036
71.6596
72.3048
72.5452
72.5364
72.6412
72.9716
73.7884
73.3856
73.2568
73.6408
73.0532
73.2104
71.9916
72.3932
72.4052
72.162
72.6204
73.2564
74.8328
73.6808
73.2112
72.5864
73.8404
73.1364
72.412
72.4296
72.426
72.546
72.5164
72.6356
72.4616
72.594
72.7804
72.0196
72.0784
72.6832
72.7928
73.2508
73.4944
73.3976
73.502
74.1788
72.5656
72.5668
72.676
72.1992
72.2108
72.8188
72.614
72.0436
72.4896
72.2168
73.0316
72.52
72.7368
72.0052
72.9436
72.904
73.1188
72.2724
73.1896
72.6272
72.7888
72.2204
72.2352
72.9484
72.4364
72.5848
72.5796
72.1368
73.4956
72.542
72.5448
72.1832
72.8128
72.0128
72.5444
72.752
73.034
71.948
72.2736
73.0892
74.1692
72.9972
73.648
72.9004
73.1772
73.8704
73.1264
72.3932
72.8148
73.2004
73.346
73.3736
72.8868
72.0524
72.692
73.0788
73.502
71.7328
72.3368
71.8236
72.3788
72.9732
72.4552
72.4764
73.8008
72.7116
72.786
72.8956
72.8936
73.6116
72.73
72.4096
72.2764
73.0388
72.4452
72.3604
72.5336
73.1596
73.2168
73.33
73.8012
73.9332
73.8264
73.5052
73.5564
73.3616
72.8852
73.092
73.0272
72.742
73.2924
72.444
72.6364
72.572
73.2284
72.8712
73.1128
72.2868
73.1584
72.9828
73.3176
73.378
74.0084
72.9108
72.5636
73.192
73.1604
73.16
72.1372
73.0428
72.932
71.8452
72.7212
73.146
72.8508
73.1624
72.2612
72.4024
72.1748
72.0276
72.2276
72.2064
72.4276
72.2752
71.9124
71.5696
71.8628
71.734
72.3468
72.1196
72.3468
72.5484
72.7504
72.9664
72.4016
72.4076
71.5684
71.8836
72.554
72.6156
72.5444
72.4916
72.3488
71.7788
71.9232
71.7372
71.7936
71.8848
71.6084
71.72
71.874
71.7492
72.4248
72.3228
72.108
73.094
72.0972
72.1548
72.7396
72.8172
72.8268
72.1188
72.6844
72.444
72.034
72.3296
72.3952
71.8112
72.2392
72.1844
72.6416
72.1532
72.03
72.7028
72.2908
72.3796
72.3536
72.3496
72.3816
72.9544
72.7816
72.0564
73.254
73.31
72.9764
71.9444
72.3208
72.474
72.004
72.484
71.942
72.4124
72.1648
72.5752
72.7704
73.1704
72.4552
71.99
72.0328
71.794
71.62
71.5772
72.0928
72.5352
71.338
72.3196
72.1672
72.4832
72.5992
71.6412
71.9236
71.5048
71.3872
71.9972
72.706
72.1756
72.8404
73.022
72.1696
72.306
72.4588
71.8496
72.9164
71.9264
70.9924
72.6576
72.1556
72.0448
72.4668
72.7196
71.9088
71.9812
71.5108
72.33
72.464
71.3896
71.6776
71.8368
72.4792
72.3472
73.0884
73.6228
73.1336
71.8132
71.904
71.9948
71.8072
71.5456
72.9676
72.4536
72.2728
72.5392
72.4892
71.8508
72.0304
72.2768
72.5836
71.522
72.4976
71.6212
71.9752
72.472
72.786
72.158
71.698
72.2144
72.0924
71.7848
71.5168
72.204
71.8448
72.586
72.8772
72.8012
72.3612
72.7488
72.6616
73.0652
73.5368
73.1504
72.4592
72.016
71.976
71.9856
72.8352
72.472
71.9632
71.5684
71.4064
71.5612
71.7964
71.258
71.8872
71.5144
72.0008
72.4124
72.9564
72.8392
72.308
72.5492
72.6708
72.8132
72.8348
72.4404
72.006
72.3512
72.5984
71.8548
72.1984
71.7836
72.4372
72.0556
71.9156
71.8916
72.2672
72.8888
72.9732
73.0316
72.324
71.9284
72.7636
72.3764
72.2932
72.0372
71.9652
71.956
71.2104
71.9736
71.7328
72.6436
72.6512
73.3804
72.3516
72.092
71.8992
72.6284
72.1676
71.4148
71.92
71.7748
71.8624
71.3804
72.3752
72.9624
73.4436
72.3716
72.1604
73.554
72.5332
72.0992
72.0856
72.0456
72.1096
71.992
71.4868
72.408
72.4268
71.5976
71.8564
71.6608
71.2412
71.6352
72.2016
72.37
72.1196
72.7212
73.0348
72.876
72.374
72.618
71.8012
71.7976
72.2752
72.4772
72.2676
72.9572
72.7432
71.6416
71.9796
71.5884
71.3828
72.0988
71.3964
72.2112
74.236
72.7544
73.04
74.2148
72.9664
72.504
72.7776
71.9608
72.6948
72.0696
72.7868
73.2784
72.06
72.222
72.7504
73.5644
73.144
71.8312
71.8404
72.3592
72.1724
72.2168
72.9024
73.6404
73.1092
72.2336
72.87
72.494
72.0676
71.8764
72.9316
72.9864
71.9404
71.7576
72.0576
73.3024
72.6352
72.158
72.1668
73.8464
73.5112
71.9384
72.618
72.786
72.6052
72.1248
71.656
72.8148
72.276
71.7372
71.9596
72.1512
72.3892
72.6612
72.1464
71.674
72.432
72.3356
72.5276
72.512
72.1644
72.946
72.9572
73.31
73.0136
72.9508
72.4336
71.7348
71.9812
73.2456
72.1568
72.1632
72.4408
72.0316
71.804
71.6176
71.3172
71.0916
71.29
72.0132
72.2244
72.94
73.458
72.5204
71.8804
72.3176
72.7872
72.0248
72.6684
73.1404
71.9836
72.8812
72.3168
71.7204
71.7744
71.9292
72.1124
71.474
72.304
73.0156
72.3464
72.558
73.2048
72.512
71.84
72.6372
72.8716
73.1324
72.424
72.6672
71.2532
72.5196
72.014
72.002
72.2416
71.414
72.5924
71.4852
72.8192
73.1784
72.132
72.7888
72.772
72.2356
72.2296
72.4736
72.3548
72.3696
72.076
72.7056
71.8652
72.7968
72.2236
71.8384
72.5172
71.9948
72.4
72.3172
71.4656
71.7272
71.8
72.11
72.0712
72.8008
72.4344
71.6472
72.5324
71.552
72.1328
72.536
72.3608
72.0324
72.2548
72.7284
72.0104
72.2504
71.7488
72.2732
71.946
72.9504
72.7892
72.5408
72.688
72.3544
71.8464
72.2412
71.8264
71.9016
72.8432
71.9732
72.008
72.4748
71.9164
71.2308
72.1888
72.1892
72.7572
72.3136
72.4584
72.3956
73.0544
72.8384
71.7208
71.7736
72.002
70.9972
71.8512
71.1124
72.1908
72.1764
71.6792
72.376
72.33
72.3348
72.5688
72.7972
71.6244
71.6636
71.9128
71.9684
72.006
72.3096
72.4448
71.2824
71.502
72.0992
71.48
71.9912
71.6264
72.0528
71.914
71.7848
71.944
71.67
72.3468
71.9456
71.5964
71.7148
72.382
71.8288
72.4248
72.1292
72.99
72.9688
72.6284
72.1688
72.0036
72.1524
71.43
72.0684
71.778
71.9272
71.9976
71.9932
72.338
72.3352
73.3736
73.3716
72.4464
72.7404
72.94
72.6804
71.5564
71.9792
72.076
71.4668
73.0288
72.8872
72.2792
72.576
71.9044
71.976
72.2028
72.3252
71.7016
71.9008
72.616
72.5656
72.4404
72.848
72.694
72.5208
72.32
72.1736
72.1016
71.7784
72.6276
72.7032
71.996
71.942
71.33
72.1292
71.9808
71.4864
72.1648
72.568
72.2556
72.2972
72.1316
71.3256
71.622
73.0668
71.7888
72.1948
72.1308
72.3512
71.8396
72.3356
72.9748
72.378
72.4784
71.6704
72.1428
72.3044
71.638
72.5844
73.0064
72.1892
71.5848
72.5136
71.7464
72.6972
72.346
72.3112
72.128
72.6088
72.3672
72.4536
72.5644
71.7252
72.2644
71.7932
71.8936
72.384
71.732
71.9332
71.7844
72.6316
71.9124
72.1256
72.9172
72.0496
73.1232
72.2996
73.1224
72.334
71.9672
72.2436
72.654
73.4616
72.9316
72.5736
72.5224
72.564
73.0476
71.948
72.2936
73.084
72.7744
72.6224
72.3396
72.1468
71.9184
71.9312
72.6332
72.3736
73.5252
73.15
73.014
73.352
71.8928
71.7084
72.2288
71.8268
72.2912
73.2908
72.4616
72.0832
71.4876
71.9808
72.0832
73.2448
73.3752
72.6884
71.882
72.8296
72.134
72.4264
72.9716
72.0092
71.9688
72.1472
71.5816
72.0632
71.7416
72.1388
72.6312
72.2176
71.4552
72.6184
71.9104
72.3276
72.5968
72.4868
72.4148
72.6656
72.026
72.7816
72.2392
72.9012
72.7136
72.2908
72.392
72.2508
72.2432
72.2812
71.972
71.8312
71.7748
72.6216
73.108
72.7668
71.8412
72.0604
72.0356
72.1288
72.1464
72.1312
71.96
71.7716
71.5488
72.3764
72.4368
72.1132
72.05
72.7748
72.1596
71.7892
71.7488
72.6344
72.1908
72.5288
71.9504
72.1704
72.2396
71.85
72.7984
71.9104
71.9144
72.636
72.7028
72.3244
72.4432
71.9568
73.2616
72.5312
71.994
71.6872
71.646
71.3348
72.5608
72.2052
71.6088
71.5124
71.67
72.984
73.2764
73.524
73.148
72.7736
72.0668
71.972
72.8968
72.2504
73.0764
72.0304
71.9772
72.9128
71.9836
72.1548
71.9508
71.7232
71.9216
72.6284
72.6436
72.2576
72.8892
72.3472
72.4312
72.452
71.9592
72.6016
71.9376
71.9268
71.762
71.718
72.882
72.0236
72.6788
71.9676
73.1864
73.1432
72.3108
71.9572
71.9976
72.4616
73.0344
71.9344
72.4736
71.8684
72.2048
72.1212
72.0132
72.576
72.3708
72.7028
72.3004
72.5728
72.3236
72.5144
72.4992
72.2932
72.3852
72.4508
72.2476
72.6808
72.5728
72.456
72.4432
72.958
71.8792
71.5796
72.2068
72.4936
72.0964
72.3548
73.2352
72.4152
72.5132
72.7448
72.6052
72.9628
73.6508
73.64
73.152
73.2288
71.8204
72.5748
73
72.8224
72.948
72.6636
72.6624
72.8728
72.6748
72.2892
72.4732
72.6364
72.6316
73.1976
71.9628
72.7912
72.1316
72.732
72.706
73.3248
72.47
73.1384
73.6152
72.8588
73.314
72.3736
72.372
72.3208
72.1292
72.196
73.1064
72.21
72.822
72.3364
73.2204
72.7364
73.4576
72.2796
72.2288
73.186
72.6752
72.4512
72.4092
72.0384
72.0824
72.8988
72.5416
72.946
73.3404
72.6724
72.406
73.2352
72.2908
72.898
72.534
73.6312
72.9744
72.7
72.6384
72.8228
72.9648
72.9132
72.526
72.1832
73.2664
73.1056
73.0608
72.9888
72.0748
72.6096
72.828
72.6868
71.8088
72.1572
71.5696
71.726
72.0304
72.3408
72.4124
72.7092
72.0884
73.3332
73.2052
72.966
73.428
74.1832
73.9424
73.5468
72.6312
73.418
73.3292
73.2864
72.6792
73.4024
74.2684
73.1824
73.018
73.454
72.9608
73.4168
73.022
72.9308
73.8776
72.9724
72.77
73.1204
72.8868
72.766
72.8964
72.4644
73.1804
72.6136
73.5172
72.9808
72.014
72.3896
72.6104
72.5584
72.9884
72.6012
72.3196
73.0892
72.3432
72.4984
72.2068
72.7292
72.78
71.8384
72.9496
72.2836
72.404
72.062
72.7676
73.272
72.1076
72.4664
72.212
71.93
72.2016
71.6828
72.4472
72.4796
72.672
72.208
72.3076
72.7776
71.9984
71.5484
71.8392
71.3752
71.8604
71.69
71.812
71.6472
71.5172
71.6488
72.5508
73.49
73.0692
74.3264
72.7416
73.486
73.572
73.6076
73.3828
73.5288
73.872
73.5772
73.522
72.7676
73.692
73.1176
73.3512
73.0616
71.9364
72.2396
72.644
72.044
72.058
72.4728
71.8492
72.4948
72.0612
72.9552
72.3604
71.9964
71.7764
72.3212
72.306
71.9464
72.518
72.1956
72.9336
72.836
72.9108
72.4612
72.4868
71.7196
71.3672
72.2024
72.634
72.434
71.5028
72.0052
72.432
72.3764
72.3996
72.8188
72.4076
72.2496
71.9864
72.5816
72.188
71.9988
71.4468
72.1124
72.3304
72.036
72.01
71.9444
71.8896
71.8392
71.5336
72.0956
72.0864
72.7004
72.3692
72.126
72.5104
72.2664
71.7416
71.9
72.604
72.698
72.286
72.3848
72.1196
72.75
71.9924
72.0656
72.06
72.9648
72.5012
72.6872
73.0516
72.1252
72.0844
72.0004
72.0096
73.0572
72.3
72.3672
72.5892
72.382
72.0824
72.3008
71.938
71.9984
71.7552
72.2192
72.034
72.2736
71.5028
71.4032
71.8388
72.5128
71.8688
71.8648
71.9332
72.124
71.6644
72.4076
71.9496
72.4104
72.394
72.3112
72.6532
72.5684
72.3728
72.3512
71.6636
71.7464
71.8204
72.4364
71.8444
72.13
71.766
72.276
72.0216
73.1184
73.8112
73.2156
73.9076
73.2896
73.4924
72.7568
72.9784
72.5092
72.5952
72.942
73.1944
72.6836
72.9764
72.7144
72.7892
72.2032
72.6392
72.508
72.6432
72.5872
72.6768
72.9344
73.384
73.1288
73.3176
72.7248
72.18
72.7
72.8724
72.086
71.926
71.9968
71.8128
72.2988
72.312
72.0872
71.6008
72.9488
71.8816
72.2028
72.4364
72.6012
71.438
71.3568
71.6068
72.4684
72.1616
73.5456
71.4796
72.0768
71.6048
72.23
71.8568
72.6476
72.62
72.4036
73.5236
72.158
72.2896
72.0912
72.116
71.9412
71.9676
72.0628
72.0224
71.9256
71.9248
71.156
71.3928
71.6904
71.6852
72.8236
73.0908
72.4976
71.8608
72.0632
71.8088
71.8384
71.9308
71.808
72.5508
72.3992
73.0944
71.9712
72.2816
73.1572
72.0964
71.8884
72.956
72.0956
73.1036
73.094
73.0904
73.2296
71.9056
72.4604
71.9008
71.6648
71.8932
72.1168
71.7276
72.5248
72.694
72.7188
72.7708
72.8488
72.4208
72.3716
71.1452
72.1664
72.3828
71.7304
72.13
71.5912
72.4248
72.4372
72.472
72.372
72.6424
71.7732
72.3368
72.3988
71.9724
72.2584
72.054
71.8332
71.9744
72.1188
72.4592
71.828
72.0908
72.7024
72.8848
72.2368
71.2696
71.036
71.1696
71.7916
72.2416
73.4196
71.8916
72.0544
71.6632
71.7512
72.752
72.24
71.748
72.1264
71.6192
72.0256
71.8068
72.32
72.3164
72.5028
72.1408
71.9924
72.3576
73.0944
72.1084
71.5688
71.732
72.9844
72.2528
71.7232
71.948
72.238
71.4324
72.2396
71.6172
72.6276
71.3984
72.1116
72.4692
72.7572
72.5112
72.63
72.8724
72.2888
72.0724
71.9544
71.7752
71.79
72.62
71.95
72.4444
72.4896
71.2228
72.3608
72.846
73.3012
73.502
73.0492
72.5484
72.6036
72.372
71.952
72.4116
73.0276
71.53
71.7824
72.6916
72.4376
72.7416
72.2956
72.738
72.9136
72.1204
72.2304
72.0136
72.1476
71.7496
72.8544
72.3848
71.902
72.4956
72.2888
72.3916
72.4392
71.7976
72.3088
72.6948
72.4048
73.0692
72.368
72.4348
71.8432
71.9324
71.9768
71.6732
71.1976
72.5572
72.072
71.8184
72.5828
72.7456
72.372
72.426
72.3636
72.7188
72.1488
72.6436
71.9096
72.2156
71.682
72.0812
71.848
72.0332
71.5544
71.702
71.9216
72.7596
72.7132
71.9496
72.1956
71.8996
72.21
72.3388
73.18
71.9616
71.7912
71.926
72.7572
72.6296
72.0208
71.404
72.1788
71.7912
72.0592
71.2988
72.1628
72.2288
72.5936
72.8332
72.4464
72.9248
71.972
72.4276
71.7704
72.162
72.3332
72.4536
72.3044
72.1208
72.2176
72.4656
72.502
72.4588
73.2584
72.1732
72.7072
72.2764
72.2172
72.5332
72.986
72.2052
72.2572
72.8036
72.7436
72.3352
72.2732
72.2664
73.3024
72.4248
72.118
72.0548
72.5932
71.9316
72.29
71.688
71.8428
71.6236
72.2048
71.9808
72.0256
71.276
71.8152
72.1296
71.9524
72.0544
72.3032
72.4456
72.3196
72.4848
72.5616
73.1136
72.5136
72.3184
72.5028
72.6396
72.5912
73.2668
73.0312
72.906
72.2644
72.3524
72.666
72.5608
72.4472
72.5508
71.8128
72.08
72.3164
72.8492
72.3676
72.3584
72.3544
71.7732
72.2492
72.3204
71.8428
71.65
71.996
72.6868
72.1096
71.5468
72.2376
71.712
71.6188
71.4236
71.8028
72.1564
72.0612
71.8816
72.0236
72.294
71.8016
71.9596
72.0716
72.5592
71.8968
72.0004
72.4136
72.6548
71.9736
71.8208
72.0484
73.356
72.3096
71.9296
72.0088
72.04
72.6628
72.1776
72.3304
71.6248
71.4756
72.436
71.2292
71.972
72.3996
72.5888
71.5984
71.9772
72.1384
71.2548
71.402
72.0528
72.2732
72.6056
71.9068
72.5628
71.8552
72.6928
72.296
72.112
71.9196
72.1864
72.4116
71.7928
71.9792
71.782
72.3092
71.8052
71.9508
72.6016
72.9172
71.7308
71.974
71.7384
72.7908
72.9264
71.9524
72.952
72.8832
72.3996
72.2756
72.1932
72.6916
72.4476
73.1608
74.1564
73.5284
72.5636
72.0992
72.0772
72.4088
73.3952
72.5308
73.308
72.6936
72.6928
72.9604
72.7604
73.268
73.0416
72.9564
72.926
73.3688
73.2776
72.8944
72.5576
72.2172
72.3092
72.514
72.6524
72.5232
72.0364
72.0048
72.5012
72.7856
72.9576
72.4832
72.9676
73.9624
72.6856
73.3104
73.536
73.054
72.508
73.478
73.086
72.5212
72.6476
73.1748
73.6604
72.7232
72.0856
72.1572
73.0288
72.4572
73.1096
73.1716
72.8652
73.3752
72.5684
72.6184
73.0016
72.744
73.6112
73.2888
72.0952
72.7292
73.1496
73.1812
73.4812
72.6124
73.1108
73.3108
73.8156
73.3104
73.0376
73.8512
73.4496
73.0212
74.076
73.1272
72.752
72.7932
72.8712
72.1988
72.7408
72.944
72.6888
72.7428
72.8028
73.0736
73.2132
72.4632
72.172
72.4968
73.0984
72.5816
72.5284
71.7128
72.4172
72.3304
72.5552
72.48
72.0192
72.1548
73.0364
72.9888
72.9164
72.4008
72.3584
73.5384
72.7916
72.7388
72.686
73.1272
73.5832
73.2004
73.0156
73.148
73.1024
72.8668
73.276
73.4388
73.2304
72.8296
72.45
72.7648
72.6692
72.7204
73.2888
72.4416
72.7104
72.9168
72.8216
72.048
71.5332
72.98
72.6068
72.8476
71.9548
71.9736
72.5288
72.6512
72.2284
72.4876
72.7016
73.0512
72.93
72.3972
73.1932
72.2092
72.8352
72.2476
72.1016
72.1468
73.212
72.5684
73.0364
72.9952
72.1512
73.3264
72.5096
72.9204
72.808
73.2016
73.2456
72.3564
73.2676
72.45
72.5224
71.93
72.104
72.7756
72.6512
72.4416
72.2708
72.5392
72.1372
73.5068
73.16
72.6176
73.2544
72.8368
71.9204
73.0408
72.07
73.1004
73.462
73.1464
73.2376
72.9492
72.3652
72.6724
72.9296
73.4364
72.6316
72.2552
72.3408
71.9524
73.054
73.0896
72.6648
72.44
73.0528
72.7452
72.6528
72.5688
72.2244
73.0524
73.6772
73.4468
72.454
72.2488
72.4888
72.5748
73.0768
72.27
73.0044
73.2284
72.472
72.7836
72.5432
73.3464
72.0824
72.7752
73.2236
73.4272
73.482
73.0612
72.686
73.04
72.9452
72.8308
72.6308
72.7512
71.7744
73.1228
72.8196
73.346
72.7776
72.5428
73.754
72.4596
72.744
73.0372
73.1088
72.4812
72.0536
71.6584
71.6212
72.0356
72.0096
73.2324
73.1352
73.548
73.0504
72.7272
71.5976
71.4928
71.7724
71.7856
72.6156
72.172
72.704
72.2928
72.4896
72.2732
72.6424
73.3316
73.0416
72.2564
72.2464
72.234
72.9904
72.4592
73.1176
72.3036
72.5744
72.3732
71.5276
72.2212
71.9448
72.7008
71.846
72.2076
72.7344
71.998
72.0544
71.7208
72.0972
71.7656
71.7992
72.1304
71.8636
73.0716
72.5896
72.3436
72.3508
72.3552
72.042
71.9336
71.6976
72.5752
72.068
72.8192
73.128
73.3264
72.8
72.4376
71.906
72.7032
72.2216
71.3748
72.3996
72.9024
72.7356
72.5632
72.7512
72.4684
71.5824
72.2236
72.0796
71.3964
72.0304
72.0668
72.3512
72.122
72.006
72.0196
72.7172
72.3976
71.7452
71.3352
72.2808
71.786
71.704
71.9956
72.478
71.8492
71.55
71.6484
72.07
72.684
72.6828
71.7028
72.0048
72.0592
71.8968
72.2444
71.8604
71.7448
71.8316
72.2192
71.472
71.576
72.0164
72.3584
72.7724
72.0272
72.264
72.2644
72.9124
72.5328
72.5476
72.2348
71.88
72.6052
72.7288
72.28
72.7628
73.0612
72.402
72.6616
73.3328
72.1844
72.0612
72.0836
72.9424
72.1452
72.33
72.9284
72.1584
71.4388
71.5212
72.2416
72.0572
72.3368
71.9772
71.9904
72.1952
72.27
72.4768
72.036
72.3672
71.5484
72.016
72.1536
71.9224
71.7912
72.694
73.01
73.2948
72.7688
72.4588
72.2332
71.966
71.846
72.2872
73.2412
72.468
73.14
72.5024
72.2576
71.5024
72.592
72.66
72.0268
72.5076
72.4488
72.0968
72.1368
72.4948
72.3832
72.0368
71.7808
71.37
71.8344
71.8312
71.7328
71.942
72.3784
72.5628
72.098
71.8216
71.4572
72.1404
72.4976
72.4596
72.5012
72.6212
71.564
72.1204
71.8684
72.1896
71.7464
71.7604
71.572
72.3724
72.0156
71.7468
71.9548
71.2128
71.9308
71.5044
72.5296
72.0564
72.6012
72.7688
72.2556
72.4332
72.4656
72.4072
72.272
72.6808
72.7768
72.378
72.0444
72.0756
72.9896
72.5876
72.5664
72.3092
72.1696
72.942
73.1792
72.6032
71.8636
71.7852
73.2004
73.5056
73.024
71.9408
72.5572
72.028
72.0704
72.2324
72.6968
73.0436
72.3144
71.9248
72.0512
71.7692
72.9108
71.3404
71.5056
71.6992
71.8876
72.0976
71.9792
71.8324
71.3496
71.9356
71.3836
71.8528
71.5756
71.9584
71.7948
72.0816
72.5544
71.842
72.2992
72.2092
72.4644
72.4752
72.1612
71.5264
71.684
72.662
73.0776
73.8316
72.8044
72.666
73.0224
72.7392
72.2632
72.4732
72.7636
72.5408
72.3356
72.0928
72.2052
72.2616
72.3408
71.8212
72.5888
72.5012
73.1272
72.418
72.554
72.2592
72.1796
72.0008
72.5648
71.674
72.5832
72.1156
71.5308
71.774
71.828
72.5444
72.8252
72.4072
72.1716
72.6296
71.6436
72.3472
72.1808
72.0128
71.9124
72.6616
72.098
71.9636
71.4564
71.806
71.8792
72.0072
72.1768
72.2012
71.4616
72.7068
72.4744
72.328
72.4348
72.406
71.964
72.1256
71.8068
72.398
72.184
71.57
71.28
71.8044
72.402
72.3032
71.4744
70.8408
72.1888
71.9348
72.074
71.6768
72.4032
72.0064
72.0776
71.6644
72.456
73.108
72.6548
72.344
72.912
72.4076
72.1524
73.1368
73.0864
72.4244
71.5932
72.2432
72.4336
71.8584
72.9332
71.932
72.9556
71.9504
71.888
71.7336
72.3736
72.3256
72.308
72.626
72.2176
72.6336
72.1924
72.1564
71.9972
72.4308
72.3904
72.68
71.9636
71.8136
72.8108
72.6544
71.9656
71.7596
71.1128
71.942
72.2304
72.8796
71.9548
72.2704
72.3248
71.8352
72.2836
72.2552
72.8656
72.2936
72.0092
71.9652
71.9504
72.2336
72.0608
72.6688
72.5668
72.2512
72.0876
72.7788
71.8564
72.0732
72.6724
72.3668
71.7228
71.6652
72.114
72.1624
72.2968
71.926
71.7136
72.0216
72.5196
72.0256
71.4196
71.0824
72.0724
71.8032
72.0528
72.4368
72.336
71.52
71.8188
71.8396
72.1168
72.0308
72.2208
72.386
72.1832
71.9196
73.0172
73.288
72.2936
72.4232
72.7548
71.8164
71.6744
72.5656
72.4592
72.9824
71.8672
71.1228
72.0764
71.66
71.8424
71.5044
72.4464
72.1224
72.4556
72.3364
71.7468
71.4024
72.1008
72.2528
71.9264
72.1284
72.3784
72.3748
71.828
71.356
72.4016
71.6284
71.8528
71.7924
72.1572
72.058
72.1272
71.2808
71.6816
71.5856
71.7408
72.1716
72.4012
72.5448
72.058
72.884
72.0676
72.1064
71.8368
73.312
72.8928
72.4204
72.3988
72.8964
72.4656
72.8784
72.6464
72.3924
72.3224
72.7496
72.6172
72.9464
73.0128
72.4912
72.302
72.3828
71.892
71.4748
71.4852
71.8172
72.5528
72.102
72.1356
72.606
72.6108
72.1976
72.3776
72.0284
71.2796
71.9128
71.6304
72.036
71.818
71.9328
72.1272
71.712
72.0516
71.8304
72.5428
72.1788
72.9232
72.8272
73.5968
73.472
72.8112
72.0236
72.5532
72.0708
72.0064
71.7384
71.42
71.9172
72.1836
72.4036
71.8496
72.3448
72.1188
71.5452
71.4268
71.9108
72.1004
72.7148
72.434
71.3852
71.5888
72.4228
71.54
72.7376
71.8844
71.4788
71.3908
71.8316
71.8528
72.4172
71.8676
72.392
71.7584
72.7756
72.166
72.336
72.108
72.7388
72.3948
73.1116
71.8792
71.8708
71.6332
72.204
71.6572
72.4188
72.1704
71.9588
71.4436
72.32
72.3464
73.2488
72.608
72.196
72.6964
71.9648
72.9772
72.5448
72.0864
71.7776
72.2408
71.6196
71.1912
71.3488
71.134
71.4176
71.6536
71.9168
71.7876
73.0596
72.5512
72.6088
72.3084
73.8996
72.9124
71.9096
72.69
71.9888
71.4496
72.7396
72.6388
72.4952
72.552
73.4272
73.1776
72.7444
72.0224
71.6136
71.8024
72.25
71.574
72.422
71.4132
71.6176
71.5152
73.0144
72.8024
71.7824
73.0528
71.3932
72.1996
71.8028
71.856
72.7752
72.7836
72.6944
72.51
71.6268
72.432
71.874
72.2368
71.7836
71.8708
71.884
72.036
72.1472
71.7832
71.6792
71.7312
72.044
72.066
72.4096
72.1724
72.1784
71.8476
72.352
72.5772
71.9512
72.1284
71.616
71.6744
71.7396
72.3436
72.3048
72.39
72.7228
71.212
72.1596
71.7964
71.9416
71.8616
72.7584
72.3728
72.632
72.9916
72.0004
71.7684
71.7996
71.598
70.6184
71.2436
71.7244
73.2192
73.37
72.1464
72.048
71.5892
72.1936
72.1584
72.4176
72.3304
71.7316
72.5892
72.9112
72.7584
73.0528
72.5852
71.616
72.818
72.3128
71.8796
71.5672
72.4244
71.9468
72.9508
72.5228
72.2424
72.3864
71.5176
72.4364
72.6404
72.3632
72.1532
72.5672
72.0012
72.2852
72.0388
72.4
71.242
72.1148
71.9552
71.9368
71.8056
71.9688
71.9648
72.5916
71.592
72.4136
71.9404
72.3952
72.0972
71.9444
72.3824
72.1488
71.2976
71.8336
71.924
72.3892
71.7288
71.5732
72.2156
72.414
73.2432
72.836
72.3848
73.3776
73.1608
73.4356
73.2456
73.4208
73.4316
73.6432
73.6204
73.0256
72.8424
72.3708
73.726
73.048
73.018
73.6508
73.0328
72.6904
72.7776
72.1584
72.0316
72.9556
72.994
73.3964
73.4612
73.9732
73.2948
73.3712
73.3768
72.92
72.4992
73.0708
72.7528
72.7592
72.652
72.3016
72.7456
72.4084
72.3676
72.7064
72.334
72.868
72.6204
73.7692
72.578
72.558
72.814
72.38
73.2604
73.4
73.3256
73.0604
73.8204
73.6128
73.8912
72.6592
72.8916
72.4416
72.4132
72.8164
72.0272
72.048
73.0652
72.7256
72.5656
73.458
72.8544
73.5532
73.4736
73.1992
73.0308
72.5492
72.7316
73.8392
73.4824
73.3592
73.758
72.6104
72.666
72.6408
72.1508
73.1516
73.7512
73.2332
73.5516
73.9024
74.048
73.138
74.0564
73.2796
72.58
72.6392
73.3552
73.8352
73.0916
73.2116
71.966
73.0044
72.9424
73.1064
73.2984
73.0996
72.8212
73.07
72.5188
73.2852
73.4696
72.676
73.0008
72.8864
73.1864
72.374
73.0368
72.4376
73.0488
72.6044
72.504
72.9356
72.8972
73.122
73.166
72.36
72.302
73.0344
73.2936
72.7544
72.7928
72.6396
73.4732
72.2564
72.2052
73.0304
73.1128
73.3696
73.3828
72.8356
73.2236
73.3932
73.9616
73.2244
72.3696
72.5868
74.1032
73.3012
73.2088
72.684
73.2436
72.8824
73.0792
72.0536
73.4896
73.4044
73.164
72.9648
73.2148
73.2864
73.3044
72.9956
72.7732
73.9896
74.0816
72.7876
73.1976
72.66
73.2764
73.4336
73.1872
72.9548
73.2184
72.6828
72.5244
72.35
73.0548
73.7568
72.6376
72.7848
72.4732
72.8748
72.6732
73.6396
73.2536
73.4244
72.704
73.3052
73.4464
74.0856
73.5184
72.9084
72.7452
73.0552
72.5036
72.5348
73.2536
72.8772
72.1404
72.8424
72.7904
72.7972
