49.2428
49.6491
48.2223
49.3016
50.1329
49.7052
49.6155
49.1105
48.4471
49.3368
48.8336
48.7025
49.6847
49.2577
48.6034
48.068
49.5716
48.6772
49.5076
49.5739
49.3943
48.9858
47.7811
49.4829
50.0758
48.8276
50.5901
50.2416
49.2366
48.8647
49.2311
48.5018
48.2401
48.6331
48.4056
49.4767
49.8501
49.0897
49.8534
48.8981
49.3784
49.4522
48.7424
48.1597
50.2507
48.8289
48.2658
47.6043
48.8462
49.2796
48.3205
49.2244
49.0147
48.0473
49.4162
49.2411
48.9319
49.0826
49.3582
48.7901
48.3042
48.6342
48.4301
48.6427
48.3109
49.1362
48.6785
49.7879
48.6267
49.9161
49.2104
49.2252
49.2781
49.3005
48.9728
48.9353
48.8336
48.7347
48.3619
49.2613
49.1795
48.3885
48.5775
48.425
48.1756
48.3358
49.6016
48.9527
49.0016
48.261
50.3231
48.957
48.5304
49.1323
49.3842
50.0642
48.3358
48.9375
48.5745
48.9595
