1.01 0
1.43253 0.134862
1.75526 0.161735
2.01708 0.183389
2.25253 0.204154
2.46855 0.224458
2.6702 0.243411
2.85566 0.26408
3.03081 0.281639
3.20374 0.293263
3.35726 0.305588
3.50722 0.320146
3.64745 0.335097
3.78779 0.347619
3.92237 0.358722
4.05996 0.37365
4.19126 0.387733
4.319 0.397646
4.44631 0.405862
4.54846 0.407033
4.65202 0.41524
4.76683 0.426407
4.8641 0.431804
4.97963 0.441923
5.09368 0.45197
5.19023 0.460097
5.27721 0.471729
5.37071 0.485057
5.45535 0.498233
5.5547 0.510084
5.64081 0.517031
5.72512 0.52443
5.80555 0.533594
5.894 0.544339
5.97666 0.548909
6.05522 0.553986
6.13116 0.560167
6.22763 0.569045
6.31809 0.578465
6.39635 0.584747
6.47149 0.59322
6.5449 0.597644
6.6173 0.603953
6.69103 0.609405
6.77325 0.617759
6.83677 0.624652
6.91103 0.633072
6.97133 0.636206
7.04485 0.642531
7.1182 0.652862
7.17976 0.652365
7.25068 0.656513
7.32252 0.664185
7.38926 0.667199
7.46058 0.670482
7.53079 0.679359
7.60335 0.681408
7.67122 0.693417
7.72711 0.701305
7.79843 0.707149
7.86788 0.71441
7.92851 0.720919
7.99748 0.723501
8.06329 0.725863
8.12032 0.730918
8.17952 0.730802
8.24459 0.73531
8.31207 0.741535
8.36532 0.746909
8.4254 0.75218
8.48266 0.753911
8.53709 0.756017
8.59481 0.759158
8.65201 0.76443
8.71597 0.769249
8.76936 0.772422
8.82544 0.777121
8.88113 0.779304
8.93535 0.787174
8.99484 0.787518
9.04841 0.793755
9.10355 0.800857
9.15871 0.805127
9.22091 0.804929
9.27697 0.809526
9.33492 0.819912
9.3982 0.82371
9.45127 0.826766
9.51261 0.836138
9.55601 0.83798
9.61554 0.837167
9.66364 0.844341
9.71409 0.855403
9.75988 0.855355
9.82125 0.861004
9.87567 0.867209
9.92852 0.867949
9.98652 0.875307
10.036 0.877736
10.0865 0.884464
