1 0
1.41837 0.0459892
1.73787 0.0656911
1.99697 0.0812787
2.23001 0.0921658
2.44397 0.099374
2.64377 0.10611
2.82737 0.104471
3.00082 0.1073
3.17207 0.124469
3.32404 0.134274
3.47249 0.138123
3.6113 0.138487
3.75027 0.144683
3.88354 0.152698
4.01981 0.152523
4.14978 0.152498
4.27629 0.161969
4.40243 0.175056
4.50347 0.196896
4.60595 0.20348
4.71977 0.206812
4.81605 0.217751
4.93047 0.223193
5.0436 0.228439
5.1391 0.233736
5.22521 0.229798
5.31772 0.223489
5.40145 0.214642
5.49982 0.212111
5.58502 0.21767
5.66853 0.221658
5.74803 0.220371
5.8356 0.217272
5.91743 0.227873
5.99512 0.236002
6.07026 0.240707
6.16588 0.24434
6.25549 0.245204
6.33294 0.250223
6.40726 0.249455
6.47992 0.257765
6.55161 0.261269
6.62456 0.267096
6.70602 0.268403
6.76876 0.268415
6.84234 0.267538
6.90191 0.275445
6.97467 0.279178
7.04732 0.273607
7.10822 0.290292
7.17843 0.298247
7.24961 0.298656
7.31561 0.308064
7.38635 0.317871
7.4559 0.31535
7.52775 0.327829
7.59497 0.318151
7.65016 0.314184
7.72088 0.318498
7.78965 0.319202
7.84969 0.319426
7.91805 0.330385
7.98329 0.340789
8.03971 0.343279
8.0982 0.357129
8.16264 0.362614
8.22944 0.365162
8.28207 0.366208
8.34158 0.368992
8.39824 0.378349
8.4521 0.386222
8.50924 0.392602
8.56574 0.394701
8.62916 0.399187
8.6819 0.404503
8.73743 0.407596
8.79259 0.415382
8.84627 0.412039
8.90516 0.423963
8.95819 0.42357
9.01269 0.421843
9.06722 0.425436
9.12887 0.43888
9.18445 0.442126
9.2419 0.435036
9.30456 0.441344
9.35713 0.446817
9.41789 0.442316
9.46077 0.448051
9.51978 0.461974
9.56741 0.458836
9.61734 0.448789
9.66266 0.458603
9.72353 0.460986
9.77751 0.460948
9.82985 0.470637
9.88736 0.469132
9.9363 0.475026
9.98641 0.473112
