1 0
1.41579 0.0392367
1.73849 0.0553458
2.01063 0.0659822
2.25157 0.0763946
2.45752 0.0870513
2.64232 0.0923099
2.82892 0.093972
2.99882 0.107133
3.16706 0.112851
3.32177 0.135017
3.47349 0.147216
3.61446 0.159047
3.75243 0.167535
3.88265 0.181215
4.01585 0.179874
4.14774 0.182985
4.27115 0.182997
4.38798 0.191947
4.49849 0.197922
4.60671 0.210218
4.70653 0.195317
4.80457 0.195124
4.91562 0.199709
5.00825 0.203142
5.11307 0.197251
5.19994 0.197643
5.29973 0.189356
5.39001 0.188113
5.48821 0.176995
5.57857 0.183042
5.65951 0.191117
5.7524 0.205304
5.84027 0.209759
5.92342 0.210006
6.01033 0.206582
6.09008 0.214264
6.17485 0.218826
6.26018 0.220004
6.34089 0.232515
6.42357 0.226966
6.49817 0.221739
6.56967 0.229749
6.64701 0.233653
6.72277 0.236001
6.80028 0.232265
6.86839 0.230318
6.94254 0.232165
7.01814 0.240939
7.08819 0.237535
7.15445 0.226843
7.22466 0.231814
7.29139 0.23019
7.36512 0.228827
7.42298 0.22127
7.4888 0.229572
7.55966 0.242046
7.62492 0.243636
7.69501 0.246998
7.75531 0.249369
7.82303 0.249818
7.8819 0.249351
7.94236 0.255046
8.00028 0.266947
8.06071 0.279606
8.13165 0.282373
8.19509 0.286913
8.26262 0.289039
8.32484 0.292988
8.38189 0.29988
8.44225 0.296931
8.49874 0.291808
8.55705 0.302274
8.62651 0.313455
8.68019 0.322267
8.74569 0.332307
8.8005 0.328814
8.85372 0.32285
8.90843 0.322873
8.96787 0.330671
9.02162 0.336591
9.08597 0.341426
9.14905 0.349641
9.20406 0.353629
9.25163 0.353375
9.30232 0.350959
9.36416 0.346211
9.41451 0.346636
9.47163 0.337543
9.52463 0.33638
9.57581 0.336526
9.62334 0.337717
9.67527 0.33677
9.72169 0.337278
9.77246 0.340691
9.81613 0.330699
9.86683 0.338555
9.91591 0.342904
9.96726 0.339774
10.007 0.34402
