0.1 0
0.118191 0.0181909
0.134171 0.0191228
0.151126 0.0216864
0.165622 0.0221883
0.178639 0.0223079
0.189708 0.021863
0.201833 0.0224833
0.212592 0.0225593
0.223019 0.0227125
0.233032 0.0228546
0.243217 0.0232164
0.252264 0.0231934
0.261142 0.0232361
0.270132 0.023425
0.278789 0.0235605
0.287746 0.0238748
0.296901 0.0243002
0.30577 0.0246372
0.31444 0.024929
0.322707 0.0251122
0.330757 0.0252605
0.33858 0.0253733
0.346019 0.0254064
0.353351 0.0254483
0.360729 0.0255387
0.367735 0.025554
0.374564 0.0255536
0.380822 0.0254386
0.386996 0.0253397
0.3928 0.0251865
0.398526 0.0250499
0.404077 0.0249055
0.409543 0.0247724
0.41506 0.0246789
0.420573 0.024609
0.42608 0.02456
0.431445 0.0244995
0.436764 0.0244487
0.442181 0.0244377
0.447564 0.0244344
0.452989 0.0244549
0.458422 0.0244896
0.463831 0.0245303
0.469149 0.0245616
0.474238 0.024555
0.479435 0.0245824
0.484565 0.0246055
0.489468 0.024592
0.494184 0.0245523
0.499073 0.0245576
0.503882 0.0245561
0.508509 0.0245288
0.513171 0.0245176
0.517597 0.0244712
0.522019 0.0244338
0.526409 0.0243995
0.530748 0.0243646
0.535021 0.0243262
0.539155 0.024272
0.543289 0.0242261
0.547367 0.0241785
0.551408 0.0241325
0.555527 0.0241068
0.559556 0.0240727
0.563646 0.0240553
0.567797 0.0240545
0.572051 0.0240769
0.57644 0.0241279
0.580833 0.0241831
0.585318 0.0242582
0.589832 0.0243412
0.594216 0.0244024
0.598496 0.024448
0.602587 0.0244643
0.606588 0.0244695
0.610288 0.0244315
0.613918 0.0243879
0.617648 0.0243645
0.621162 0.0243133
0.624657 0.0242642
0.628179 0.0242238
0.631707 0.0241888
0.635133 0.0241436
0.638491 0.024093
0.64177 0.0240358
0.645025 0.0239799
0.648183 0.0239153
0.651475 0.0238731
0.65479 0.023838
0.658113 0.0238076
0.661461 0.0237843
0.664826 0.0237665
0.668008 0.0237267
0.671279 0.0237024
0.674475 0.0236709
0.677613 0.0236349
0.680733 0.0235996
0.683932 0.0235781
0.687078 0.0235521
