-86.3006             32.3777
-90.1821             32.3038
-91.1874             30.4571
-92.289             34.7466
-92.1729             38.5792
-95.678             39.0482
-96.6997             40.8081
-93.6037             41.5911
-89.655             39.7984
-84.5553             42.7336
-73.7579             42.6528
-71.538             43.2069
-69.7817             44.3072
-71.0637             42.3582
-72.6822              41.764
-74.7699             40.2206
-75.5197             39.1573
-76.4909             38.9788
-78.6391             35.7804
-84.2813             30.4381
-84.3882              33.749
-84.8754             38.1867
-86.1626             39.7686
-93.1022             44.9551
-100.783             46.8209
-104.985             39.7392
-105.94             35.6822
-112.097             33.4481
-121.494             38.5767
-119.766             39.1639
-116.2             43.6178
-112.018             46.5857
-134.42             58.3016
-157.857             21.3074
-86.3006             32.3777
