944
944
944
944
944
944
944
944
944
944
944
944
944
944
944
944
944
944
944
944
944
944
944
944
944
944
944
944
944
944
0
829
829
829
829
829
829
829
829
829
829
829
829
829
829
829
829
829
829
829
829
829
829
829
829
829
829
829
829
829
0
796
796
796
796
796
796
796
796
796
796
796
796
796
796
796
796
796
796
796
796
796
796
796
796
796
796
796
796
796
0
837
837
837
837
837
837
837
837
837
837
837
837
837
837
837
837
837
837
837
837
837
837
837
837
837
837
837
837
837
0
786
786
786
786
786
786
786
786
786
786
786
786
786
786
786
786
786
786
786
786
786
786
786
786
786
786
786
786
786
0
921
921
921
921
921
921
921
921
921
921
921
921
921
921
921
921
921
921
921
921
921
921
921
921
921
921
921
921
921
0
824
824
824
824
824
824
824
824
824
824
824
824
824
824
824
824
824
824
824
824
824
824
824
824
824
824
824
824
824
0
810
810
810
810
810
810
810
810
810
810
810
810
810
810
810
810
810
810
810
810
810
810
810
810
810
810
810
810
810
0
825
825
825
825
825
825
825
825
825
825
825
825
825
825
825
825
825
825
825
825
825
825
825
825
825
825
825
825
825
0
775
775
775
775
775
775
775
775
775
775
775
775
775
775
775
775
775
775
775
775
775
775
775
775
775
775
775
775
775
0
791
791
791
791
791
791
791
791
791
791
791
791
791
791
791
791
791
791
791
791
791
791
791
791
791
791
791
791
791
0
745
745
745
745
745
745
745
745
745
745
745
745
745
745
745
745
745
745
745
745
745
745
745
745
745
745
745
745
745
0
848
848
848
848
848
848
848
848
848
848
848
848
848
848
848
848
848
848
848
848
848
848
848
848
848
848
848
848
848
0
841
841
841
841
841
841
841
841
841
841
841
841
841
841
841
841
841
841
841
841
841
841
841
841
841
841
841
841
841
0
840
840
840
840
840
840
840
840
840
840
840
840
840
840
840
840
840
840
840
840
840
840
840
840
840
840
840
840
840
0
869
869
869
869
869
869
869
869
869
869
869
869
869
869
869
869
869
869
869
869
869
869
869
869
869
869
869
869
869
0
786
786
786
786
786
786
786
786
786
786
786
786
786
786
786
786
786
786
786
786
786
786
786
786
786
786
786
786
786
0
780
780
780
780
780
780
780
780
780
780
780
780
780
780
780
780
780
780
780
780
780
780
780
780
780
780
780
780
780
0
838
838
838
838
838
838
838
838
838
838
838
838
838
838
838
838
838
838
838
838
838
838
838
838
838
838
838
838
838
0
814
814
814
814
814
814
814
814
814
814
814
814
814
814
814
814
814
814
814
814
814
814
814
814
814
814
814
814
814
0
879
879
879
879
879
879
879
879
879
879
879
879
879
879
879
879
879
879
879
879
879
879
879
879
879
879
879
879
879
0
838
838
838
838
838
838
838
838
838
838
838
838
838
838
838
838
838
838
838
838
838
838
838
838
838
838
838
838
838
0
916
916
916
916
916
916
916
916
916
916
916
916
916
916
916
916
916
916
916
916
916
916
916
916
916
916
916
916
916
0
825
825
825
825
825
825
825
825
825
825
825
825
825
825
825
825
825
825
825
825
825
825
825
825
825
825
825
825
825
0
816
816
816
816
816
816
816
816
816
816
816
816
816
816
816
816
816
816
816
816
816
816
816
816
816
816
816
816
816
0
811
811
811
811
811
811
811
811
811
811
811
811
811
811
811
811
811
811
811
811
811
811
811
811
811
811
811
811
811
0
854
854
854
854
854
854
854
854
854
854
854
854
854
854
854
854
854
854
854
854
854
854
854
854
854
854
854
854
854
0
827
827
827
827
827
827
827
827
827
827
827
827
827
827
827
827
827
827
827
827
827
827
827
827
827
827
827
827
827
0
756
756
756
756
756
756
756
756
756
756
756
756
756
756
756
756
756
756
756
756
756
756
756
756
756
756
756
756
756
0
870
870
870
870
870
870
870
870
870
870
870
870
870
870
870
870
870
870
870
870
870
870
870
870
870
870
870
870
870
0
717
717
717
717
717
717
717
717
717
717
717
717
717
717
717
717
717
717
717
717
717
717
717
717
717
717
717
717
717
0
882
882
882
882
882
882
882
882
882
882
882
882
882
882
882
882
882
882
882
882
882
882
882
882
882
882
882
882
882
0
925
925
925
925
925
925
925
925
925
925
925
925
925
925
925
925
925
925
925
925
925
925
925
925
925
925
925
925
925
0
888
888
888
888
888
888
888
888
888
888
888
888
888
888
888
888
888
888
888
888
888
888
888
888
888
888
888
888
888
0
904
904
904
904
904
904
904
904
904
904
904
904
904
904
904
904
904
904
904
904
904
904
904
904
904
904
904
904
904
0
884
884
884
884
884
884
884
884
884
884
884
884
884
884
884
884
884
884
884
884
884
884
884
884
884
884
884
884
884
0
720
720
720
720
720
720
720
720
720
720
720
720
720
720
720
720
720
720
720
720
720
720
720
720
720
720
720
720
720
0
833
833
833
833
833
833
833
833
833
833
833
833
833
833
833
833
833
833
833
833
833
833
833
833
833
833
833
833
833
0
925
925
925
925
925
925
925
925
925
925
925
925
925
925
925
925
925
925
925
925
925
925
925
925
925
925
925
925
925
0
752
752
752
752
752
752
752
752
752
752
752
752
752
752
752
752
752
752
752
752
752
752
752
752
752
752
752
752
752
0
976
976
976
976
976
976
976
976
976
976
976
976
976
976
976
976
976
976
976
976
976
976
976
976
976
976
976
976
976
0
828
828
828
828
828
828
828
828
828
828
828
828
828
828
828
828
828
828
828
828
828
828
828
828
828
828
828
828
828
0
795
795
795
795
795
795
795
795
795
795
795
795
795
795
795
795
795
795
795
795
795
795
795
795
795
795
795
795
795
0
904
904
904
904
904
904
904
904
904
904
904
904
904
904
904
904
904
904
904
904
904
904
904
904
904
904
904
904
904
0
870
870
870
870
870
870
870
870
870
870
870
870
870
870
870
870
870
870
870
870
870
870
870
870
870
870
870
870
870
0
839
839
839
839
839
839
839
839
839
839
839
839
839
839
839
839
839
839
839
839
839
839
839
839
839
839
839
839
839
0
833
833
833
833
833
833
833
833
833
833
833
833
833
833
833
833
833
833
833
833
833
833
833
833
833
833
833
833
833
0
838
838
838
838
838
838
838
838
838
838
838
838
838
838
838
838
838
838
838
838
838
838
838
838
838
838
838
838
838
0
912
912
912
912
912
912
912
912
912
912
912
912
912
912
912
912
912
912
912
912
912
912
912
912
912
912
912
912
912
0
804
804
804
804
804
804
804
804
804
804
804
804
804
804
804
804
804
804
804
804
804
804
804
804
804
804
804
804
804
0
899
899
899
899
899
899
899
899
899
899
899
899
899
899
899
899
899
899
899
899
899
899
899
899
899
899
899
899
899
0
909
909
909
909
909
909
909
909
909
909
909
909
909
909
909
909
909
909
909
909
909
909
909
909
909
909
909
909
909
0
898
898
898
898
898
898
898
898
898
898
898
898
898
898
898
898
898
898
898
898
898
898
898
898
898
898
898
898
898
0
892
892
892
892
892
892
892
892
892
892
892
892
892
892
892
892
892
892
892
892
892
892
892
892
892
892
892
892
892
0
803
803
803
803
803
803
803
803
803
803
803
803
803
803
803
803
803
803
803
803
803
803
803
803
803
803
803
803
803
0
896
896
896
896
896
896
896
896
896
896
896
896
896
896
896
896
896
896
896
896
896
896
896
896
896
896
896
896
896
0
862
862
862
862
862
862
862
862
862
862
862
862
862
862
862
862
862
862
862
862
862
862
862
862
862
862
862
862
862
0
928
928
928
928
928
928
928
928
928
928
928
928
928
928
928
928
928
928
928
928
928
928
928
928
928
928
928
928
928
0
898
898
898
898
898
898
898
898
898
898
898
898
898
898
898
898
898
898
898
898
898
898
898
898
898
898
898
898
898
0
841
841
841
841
841
841
841
841
841
841
841
841
841
841
841
841
841
841
841
841
841
841
841
841
841
841
841
841
841
0
907
907
907
907
907
907
907
907
907
907
907
907
907
907
907
907
907
907
907
907
907
907
907
907
907
907
907
907
907
0
791
791
791
791
791
791
791
791
791
791
791
791
791
791
791
791
791
791
791
791
791
791
791
791
791
791
791
791
791
0
816
816
816
816
816
816
816
816
816
816
816
816
816
816
816
816
816
816
816
816
816
816
816
816
816
816
816
816
816
0
744
744
744
744
744
744
744
744
744
744
744
744
744
744
744
744
744
744
744
744
744
744
744
744
744
744
744
744
744
0
682
682
682
682
682
682
682
682
682
682
682
682
682
682
682
682
682
682
682
682
682
682
682
682
682
682
682
682
682
0
719
719
719
719
719
719
719
719
719
719
719
719
719
719
719
719
719
719
719
719
719
719
719
719
719
719
719
719
719
0
838
838
838
838
838
838
838
838
838
838
838
838
838
838
838
838
838
838
838
838
838
838
838
838
838
838
838
838
838
0
750
750
750
750
750
750
750
750
750
750
750
750
750
750
750
750
750
750
750
750
750
750
750
750
750
750
750
750
750
0
891
891
891
891
891
891
891
891
891
891
891
891
891
891
891
891
891
891
891
891
891
891
891
891
891
891
891
891
891
0
826
826
826
826
826
826
826
826
826
826
826
826
826
826
826
826
826
826
826
826
826
826
826
826
826
826
826
826
826
0
811
811
811
811
811
811
811
811
811
811
811
811
811
811
811
811
811
811
811
811
811
811
811
811
811
811
811
811
811
0
836
836
836
836
836
836
836
836
836
836
836
836
836
836
836
836
836
836
836
836
836
836
836
836
836
836
836
836
836
0
818
818
818
818
818
818
818
818
818
818
818
818
818
818
818
818
818
818
818
818
818
818
818
818
818
818
818
818
818
0
853
853
853
853
853
853
853
853
853
853
853
853
853
853
853
853
853
853
853
853
853
853
853
853
853
853
853
853
853
0
775
775
775
775
775
775
775
775
775
775
775
775
775
775
775
775
775
775
775
775
775
775
775
775
775
775
775
775
775
0
830
830
830
830
830
830
830
830
830
830
830
830
830
830
830
830
830
830
830
830
830
830
830
830
830
830
830
830
830
0
781
781
781
781
781
781
781
781
781
781
781
781
781
781
781
781
781
781
781
781
781
781
781
781
781
781
781
781
781
0
793
793
793
793
793
793
793
793
793
793
793
793
793
793
793
793
793
793
793
793
793
793
793
793
793
793
793
793
793
0
881
881
881
881
881
881
881
881
881
881
881
881
881
881
881
881
881
881
881
881
881
881
881
881
881
881
881
881
881
0
760
760
760
760
760
760
760
760
760
760
760
760
760
760
760
760
760
760
760
760
760
760
760
760
760
760
760
760
760
0
782
782
782
782
782
782
782
782
782
782
782
782
782
782
782
782
782
782
782
782
782
782
782
782
782
782
782
782
782
0
767
767
767
767
767
767
767
767
767
767
767
767
767
767
767
767
767
767
767
767
767
767
767
767
767
767
767
767
767
0
828
828
828
828
828
828
828
828
828
828
828
828
828
828
828
828
828
828
828
828
828
828
828
828
828
828
828
828
828
0
859
859
859
859
859
859
859
859
859
859
859
859
859
859
859
859
859
859
859
859
859
859
859
859
859
859
859
859
859
0
852
852
852
852
852
852
852
852
852
852
852
852
852
852
852
852
852
852
852
852
852
852
852
852
852
852
852
852
852
0
936
936
936
936
936
936
936
936
936
936
936
936
936
936
936
936
936
936
936
936
936
936
936
936
936
936
936
936
936
0
831
831
831
831
831
831
831
831
831
831
831
831
831
831
831
831
831
831
831
831
831
831
831
831
831
831
831
831
831
0
836
836
836
836
836
836
836
836
836
836
836
836
836
836
836
836
836
836
836
836
836
836
836
836
836
836
836
836
836
0
922
922
922
922
922
922
922
922
922
922
922
922
922
922
922
922
922
922
922
922
922
922
922
922
922
922
922
922
922
0
712
712
712
712
712
712
712
712
712
712
712
712
712
712
712
712
712
712
712
712
712
712
712
712
712
712
712
712
712
0
873
873
873
873
873
873
873
873
873
873
873
873
873
873
873
873
873
873
873
873
873
873
873
873
873
873
873
873
873
0
803
803
803
803
803
803
803
803
803
803
803
803
803
803
803
803
803
803
803
803
803
803
803
803
803
803
803
803
803
0
855
855
855
855
855
855
855
855
855
855
855
855
855
855
855
855
855
855
855
855
855
855
855
855
855
855
855
855
855
0
799
799
799
799
799
799
799
799
799
799
799
799
799
799
799
799
799
799
799
799
799
799
799
799
799
799
799
799
799
0
868
868
868
868
868
868
868
868
868
868
868
868
868
868
868
868
868
868
868
868
868
868
868
868
868
868
868
868
868
0
885
885
885
885
885
885
885
885
885
885
885
885
885
885
885
885
885
885
885
885
885
885
885
885
885
885
885
885
885
0
943
943
943
943
943
943
943
943
943
943
943
943
943
943
943
943
943
943
943
943
943
943
943
943
943
943
943
943
943
0
847
847
847
847
847
847
847
847
847
847
847
847
847
847
847
847
847
847
847
847
847
847
847
847
847
847
847
847
847
0
794
794
794
794
794
794
794
794
794
794
794
794
794
794
794
794
794
794
794
794
794
794
794
794
794
794
794
794
794
0
810
810
810
810
810
810
810
810
810
810
810
810
810
810
810
810
810
810
810
810
810
810
810
810
810
810
810
810
810
0
852
852
852
852
852
852
852
852
852
852
852
852
852
852
852
852
852
852
852
852
852
852
852
852
852
852
852
852
852
0
850
850
850
850
850
850
850
850
850
850
850
850
850
850
850
850
850
850
850
850
850
850
850
850
850
850
850
850
850
0
769
769
769
769
769
769
769
769
769
769
769
769
769
769
769
769
769
769
769
769
769
769
769
769
769
769
769
769
769
0
785
785
785
785
785
785
785
785
785
785
785
785
785
785
785
785
785
785
785
785
785
785
785
785
785
785
785
785
785
0
845
845
845
845
845
845
845
845
845
845
845
845
845
845
845
845
845
845
845
845
845
845
845
845
845
845
845
845
845
0
821
821
821
821
821
821
821
821
821
821
821
821
821
821
821
821
821
821
821
821
821
821
821
821
821
821
821
821
821
0
787
787
787
787
787
787
787
787
787
787
787
787
787
787
787
787
787
787
787
787
787
787
787
787
787
787
787
787
787
0
799
799
799
799
799
799
799
799
799
799
799
799
799
799
799
799
799
799
799
799
799
799
799
799
799
799
799
799
799
0
879
879
879
879
879
879
879
879
879
879
879
879
879
879
879
879
879
879
879
879
879
879
879
879
879
879
879
879
879
0
918
918
918
918
918
918
918
918
918
918
918
918
918
918
918
918
918
918
918
918
918
918
918
918
918
918
918
918
918
0
806
806
806
806
806
806
806
806
806
806
806
806
806
806
806
806
806
806
806
806
806
806
806
806
806
806
806
806
806
0
835
835
835
835
835
835
835
835
835
835
835
835
835
835
835
835
835
835
835
835
835
835
835
835
835
835
835
835
835
0
782
782
782
782
782
782
782
782
782
782
782
782
782
782
782
782
782
782
782
782
782
782
782
782
782
782
782
782
782
0
814
814
814
814
814
814
814
814
814
814
814
814
814
814
814
814
814
814
814
814
814
814
814
814
814
814
814
814
814
0
870
870
870
870
870
870
870
870
870
870
870
870
870
870
870
870
870
870
870
870
870
870
870
870
870
870
870
870
870
0
779
779
779
779
779
779
779
779
779
779
779
779
779
779
779
779
779
779
779
779
779
779
779
779
779
779
779
779
779
0
816
816
816
816
816
816
816
816
816
816
816
816
816
816
816
816
816
816
816
816
816
816
816
816
816
816
816
816
816
0
814
814
814
814
814
814
814
814
814
814
814
814
814
814
814
814
814
814
814
814
814
814
814
814
814
814
814
814
814
0
743
743
743
743
743
743
743
743
743
743
743
743
743
743
743
743
743
743
743
743
743
743
743
743
743
743
743
743
743
0
719
719
719
719
719
719
719
719
719
719
719
719
719
719
719
719
719
719
719
719
719
719
719
719
719
719
719
719
719
0
858
858
858
858
858
858
858
858
858
858
858
858
858
858
858
858
858
858
858
858
858
858
858
858
858
858
858
858
858
0
826
826
826
826
826
826
826
826
826
826
826
826
826
826
826
826
826
826
826
826
826
826
826
826
826
826
826
826
826
0
852
852
852
852
852
852
852
852
852
852
852
852
852
852
852
852
852
852
852
852
852
852
852
852
852
852
852
852
852
0
698
698
698
698
698
698
698
698
698
698
698
698
698
698
698
698
698
698
698
698
698
698
698
698
698
698
698
698
698
0
839
839
839
839
839
839
839
839
839
839
839
839
839
839
839
839
839
839
839
839
839
839
839
839
839
839
839
839
839
0
783
783
783
783
783
783
783
783
783
783
783
783
783
783
783
783
783
783
783
783
783
783
783
783
783
783
783
783
783
0
850
850
850
850
850
850
850
850
850
850
850
850
850
850
850
850
850
850
850
850
850
850
850
850
850
850
850
850
850
0
763
763
763
763
763
763
763
763
763
763
763
763
763
763
763
763
763
763
763
763
763
763
763
763
763
763
763
763
763
0
826
826
826
826
826
826
826
826
826
826
826
826
826
826
826
826
826
826
826
826
826
826
826
826
826
826
826
826
826
0
806
806
806
806
806
806
806
806
806
806
806
806
806
806
806
806
806
806
806
806
806
806
806
806
806
806
806
806
806
0
850
850
850
850
850
850
850
850
850
850
850
850
850
850
850
850
850
850
850
850
850
850
850
850
850
850
850
850
850
0
914
914
914
914
914
914
914
914
914
914
914
914
914
914
914
914
914
914
914
914
914
914
914
914
914
914
914
914
914
0
896
896
896
896
896
896
896
896
896
896
896
896
896
896
896
896
896
896
896
896
896
896
896
896
896
896
896
896
896
0
762
762
762
762
762
762
762
762
762
762
762
762
762
762
762
762
762
762
762
762
762
762
762
762
762
762
762
762
762
0
861
861
861
861
861
861
861
861
861
861
861
861
861
861
861
861
861
861
861
861
861
861
861
861
861
861
861
861
861
0
826
826
826
826
826
826
826
826
826
826
826
826
826
826
826
826
826
826
826
826
826
826
826
826
826
826
826
826
826
0
806
806
806
806
806
806
806
806
806
806
806
806
806
806
806
806
806
806
806
806
806
806
806
806
806
806
806
806
806
0
957
957
957
957
957
957
957
957
957
957
957
957
957
957
957
957
957
957
957
957
957
957
957
957
957
957
957
957
957
0
808
808
808
808
808
808
808
808
808
808
808
808
808
808
808
808
808
808
808
808
808
808
808
808
808
808
808
808
808
0
787
787
787
787
787
787
787
787
787
787
787
787
787
787
787
787
787
787
787
787
787
787
787
787
787
787
787
787
787
0
792
792
792
792
792
792
792
792
792
792
792
792
792
792
792
792
792
792
792
792
792
792
792
792
792
792
792
792
792
0
774
774
774
774
774
774
774
774
774
774
774
774
774
774
774
774
774
774
774
774
774
774
774
774
774
774
774
774
774
0
814
814
814
814
814
814
814
814
814
814
814
814
814
814
814
814
814
814
814
814
814
814
814
814
814
814
814
814
814
0
780
780
780
780
780
780
780
780
780
780
780
780
780
780
780
780
780
780
780
780
780
780
780
780
780
780
780
780
780
0
809
809
809
809
809
809
809
809
809
809
809
809
809
809
809
809
809
809
809
809
809
809
809
809
809
809
809
809
809
0
815
815
815
815
815
815
815
815
815
815
815
815
815
815
815
815
815
815
815
815
815
815
815
815
815
815
815
815
815
0
905
905
905
905
905
905
905
905
905
905
905
905
905
905
905
905
905
905
905
905
905
905
905
905
905
905
905
905
905
0
686
686
686
686
686
686
686
686
686
686
686
686
686
686
686
686
686
686
686
686
686
686
686
686
686
686
686
686
686
0
851
851
851
851
851
851
851
851
851
851
851
851
851
851
851
851
851
851
851
851
851
851
851
851
851
851
851
851
851
0
825
825
825
825
825
825
825
825
825
825
825
825
825
825
825
825
825
825
825
825
825
825
825
825
825
825
825
825
825
0
786
786
786
786
786
786
786
786
786
786
786
786
786
786
786
786
786
786
786
786
786
786
786
786
786
786
786
786
786
0
794
794
794
794
794
794
794
794
794
794
794
794
794
794
794
794
794
794
794
794
794
794
794
794
794
794
794
794
794
0
799
799
799
799
799
799
799
799
799
799
799
799
799
799
799
799
799
799
799
799
799
799
799
799
799
799
799
799
799
0
850
850
850
850
850
850
850
850
850
850
850
850
850
850
850
850
850
850
850
850
850
850
850
850
850
850
850
850
850
0
820
820
820
820
820
820
820
820
820
820
820
820
820
820
820
820
820
820
820
820
820
820
820
820
820
820
820
820
820
0
895
895
895
895
895
895
895
895
895
895
895
895
895
895
895
895
895
895
895
895
895
895
895
895
895
895
895
895
895
0
796
796
796
796
796
796
796
796
796
796
796
796
796
796
796
796
796
796
796
796
796
796
796
796
796
796
796
796
796
0
889
889
889
889
889
889
889
889
889
889
889
889
889
889
889
889
889
889
889
889
889
889
889
889
889
889
889
889
889
0
805
805
805
805
805
805
805
805
805
805
805
805
805
805
805
805
805
805
805
805
805
805
805
805
805
805
805
805
805
0
876
876
876
876
876
876
876
876
876
876
876
876
876
876
876
876
876
876
876
876
876
876
876
876
876
876
876
876
876
0
719
719
719
719
719
719
719
719
719
719
719
719
719
719
719
719
719
719
719
719
719
719
719
719
719
719
719
719
719
0
823
823
823
823
823
823
823
823
823
823
823
823
823
823
823
823
823
823
823
823
823
823
823
823
823
823
823
823
823
0
779
779
779
779
779
779
779
779
779
779
779
779
779
779
779
779
779
779
779
779
779
779
779
779
779
779
779
779
779
0
812
812
812
812
812
812
812
812
812
812
812
812
812
812
812
812
812
812
812
812
812
812
812
812
812
812
812
812
812
0
773
773
773
773
773
773
773
773
773
773
773
773
773
773
773
773
773
773
773
773
773
773
773
773
773
773
773
773
773
0
734
734
734
734
734
734
734
734
734
734
734
734
734
734
734
734
734
734
734
734
734
734
734
734
734
734
734
734
734
0
770
770
770
770
770
770
770
770
770
770
770
770
770
770
770
770
770
770
770
