624.452
588.674
555.905
523.255
500.952
475.435
461.957
451.796
450.837
447.008
447.024
441.651
438.055
434.37
429.18
429.449
434.902
440.182
443.398
438.964
438.852
440.176
437.272
434.756
430.363
430.507
427.694
427.447
427.894
425.895
423.57
423.203
423.365
423.456
419.211
422.589
420.459
423.063
420.993
419.29
421.797
420.147
423.95
423.004
421.853
420.118
420.907
421.206
421.599
420.624
420.4
419.106
419.213
417.671
414.876
416.986
414.054
415.506
418.144
418.248
419.953
418.732
416.413
420.838
417.753
419.235
414.037
418.083
419.25
413.783
413.926
414.55
417.53
415.552
417.318
420.089
418.391
416.937
419.498
426.267
421.063
421.951
419.89
416.425
418.471
420.05
416.734
421.777
418.6
415.601
415.159
414.389
420.45
416.984
416.387
414.518
418.922
419.398
416.636
415.695
417.746
413.899
415.227
415.601
418.777
418.105
417.557
416.347
414.808
414.454
413.985
415.11
416.247
417.144
415.003
418.075
415.803
412.869
414.984
415.205
417.702
419.883
419.653
416.862
417.525
419.812
418.997
417.889
418.268
416.959
418.171
417.774
424.021
423.562
426.032
422.125
417.843
416.733
419.272
418.145
420.495
422.768
413.083
416.934
419.193
419.331
420.069
413.939
417.513
414.244
414.067
416.373
419.283
419.626
414.877
417.515
416.303
416.258
415.154
413.439
410.786
414.613
414.739
412.405
416.229
415.122
418.333
416.4
413.927
415.164
412.305
411.837
415.919
416.33
412.997
412.366
412.05
412.258
413.409
413.889
411.451
414.406
415.131
413.343
417.163
415.343
414.374
412.843
408.291
410.05
412.334
413.427
414.791
412.967
414.42
412.334
414.308
415.83
415.364
415.341
409.898
412.536
411.337
411.957
413.558
412.545
415.258
411.598
407.643
412.556
412.961
414.876
414.782
415.106
412.308
414.254
415.867
415.196
415.768
412.905
413.735
415.018
416.856
417.453
418.153
413.38
410.778
411.526
408.952
409.052
415.074
414.599
412.557
415.065
412.159
412.026
413.525
412.965
414.277
412.656
412.748
411.573
412.948
413.336
414.054
415.354
415.56
413.938
412.657
417.66
414.257
411.843
412.378
414.576
413.286
410.974
413.977
409.474
410.02
410.511
414.025
413.86
418.179
414.117
411.426
408.855
410.199
409.701
412.477
412.365
413.884
408.158
413.245
410.773
413.292
411.205
413.57
415.742
413.615
412.604
413.064
412.288
415.79
414.044
415.541
415.245
418.182
417.965
418.152
412.732
414.729
413.093
412.444
411.719
414.707
412.158
413.011
410.29
409.874
412.25
414.449
411.35
414.801
412.944
410.03
409.516
412.78
414.128
413.698
413.461
411.596
413.659
412.145
409.959
411.002
406.824
409.935
411.225
411.859
417.366
415.187
413.762
412.368
413.224
408.639
410.492
414.069
415.354
410.137
410.09
409.662
414.357
411.395
410.783
413.834
414.436
414.078
410.123
410.092
412.253
410.244
412.449
412.486
411.268
406.589
407.869
404.794
408.65
407.993
410.191
407.36
409.989
406.231
404.338
408.389
406.676
408.067
408.072
408.241
405.794
409.555
409.037
408.741
407.311
406.126
405.337
406.626
408.701
410.09
407.522
410.29
407.457
408.284
408.512
405.519
409.785
411.227
409.677
406.157
404.781
406.999
406.454
408.601
407.532
406.18
411.503
411.422
409.031
411.903
406.658
407.264
405.475
407.667
405.683
407.113
405.899
406.752
411.76
407.276
405.229
407.307
408.673
411.071
410.728
407.23
406.106
409.664
406.713
413.597
406.147
407.886
408.098
409.174
410.657
414.627
410.913
408.243
405.283
409.41
404.401
406.575
409.665
409.162
408.907
410.672
408.465
407.102
406.247
405.038
407.772
405.954
404.465
406.94
407.919
408.885
406.707
405.463
409.271
405.077
407.675
405.962
406.628
405.739
405.637
409.555
406.675
403.158
405.265
406.299
403.363
407.982
407.863
408.403
408.643
406.856
406.678
410.48
406.961
407.032
406.886
409.152
407.445
403.283
407.433
406.602
405.636
406.803
408.501
404.88
406.857
404.083
407.016
412.346
410.52
406.692
407.264
408.189
403.621
408.349
403.364
405.876
405.071
406.04
406.154
406.163
407.536
406.231
405.914
404.224
405.878
405.045
405.544
405.612
412.587
414.899
412.859
407.955
405.704
407.294
409.85
409.001
406.555
409.512
405.397
404.587
402.271
404.124
404.536
406.397
408.799
405.227
403.952
403.014
403.932
405.4
407.072
403.931
408.176
404.02
405.919
406.756
403.884
403.59
407.553
407.097
408.89
403.348
403.813
406.661
406.975
404.672
406.445
407.079
406.62
403.094
405.651
406.619
410.99
409.621
408.286
407.488
406.615
406.399
406.762
411.083
407.294
406.326
405.387
407.017
406.73
405.25
407.13
406
408.154
407.41
405.315
406.67
407.838
405.217
407.12
402.994
404.296
407.591
408.374
406.771
406.133
403.061
404.536
404.905
408.163
406.163
409.234
401.713
404.011
405.954
405.914
406.637
407.629
404.791
405.346
408.235
406.106
404.769
406.4
404.562
404.998
405.301
408.612
403.953
409.84
405.171
403.69
402.409
404.571
404.763
407.643
406.057
408.632
404.021
403.987
404.556
404.453
404.192
406.347
404.442
403.63
402.906
407.435
405.696
404.037
406.839
405.77
403.366
402.303
405.615
405.839
406.421
407.732
404.481
403.966
403.784
407.463
409.903
409.711
406.685
407.473
403.61
406.469
402.894
403.376
404.272
406.79
405.754
406.217
405.382
405.184
406.583
409.873
409.422
404.938
404.135
404.377
404.634
404.41
408.72
406.018
404.987
405.206
405.449
406.267
407.804
407.367
402.689
408.129
407.871
407.725
406.954
405.404
408.408
406.515
406.406
410.02
406.834
406.548
403.406
406.333
405.297
403.438
407.107
405.969
409.768
406.868
406.854
406.565
403.813
407.473
406.496
407.857
404.753
404.92
405.537
405.604
404.659
405.085
403.136
405.693
405.861
409.412
410.106
406.668
405.473
405.185
405.158
405.809
403.306
404.52
402.596
405.596
406.063
407.507
407.123
406.376
407.018
406.645
406.353
409.025
409.362
408.393
407.47
405.44
404.914
405.605
412.339
408.659
408.015
404.947
407.107
406.944
404.675
401.368
404.166
404.908
405.783
402.616
406.993
405.656
406.437
402.506
407.008
406.978
404.766
405.408
404.623
406.25
408.513
402.923
408.576
406.148
408.138
409.642
408.955
405.362
409.652
411.189
406.811
407.019
406.318
408.186
405.518
407.776
406.627
404.925
403.392
403.851
403.272
401.936
406.951
399.959
404.008
402.682
400.672
405.505
403.351
406.358
406.667
406.543
407.056
406.676
408.577
405.741
401.918
407.396
404.785
406.106
406.558
402.231
405.413
403.978
402.357
406.643
402.963
404.538
403.52
403.254
404.788
410.275
408.416
409.987
414.71
412.08
410.701
406.212
406.672
406.003
406.301
405.402
403.758
405.512
407.355
408.266
405.16
407.26
408.322
406.179
408.448
407.574
403.613
407.875
405.97
406.59
404.039
407.476
405.033
405.461
404.57
408.55
409.658
407.517
407.645
405.544
411.452
409.69
409.185
405.73
407.35
409.116
403.676
405.88
408.598
404.583
407.069
404.669
409.663
410.263
406.72
409.416
405.516
406.909
407.393
407.06
406.875
410.296
404.851
406.835
404.288
407.553
404.329
402.709
403.714
401.642
402.796
404.18
404.632
406.286
404.923
406.374
407.526
406.45
404.48
403.797
403.253
403.499
403.945
406.657
407.525
406.206
405.201
409.16
407.693
405.817
407.957
405.841
406.534
403.303
404.825
405.422
406.104
406.168
406.66
405.091
407.873
408.526
407.365
404.221
404.484
402.687
404.742
406.717
406.571
405.669
406.238
402.867
408.198
404.899
407.078
407.963
406.34
407.71
404.912
406.063
405.193
408.094
405.297
407.307
404.522
404.038
404.036
404.477
406.014
401.741
402.499
405.575
406.152
406.112
404.725
404.94
404.816
404.59
405.25
404.712
402.395
404.679
408.969
412.08
408.492
408.367
407.757
406.907
405.182
405.254
406.569
405.758
406.749
404.09
407.777
404.446
403.416
403.785
403.113
407.052
400.452
403.767
404.237
410.183
405.919
404.241
404.715
405.237
406.526
406.417
405.737
405.339
408.157
405.697
405.683
406.001
405.362
409.371
406.313
405.585
409.04
411.84
409.318
406.517
405.707
404.521
403.302
410.053
406.487
410.094
413.229
411.356
409.958
405.385
404.417
404.843
406.775
405.362
406.404
407.108
403.647
409.942
407.762
406.016
407.892
403.696
407.191
407.027
408.321
406.086
409.359
410.718
408.985
408.781
408.895
407.456
408.796
412.153
411.55
411.978
409.152
406.988
401.097
406.414
406.071
406.284
406.265
404.319
404.452
404.064
409.18
407.321
405.446
403.952
407.688
409.668
405.658
403.995
404.976
401.956
404.854
405.516
405.787
406.34
405.534
406.445
404.244
405.798
406.318
403.111
404.891
404.761
404.848
405.953
403.771
402.989
404.426
402.239
405.347
402.823
406.824
404
404.632
404.146
404.078
405.988
401.964
401.598
403.462
398.686
401.812
405.477
403.244
400.025
400.88
404.216
404.197
400.807
404.828
404.897
403.785
403.56
403.537
399.171
404.065
404.958
405.832
401.835
404.226
401.361
401.365
401.612
402.845
401.519
402.499
405.448
403.417
403.057
401.888
401.882
400.736
400.23
401.323
402.989
399.744
400.892
402.832
399.788
404.224
403.12
405.964
402.346
401.002
401.117
401.78
398.921
401.705
402.71
403.165
400.798
405.201
403.013
405.159
401.692
403.018
406.354
405.626
404.613
403.868
405.088
399.59
403.781
402.532
398.242
402.774
401.933
402.506
405.203
406.662
406.114
404.979
407.984
400.95
404.534
401.565
401.66
401.393
406.227
404.878
404.073
404.361
404.699
403.207
405.305
406.428
404.473
401.813
404.855
399.37
400.846
401.44
407.226
404.918
404.492
400.012
403.67
404.284
403.915
407.089
404.673
403.521
404.919
407.162
400.34
403.149
404.485
403.077
399.251
406.263
401.42
403.334
402.312
404.388
404.963
402.367
404.014
403.934
402.486
403.046
403.182
404.25
401.106
401.247
400.904
400.534
402.746
400.632
403.266
402.749
401.338
400.474
402.398
401.79
402.81
400.319
402.261
404.259
401.942
403.557
399.822
402.786
399.89
403.498
401.523
400.338
402.061
403.6
402.464
405.816
405.045
403.644
400.303
402.264
403.171
404.527
404.908
402.655
402.955
405.196
408.142
401.75
402.131
404.739
403.867
398.812
401.665
404.112
405.999
405.958
403.423
401.38
400.646
401.394
402.796
402.036
401.566
404.248
403.99
403.656
404.247
402.132
404.702
404.906
403.243
401.588
404.857
402.312
404.207
402.897
406.542
404.771
402.185
401.177
403.403
402.129
404.406
405.525
401.566
401.797
406.281
400.822
402.687
402.201
406.541
403.053
401.694
396.857
404.104
405.162
407.055
406.979
401.454
403.524
402.422
402.492
403.917
403.455
400.772
401.899
400.3
401.806
403.956
404.699
404.827
405.141
399.49
405.554
399.429
401.467
407.566
402.943
400.811
404.189
400.56
404.253
402.83
405.185
402.408
407.977
403.534
402.196
404.425
403.943
402.837
399.775
400.819
398.651
399.814
405.266
402.672
404.968
401.922
401.531
398.63
401.951
402.403
404.058
402.394
403.237
401.975
405.725
405.541
404.8
400.267
401.509
403.876
404.018
408.495
409.652
405.483
405.421
401.466
405.122
405.481
405.377
404.681
403.446
402.895
403.604
403.217
403.399
404.84
404.488
404.618
405.64
405.045
402.504
401.931
404.037
409.141
405.186
406.132
403.605
403.053
403.859
404.158
405.364
404.123
405.23
404.233
403.769
404.862
402.701
404.657
402.863
406.595
403.887
402.675
401.171
406.969
404.769
405.669
403.885
404.965
403.618
402.396
404.332
406.105
403.709
405.761
405.726
402.755
404.327
403.981
406.116
406.819
409.008
404.839
407.069
403.34
405.678
405.387
404.504
403.814
403.427
403.699
404.171
406.647
408.554
405.909
407.542
403.893
404.241
407.946
404.744
403.911
405.699
401.058
401.314
405.733
404.93
405.87
405.836
405.094
404.623
405.798
408.242
407.901
403.748
400.848
405.686
405.185
404.617
404.453
403.589
405.183
406.698
403.161
406.126
403.593
406.049
401.257
404.545
406.914
408.843
405.975
408.53
408.228
403.964
409.116
406.947
406.001
408.886
408.082
401.409
403.831
403.322
409.057
404.694
405.781
404.015
407.428
407.436
408.93
408.882
410.991
404.618
408.445
408.6
408.348
407.369
409.49
410.502
410.327
409.045
411.136
412.872
406.649
404.91
406.446
404.755
405.529
403.385
402.53
400.811
407.135
410.476
405.866
407.55
408.203
407.226
407.727
404.444
403.685
403.646
404.832
405.802
410.346
405.561
405.131
403.361
404.073
406.376
406.268
403.215
404.781
404.983
407.129
402.306
402.378
407.649
407.056
408.135
409.574
411.85
405.331
404.588
405.371
404.726
401.242
403.155
399.814
403.375
399.975
404.463
404.808
406.893
406.607
406.302
406.684
405.279
403.767
406.223
404.264
404.837
402.753
402.192
401.906
403.931
400.284
402.336
400.249
398.685
399.802
399.877
399.424
397.577
401.389
398.703
401.487
401.734
400.894
402.523
400.401
402.277
401.569
400.74
399.454
398.701
401.254
401.336
399.042
400.768
401.645
401.201
402.013
400.913
400.544
399.807
401.792
399.868
399.255
399.958
402.949
401.131
399.879
396.951
399.197
398.605
402.178
402.869
400.452
402.985
403.342
402.294
400.346
396.723
398.272
400.029
401.371
401.497
400.724
399.848
402.52
398.947
401.558
399.514
399.46
399.499
398.449
399.512
398.768
400.055
402.901
397.784
400.452
403.792
401.287
400.924
402.005
402.416
396.973
400.419
399.29
402.471
401.355
399.665
400.336
397.44
398.911
398.19
400.449
400.653
400.378
402.737
402.923
401.163
398.706
401.431
397.544
399.432
400.851
404.243
398.815
404.904
408.427
407.749
414.924
410.077
410.821
409.61
406.434
404.222
403.547
404.163
404.693
405.637
405.832
406.665
404.989
403.674
401.791
406.559
403.68
404.882
406.652
400.039
402.751
405.526
406.297
407.1
402.781
407.371
408.551
405.108
406.046
403.814
404.293
405.609
401.116
405.71
402.939
405.334
407.193
404.192
402.486
400.711
401.152
401.134
405.381
404.335
404.193
403.108
402.644
403.87
405.335
403.7
403.888
404.517
403.709
405.46
402.044
400.784
403.684
403.48
401.778
403.941
403.417
402.425
403.501
403.642
404.976
401.621
405.734
403.434
402.838
406.281
402.779
403.479
408.098
404.296
401.679
402.865
404.124
404.687
402.43
402.915
403.589
403.228
406.202
405.971
406.854
405.946
404.442
401.052
405.976
404.484
405.062
405.808
404.111
403.435
403.503
401.664
405.731
403.918
403.634
401.986
408.862
408.08
404.643
404.495
402.706
405.368
403.41
405.06
405.023
403.75
402.009
402.066
402.435
400.76
401.061
401.215
403.17
400.84
404.103
401.48
402.209
405.651
401.855
401.818
401.29
401.413
406.611
406.003
404.085
400.627
400.82
401.369
401.392
404.989
404.538
403.612
400.957
402.309
401.725
401.97
402.613
407.555
406.584
404.825
401.463
402.245
403.077
406.142
402.757
399.98
400.922
404.912
402.155
403.651
403.594
404.661
400.676
404.845
406.553
402.313
403.067
403.203
400.596
401.355
402.661
402.08
404.319
403.547
403.531
406.149
404.703
403.247
402.249
404.205
404.649
402.908
405.325
402.806
403.267
402.871
405.266
401.189
405.093
405.151
404.6
405.345
406.477
405.599
405.3
404.615
404.354
404.45
405.661
406
402.428
403.835
407.271
405.374
409.93
407.474
405.829
408.866
406.806
407.664
406.716
406.922
405.028
407.211
407.384
408.137
405.087
408.268
403.678
403.368
402.389
404.015
407.309
406.007
407.602
403.701
402.831
406.61
404.389
404.919
403.407
401.87
405.004
406.069
403.152
406.051
407.394
406.869
403.751
406.061
403.73
407.81
406.674
405.699
402.496
407.239
408.489
408.195
405.167
406.112
404.664
405.584
404.503
400.691
404.405
404.58
405.664
404.396
405.019
407.09
406.371
405.394
405.811
406.323
405.233
402.445
402.084
402.881
403.904
403.644
402.466
405.39
406.794
405.159
405.125
404.151
405.365
406.208
406.859
402.675
405.116
405.286
402.848
402.267
403.724
405.373
403.402
408.028
407.104
407.762
409.732
404.765
404.411
407.611
404.65
404.863
407.222
406.174
403.376
405.933
404.523
401.518
403.573
402.809
402.631
402.571
403.423
405.528
401.78
404.788
402.167
400.906
403.185
404.44
408.341
402.906
405.441
403.758
403.123
402.32
402.41
401.973
404.504
404.039
404.45
404.964
406.695
410.486
406.718
407.951
411.82
409.698
407.336
412.167
413.731
414.568
414.713
410.458
406.182
406.076
405.978
408.046
407.286
407.473
404.964
406.897
406.395
408.142
411.497
412.099
409.013
407.668
403.884
405.585
407.793
406.781
409.506
406.562
406.806
406.573
410.104
405.537
408.774
409.556
409.274
408.576
406.911
407.523
408.58
407.752
407.897
406.116
409.452
408.377
408.656
410.116
407.41
408.609
410.713
407.278
408.6
408.751
408.017
410.374
416.055
414.893
411.446
413.648
411.952
413.773
411.369
413.347
410.064
410.603
408.499
405.006
409.824
411.781
408.767
407.385
403.429
407.257
409.64
408.052
410.539
410.484
408.628
409.652
409.634
408.664
410.119
410.604
410.35
408.9
406.333
404.52
408.415
408.352
405.701
406.552
403.171
404.665
404.881
406.22
405.738
401.837
406.293
403.622
403.702
405.009
406.261
409.417
405.806
404.049
401.847
404.739
402.056
403.182
406.012
405.5
404.977
403.14
405.266
410.359
405.698
410.179
407.978
405.388
402.45
404.107
404.768
404.299
402.343
403.699
405.912
405.87
407.765
406.386
409.549
409.86
408.359
408.006
407.908
407.378
406.022
404.123
409.376
411.681
403.36
407
405.288
404.574
404.602
404.662
404.522
403.86
405.648
406.494
404.661
404.166
407.269
404.64
405.762
405.444
404.72
404.412
404.37
404.641
405.139
404.879
402.069
404.856
402.122
408.277
406.155
404.631
405.478
406.209
401.759
402.78
403.162
401.212
403.569
404.759
404.783
408.073
407.627
406.577
403.99
404.337
403.013
405.107
402.823
404.37
403.579
405.617
405.279
402.133
404.402
404.907
405.644
404.785
405.838
405.004
402.887
402.174
403.77
402.511
403.075
404.349
405.916
404.424
402.82
405.083
403.514
404.717
404.327
407.293
409.087
406.23
408.051
410.023
407.03
404.855
403.516
403.116
403.592
403.662
405.731
404.526
410.323
407.055
406.009
405.145
409.161
405.73
403.366
404.412
404.822
403.504
405.708
405.141
403.726
402.767
402.278
408.67
406.343
406.668
405.345
407.483
404.665
408.54
408.563
409.738
405.178
405.159
404.725
401.124
403.917
405.382
404.475
401.657
403.118
402.628
403.881
402.711
404.697
401.398
402.996
403.683
407.226
403.796
404.617
401.902
403.814
403.602
401.283
403.082
402.061
403.627
403.579
402.767
405.71
403.949
404.664
400.837
405.184
402.122
404.377
404.963
407.381
401.619
401.345
412.051
412.871
410.674
410.169
406.564
406.288
408.996
405.602
400.402
406.754
408.32
408.925
407.32
404.309
402.235
403.777
404.129
407.664
401.999
404.809
402.257
403.721
405.709
404.042
405.462
407.977
405.528
403.79
403.855
404.888
407.386
403.653
403.634
403.145
405.161
402.726
402.151
402.524
403.578
404.609
407.228
407.623
407.862
409.209
405.432
406.792
405.695
405.086
406.181
407.531
405.14
405.337
403.508
406.07
402.352
404.576
405.886
406.321
404.794
402.669
404.355
404.836
405.4
405.385
404.617
404.964
407.149
406.911
407.347
405.197
403.87
405.439
402.995
403.476
406.687
404.877
404.168
404.212
405.613
402.42
404.485
402.7
404.315
404.592
406.409
405.966
402.817
404.95
402.448
406.402
401.239
403.075
404.95
405.327
405.79
406.519
405.043
404.329
402.798
406.461
408.141
410.798
405.806
404.504
402.185
402.177
402.004
400.146
400.033
399.943
402.97
400.191
402.447
403.695
403.935
402.289
403.707
402.149
400.991
404.21
408.403
405.248
402.58
401.953
403.148
403.339
404.796
403.808
401.406
404.436
402.97
400.988
402.38
402.819
404.712
404.186
403.556
402.167
404.234
404.067
403.517
402.477
402.469
406.745
406.841
403.803
401.757
402.842
403.027
400.667
402.77
402.874
404.473
401.105
402.928
404.592
405.125
403.649
402.247
402.228
400.615
401.777
401.612
401.115
402.639
400.95
402.146
399.805
402.918
403.29
400.184
401.342
397.294
401.129
400.853
403.829
404.336
406.908
406.717
404.309
402.473
405.023
402.221
404.786
401.615
398.616
403.374
402.595
400.683
403.341
403.796
402.95
402.841
401.435
403.312
405.955
401.395
403.107
401.018
404.089
401.314
407.472
407.467
405.596
401.195
401.479
401.809
403.58
401.368
405.596
404.735
405.036
404.221
402.138
403.169
401.617
404.285
401.385
399.686
402.648
403.01
403.24
404.382
404.388
403.653
400.246
399.95
408.838
406.041
406.444
403.701
402.437
405.101
408.51
411.497
406.765
402.208
404.078
406.041
405.031
407.112
404.512
404.415
403.165
402.251
402.783
400.815
400.393
397.322
402.18
399.251
399.515
398.545
400.053
400.039
400.073
401.16
404.329
404.897
400.612
400.166
401.481
401.563
402.876
402.376
400.519
402.462
404.062
400.328
400.514
400.392
400.521
400.902
401.141
401.655
401.264
402.976
402.973
405.708
401.679
401.496
403.601
401.51
401.209
402.037
402.726
402.265
397.338
402.356
401.73
400.563
402.289
406.067
402.07
401.489
401.272
404.749
404.107
399.673
399.604
401.251
399.818
399.152
401.611
401.858
403.535
401.471
401.391
409.282
405.724
399.507
400.488
401.468
399.728
400.258
400.482
402.064
402.567
400.74
399.347
399.176
398.926
399.558
401.873
402.398
399.819
404.169
403.613
402.485
402.465
404.248
400.568
402.137
401.877
404.113
401.879
401.173
404.993
402.319
401.1
402.771
399.629
400.343
400.651
403.876
408.752
400.043
404.326
405.186
403.019
401.1
402.671
398.544
402.539
401.101
403.224
408.927
405.224
403.431
403.832
404.861
402.443
399.977
403.767
402.523
403.009
402.189
406.795
406.605
404.469
402.308
404.922
404.338
401.013
399.53
403.024
405.033
404.26
404.473
399.687
405.463
403.415
401.193
404.265
407.871
405.292
403.17
404.447
405.13
402.867
400.944
401.811
404.272
403.387
399.982
400.782
400.867
402.854
404.062
402.951
402.544
403.174
402.177
402.743
405.341
402.488
403.701
404.347
404.448
406.694
404.878
401.302
403.356
402.421
403.839
398.906
400.307
402.422
401.324
401.953
399.234
399.475
399.35
398.001
401.83
401.205
404.876
403.003
402.715
399.454
401.1
401.768
400.643
401.572
404.098
399.81
401.623
401.584
397.583
399.859
400.064
399.825
398.473
400.455
403.694
403.08
402.015
403.187
399.5
398.686
401.827
401.447
403.256
400.549
400.386
398.376
399.517
402.014
399.955
399.774
396.722
400.337
397.748
401.4
404.714
400.308
402.402
402.79
395.719
398.373
398.03
401.638
399.262
400.652
399.106
398.523
401.552
398.074
396.078
397.818
399.586
399.382
397.74
396.787
397.771
399.098
401.496
401.184
401.572
399.431
397.264
400.174
396.069
398.198
400.905
399.58
397.411
402.165
401.862
398.883
399.879
398.263
399.67
400.727
400.342
401.227
402.109
400.911
399.287
401.109
399.081
398.408
397.214
401.276
397.51
399.023
399.77
399.25
399.188
398.265
401.445
398.533
399.688
403.158
403.194
406.756
400.878
396.899
398.146
398.085
396.257
398.92
397.629
399.034
400.538
397.749
398.666
400.249
400.291
400.496
400.863
397.142
396.926
396.598
396.719
400.347
397.819
398.641
395.773
396.613
397.649
396.28
399.138
397.365
396.86
397.722
396.644
396.705
395.003
396.775
398.554
398.673
400.398
397.119
397.203
396.209
399.9
400.826
403.832
399.182
398.472
398.144
397.26
398.239
400.942
399.59
396.97
398.057
397.377
400.745
400.452
398.926
401.751
402.107
402.91
402.28
405.365
398.892
400.046
398.576
397.638
400.438
401.528
400.268
399.752
397.133
397.954
399.262
400.526
398.235
401.564
402.111
401.053
399.665
398.141
401.137
399.04
400.423
401.936
401.04
398.642
400.856
400.653
399.02
397.775
396.936
399.638
397.812
396.063
398.532
399.782
396.562
400.873
400.128
398.452
398.982
400.54
396.775
399.359
399.747
401.802
399.294
401.87
407.381
402.162
404.456
401.233
400.608
401.941
400.38
403.715
404.829
404.408
398.641
402.641
400.188
402.611
402.962
406.663
404.838
406.175
406.031
403.717
401.769
399.687
403.452
399.408
399.929
402.463
400.006
401.835
401.771
400.848
397.232
401.059
402.667
400.064
403.356
400.77
403.576
400.423
397.835
399.612
401.331
404.331
405.751
402.805
400.731
403.341
403.546
398.861
401.686
403.508
400.727
399.422
400.661
398.434
401.423
399.259
400.209
400.154
403.513
403.928
402.706
402.216
399.515
393.446
396.704
396.851
395.372
402.409
398.141
397.078
396.386
397.585
397.884
399.427
399.925
400.102
396.239
397.791
397.462
401.31
399.672
396.819
401.068
397.058
396.223
397.776
393.734
394.935
399.086
398.754
392.192
399.948
398.688
397.873
397.152
397.734
399.693
401.619
396.395
398.012
395.581
399.339
401.158
397.557
397.763
397.593
398.28
396.312
395.27
396.735
395.109
397.888
399.362
400.034
396.529
396.422
396.902
399.776
394.889
397.514
395.501
398.232
395.146
398.71
399.891
398.515
396.752
398.407
398.245
397.705
395.368
398.735
398.529
396.757
396.332
397.803
397.198
396.529
397.9
396.379
395.983
399.375
400.307
400.044
401.567
399.647
400.103
397.254
398.769
397.565
398.682
395.988
398.516
396.845
395.415
397.557
399.21
402.317
400.23
399.836
398.227
397.74
397.156
397.483
400.85
395.688
403.269
400.175
397.735
400.73
398.53
397.776
396.526
399.807
399.282
401.105
398.487
395.564
400.447
399.331
401.662
400.876
400.213
399.073
399.688
397.663
396.124
396.522
398.821
399.161
399.705
397.727
398.178
398.98
398.385
399.223
398.653
400.091
401.425
398.412
396.177
396.698
397.851
399.607
397.678
400.453
400.925
399.75
398.861
398.654
398.942
399.056
404.034
400.824
397.268
396.837
396.94
398.355
397.39
398.349
397.737
398.563
396.238
393.771
395.729
398.095
397.187
397.86
400.412
394.995
399.112
398.507
398.966
399.468
401.053
402.007
401.292
401.15
396.913
397.395
400.292
398.492
399.918
398.092
396.637
399.436
398.889
396.821
396.731
396.591
397.508
399.152
396.219
400.327
398.853
398.59
399.366
399.862
397.617
401.581
400.518
400.663
399.66
398.485
395.938
397.501
396.226
396.715
398.801
397.492
396.994
395.693
399.012
399.156
400.39
399.156
399.048
399.76
397.532
395.788
395.702
397.13
396.94
397.962
397.834
398.147
400.031
397.711
396.782
402.617
399.934
398.366
397.93
400.244
399.308
398.126
397.266
398.768
397.323
399.148
395.511
400.029
401.585
398.944
399.833
398.294
396.828
396.295
399.317
398.673
396.181
395.971
394.935
394.655
396.117
397.11
399.854
397.239
394.362
402.768
400.521
400.55
400.794
401.35
399.817
398.862
397.59
399.035
402.257
403.462
401.839
399.811
402.122
402.766
400.639
400.927
399.152
398.572
400.192
399.194
400.461
399.541
399.903
401.412
401.674
398.831
398.792
398.734
399.729
400.947
403.131
399.68
397.681
396.369
398.244
398.402
400.397
397.1
397.277
400.906
398.654
399.559
396.579
398.548
399.017
397.391
400.56
398.61
401.175
397.954
399.917
401.116
399.332
399.679
399.252
397.034
399.028
399.378
400.472
399.648
400.058
402.619
399.559
399.383
397.833
395.472
397.46
396.085
398.569
395.992
395.192
396.958
395.195
399.055
401.668
401.436
397.825
403.445
401.074
398.971
398.378
398.478
398.425
398.981
399.433
396.367
396.271
395.701
396.951
395.652
398.689
397.697
395.28
396.642
395.686
398.566
400.012
398.657
398.215
399.79
397.525
399.347
397.593
397.21
397.935
397.549
399.228
396.433
401.302
398.097
400.01
400.832
402.226
400.603
397.29
398.104
396.502
398.886
402.349
401.3
397.538
399.502
398.408
399.383
397.756
399.472
399.263
399.077
397.538
399.994
400.455
397.826
395.88
399.443
395.251
397.926
396.97
398.999
398.866
396.172
394.652
395.88
397.399
398.183
399.644
399.348
399.5
396.016
397.051
396.001
397.23
397.846
398.129
398.317
396.705
394.877
396.723
394.4
395.938
398.303
398.465
397.225
401.81
398.107
395.402
397.006
396.494
399.712
396.85
396.251
398.886
395.254
396.321
395.697
393.213
398.18
394.905
398.903
395.125
394.369
393.933
394.166
394.308
400.153
397.489
394.535
395.55
397.662
395.714
397.577
393.947
398.086
395.923
394.795
397.995
405.117
407.127
405.995
399.775
398.835
399.681
401.356
398.19
398.823
399.839
399.04
398.337
404.438
402.456
398.459
399.777
399.61
400.587
400.561
398.307
397.881
399.91
399.523
400.762
398.604
399.684
400.394
398.535
399.085
398.298
399.81
399.579
399.036
397.704
400.452
401.015
398.922
401.549
397.673
399.217
402.914
406.016
404.165
399.237
399.586
396.232
400.176
398.043
401.23
398.441
399.469
398.807
397.763
399.228
398.052
396.277
397.404
397.467
399.139
398.672
399.589
396.247
396.275
397.197
400.41
397.698
400.518
402.963
400.978
404.309
399.06
398.478
397.874
398.281
397.218
397.877
398.08
394.693
399.424
398.896
394.653
397.627
395.733
397.999
399.347
399.873
397.482
397.014
397.308
399.991
396.84
397.22
397.875
398.331
399.775
401.39
397.17
397.469
398.784
394.551
395.179
396.605
396.628
399.325
401.234
404.31
401.937
398.757
399.233
397.359
396.492
397.011
398.51
396.703
398.01
398.703
398.979
397.71
398.52
400.028
399.246
397.54
399.234
402.028
397.635
396.871
394.017
395.585
393.604
397.19
394.138
396.282
394.745
397.006
397.376
393.975
394.569
394.562
390.809
394.659
396.374
394.488
394.12
396.432
395.668
396.745
394.082
391.998
390.772
393.573
393.958
393.559
397.637
393.521
396.499
392.69
391.541
396.191
392.519
393.981
393.087
393.364
394.592
393.02
397
395.814
397.011
395.64
394.367
397.105
398.02
392.563
392.453
393.488
397.721
392.601
392.693
394.559
395.311
391.874
395.696
394.289
397.647
391.119
393.522
396.26
394.176
395.81
392.646
396.009
395.537
392.493
393.148
392.066
394.644
395.077
394.253
394.112
394.384
391.722
394.104
395.146
396.845
396.636
396.664
396.678
394.582
396.747
392.764
395.184
396.274
393.938
394.086
399.314
397.031
397.388
397.526
396.122
395.353
394.803
393.669
394.546
393.313
392.913
396.253
395.645
394.381
395.511
393.66
395.415
396.637
394.526
396.781
398.143
396.292
397.692
395.703
395.253
394.1
394.588
396.705
394.9
392.012
395.639
394.5
394.562
394.325
396.294
395.471
397.678
396.561
399.731
394.028
392.409
392.585
396.164
393.201
394.445
393.469
392.932
394.35
392.492
394.74
397.716
397.038
394.586
394.609
394.029
394.912
396.639
395.765
393.596
392.648
396.142
396.739
393.04
393.573
391.253
394.379
393.879
394.11
391.827
393.469
394.862
397.244
397.568
397.69
397.384
394.473
394.465
393.409
393.475
394.174
395.973
395.059
394.141
394.46
394.361
394.541
395.505
394.263
393.875
394.584
395.028
395.155
395.685
394.716
392.176
392.029
393.909
394.641
395.035
392.606
394.365
399.918
397.024
394.312
393.825
394.506
393.528
392.621
393.916
394.342
394.242
395.156
394.618
394.936
391.537
392.938
394.329
392.896
393.489
396.025
396.781
397.304
394.721
395.666
398.405
394.516
394.729
396.156
395.453
395.207
396.956
396.704
395.602
394.476
395.389
396.668
395.165
395.347
396.632
395.107
392.924
394.34
396.192
394.813
395.569
395.956
394.438
392.561
394.929
391.934
393.593
392.755
395.756
395.712
391.966
395.709
392.345
394.127
390.178
393.887
392.944
393.039
392.399
393.613
394.81
394.005
394.154
396.418
393.501
394.262
396.771
395.22
395.448
392.695
391.871
394.257
395.737
392.713
391.881
393.765
393.777
395.212
393.753
395.372
392.956
393.214
396.801
393.605
393.73
394.389
396.683
396.167
396.695
395.179
393.22
392.467
394.352
395.246
396.921
393.453
397.16
395.255
395.924
395.595
395.037
395.451
395.314
393.321
393.096
394.595
392.118
395.154
395.709
394.689
397.939
396.578
391.76
392.953
394.004
398.484
396.88
392.813
394.96
394.817
394.709
395.407
394.553
396.637
395.778
395.885
398.452
396.482
392.863
392.183
391.638
393.671
397.05
396.154
396.818
395.289
394.029
392.996
395.705
394.947
394.06
394.38
392.253
394.388
393.829
394.718
394.209
391.962
392.561
394.575
395.739
394.772
392.209
391.6
393.38
397.017
395.44
394.947
394.238
395.956
395.1
394.032
397.639
398.999
393.503
397.379
393.531
393.02
392.695
394.862
396.006
396.538
395.206
393.393
394.327
393.449
394.699
395.763
395.882
394.713
394.557
393.474
392.593
394.372
396.31
392.399
390.504
393.342
392.354
391.02
397.155
390.449
393.204
395.502
396.534
396.355
395.68
393.907
392.583
392.419
398.226
394.191
393.7
392.558
394.348
393.383
393.962
396.351
395.588
394.292
394.506
395.285
397.807
395.201
393.497
394.636
396.46
392.459
393.445
391.181
394.317
392.062
394.347
393.189
392.33
393.634
394.478
395.99
394.906
394.873
392.125
398.145
395.945
396.866
395.354
399.048
397.092
396.861
395.873
394.381
395.767
394.573
396.852
394.122
400.459
399.414
397.727
396.584
396.942
395.783
399.731
395.786
394.827
397.904
397.779
398.462
392.441
396.923
396.604
395.411
394.616
394.827
395.164
396.307
394.826
393.831
397.966
397.516
396.033
392.983
395.237
393.944
396.212
394.751
396.083
396.82
396.328
394.728
396.797
397.55
394.439
398.426
395.93
397.688
395.761
396.238
398.364
394.534
397.631
394.307
395.249
392.243
395.986
395.901
396.314
395.275
392.961
395.283
393.461
398.325
395.886
395.427
398.906
396.623
390.711
395.777
391.148
394.866
396.448
397.666
396.239
395.408
395.133
396.012
396.355
395.523
392.742
392.008
394.784
395.349
395.507
396.185
395.133
393.607
397.033
394.999
395.536
394.794
395.028
397.404
397.584
398.556
395.496
394.399
394.91
394.395
394.353
393.228
394.928
396.069
395.275
397.875
394.635
395.751
393.25
393.835
396.219
397.28
397.761
395.617
395.34
395.786
395.634
396.082
394.249
397.603
393.795
394.097
396.021
396.956
396.769
396.739
395.163
395.159
395.75
397.215
397.767
398.292
395.132
395.998
395.108
395.995
393.716
399.567
397.108
398.074
395.474
395.983
394.418
393.29
394.236
393.638
395.631
394.804
398.406
395.942
397.165
396.072
396.699
398.496
396.711
395.043
393.547
395.337
399.997
395.856
397.957
394.525
395.204
393.21
392.565
395.628
394.748
397.965
393.013
394.447
395.442
397.256
396.707
395.552
394.408
392.511
393.711
395.37
395.337
397.017
395.424
395.747
397.365
394.515
395.403
394.76
393.926
396.956
393.545
397.377
397.889
397.877
396.463
397.949
398.032
400.142
397.623
393.513
395.835
398.187
397.333
398.39
397.448
398.705
396.327
396.913
394.674
394.635
394.1
393.636
396.373
395.764
395.591
396.357
397.748
397.691
396.415
392.754
398.109
393.791
395.032
395.181
398.114
395.837
395.137
393.57
396.715
396.429
397.136
395.414
394.188
395.881
395.541
396.274
396.755
396.376
396.866
394.43
395.911
395.502
394.473
397.428
395.701
395.161
395.5
396.517
399.247
394.388
395.457
395.022
394.081
398.857
396.552
394.061
396.929
398.241
395.911
398.445
396.984
397.058
394.722
394.734
394.18
395.724
398.442
396.6
397.986
392.777
394.712
396.326
393.099
397.021
396.308
397.615
395.041
396.611
395.885
397.757
396.836
393.301
394.717
395.631
397.924
395.296
397.073
398.101
398.448
398.344
396.305
395.66
395.125
395.831
395.26
397.333
394.91
398.37
396.831
397.538
393.194
396.772
395.966
396.088
395.336
394.716
396.69
394.04
395.582
397.758
397.246
395.612
393.824
394.162
392.464
392.703
394.288
393.816
395.658
394.326
394.06
392.779
396.276
397.607
395.813
396.102
395.046
394.665
394.79
395.19
395.646
395.529
393.603
394.196
394.667
393.786
395.409
394.912
394.615
394.84
392.428
396.852
395.716
397.935
397.106
395.466
397.276
396.794
396.027
396.815
396.807
396.57
395.168
395.35
393.176
397.018
395.546
396.008
394.358
394.497
395.469
394.785
394.523
391.25
393.691
396.079
396.778
397.735
394.713
396.524
395.226
394.823
399.291
397.843
397.322
396.717
395.77
392.691
394.63
395.214
391.406
391.879
394.612
393.733
395.073
393.125
392.058
391.311
395.854
390.387
393.629
391.955
397.439
394.638
395.09
395.462
394.177
394.955
394.321
395.406
398.409
395.123
392.405
395.429
395.845
396.538
397.746
396.56
396.321
395.667
397.709
396.877
395.17
397.611
394.117
394.802
396.107
392.778
395.959
394.447
395.267
395.599
395.386
396.404
396.445
396.132
395.942
395.567
396.256
393.426
395.296
396.99
396.23
394.845
393.352
393.761
395.335
397.31
395.163
396.113
396.227
392.726
396.193
394.422
393.537
397.168
396.968
393.97
394.47
394.027
393.098
392.712
393.972
396.408
395.137
392.208
394.303
394.647
396.386
395.063
396.713
393.25
396.261
393.838
396.021
395.164
393.14
392.098
393.502
397.175
393.81
391.499
389.769
395.977
394.875
394.269
395.463
396.612
393.691
395.451
392.622
395.297
395.182
399.082
395.138
397.023
396.977
395.867
399.765
400.592
395.928
395.709
394.209
392.43
394.543
398.604
396.411
397.208
395.746
394.995
395.117
394.953
394.797
394.565
397.71
395.628
397.917
397.957
391.755
396.609
395.532
395.454
397.587
392.932
393.818
397.39
397.903
396.213
393.749
392.456
392.482
394.684
397.983
394.833
394.768
396.671
395.65
395.148
395.143
396.373
394.009
395.77
395.314
393.432
394.63
395.385
396.16
396.898
396.149
395.827
396.483
395.667
394.087
396.95
394.981
393.163
394.886
395.253
393.153
394.05
392.284
393.765
395.814
395.754
394.709
392.899
388.759
393.397
394.508
394.431
397.109
393.452
392.745
393.3
395.205
392.987
394.714
394.671
394.337
393.77
397.301
397.421
396.451
394.652
396.258
397.37
393.588
389.678
393.405
399.307
399.29
393.521
390.962
394.885
395.14
392.306
394.198
396.888
398.899
395.253
393.455
395.804
392.964
392.101
394.379
393.643
395.205
397.025
395.484
393.375
391.123
394.685
395.338
395.149
394.34
393.105
395.511
395.322
391.501
393.321
392.839
396.862
393.909
392.955
396.746
396.361
397.666
394.479
394.962
395.125
397.009
397.683
397.206
399.021
397.95
394.896
396.686
395.34
397.014
395.363
394.591
396.781
398.057
398.376
396.959
393.848
395.259
393.568
393.193
393.921
393.923
395.171
394.255
395.238
397.16
395.956
395.175
396.449
392.895
392.787
392.777
394.228
392.782
395.531
393.84
395.884
393.914
393.629
395.006
395.001
393.573
397.094
395.163
397.862
399.066
393.681
392.757
396.689
394.793
393.641
393.526
391.837
394.291
393.121
395.376
392.589
395.683
393.15
391.994
393.778
395.158
394.473
394.967
394.623
391.58
395.785
395.261
394.013
397.147
394.19
392.515
393.1
396.031
394.031
394.888
393.487
394.465
393.995
394.256
393.922
395.261
394.418
398.625
396.075
397.075
394.45
393.175
392.281
394.556
391.697
393.069
395.082
393.701
392.432
392.491
393.784
394.837
394.499
392.518
391.51
394.006
394.178
395.298
393.743
392.182
392.311
391.125
391.955
391
389.127
390.166
392.736
393.655
391.835
397.528
396.434
393.241
392.595
395.258
395.239
392.862
395.134
392.971
391.927
394.382
395.619
393.07
393.617
397.148
395.332
396.221
392.176
391.622
391.752
393.745
393.109
394.832
389.973
392.215
390.398
394.525
394.934
392.6
394.866
389.609
394.943
390.331
392.104
393.803
392.94
396.415
396.417
390.694
395.216
390.38
392.805
390.83
390.019
391.207
394.306
393.904
394.402
391.649
392.02
394.483
396.035
394.586
394.34
394.166
393.29
393.414
394.543
393.358
392.757
394.458
392.822
391.124
393.071
393.847
394.597
394.513
389.005
392.853
392.874
392.542
392.902
395.31
393.598
394.769
395.115
392.117
391.787
390.811
391.323
389.043
391.36
393.57
398.2
396.945
394.943
394.495
395.015
397.018
394.302
395.136
393.888
393.98
395.892
396.452
394.408
395.956
395.634
391.505
395.377
395.204
395.757
393.258
397.083
396.109
397.655
396.761
394.535
395.714
393.159
396.132
397.334
393.564
395.038
395.938
395.054
394.891
394.146
396.062
391.175
391.24
394.172
393.936
393.779
391.542
395.034
397.489
391.228
397.81
393.262
393.963
395.424
393.458
396.668
394.331
390.517
391.948
393.748
394.9
395.567
392.443
394.746
395.806
398.868
394.457
393.387
393.82
392.851
393.575
392.459
392.639
392.429
392.369
393.864
395.179
392.141
392.762
395.219
393.076
392.371
395.095
394.228
393.617
393.499
392.342
393.029
391.466
392.448
392.085
393.581
396.307
392.812
393.461
394.479
395.7
393.696
391.644
394.054
392.767
392.54
390.729
391.028
392.214
391.545
392.56
391.541
392.108
391.668
395.16
391.524
389.851
395.081
391.258
393.844
397.492
397.5
392.174
395.589
394.197
395.812
391.9
391.865
390.454
389.458
392.476
388.583
389.454
391.818
389.884
392.629
395.032
393.421
392.745
391.541
392.53
394.076
391.139
393.283
393.962
391.827
394.769
396.077
390.549
393.965
392.871
391.044
393.044
393.456
392.644
394.597
393.127
393.916
392.315
393.83
392.575
390.831
390.344
392.189
394.66
392.879
393.404
390.337
392.522
391.136
393.608
393.637
393.824
391.293
390.297
391.186
392.141
393.756
390.451
391.441
389.343
393.105
392.471
393.111
393.031
394.623
389.416
390.957
393.596
392.347
395.626
393.034
389.504
390.088
392.825
394.352
390.415
392.648
394.623
393.386
392.069
391.469
391.245
393.382
394.463
392.59
391.203
394.9
393.457
393.481
393.169
392.873
391.771
396.705
391.707
393.124
391.023
391.889
390.764
393.793
391.549
395.911
393.083
394
393.974
393.738
395.21
394.067
393.792
389.649
397.311
393.61
391.847
394.142
392.499
393.991
391.809
394.583
392.926
392.971
390.924
390.78
389.514
393.428
394.566
392.905
393.246
391.775
392.837
392.366
395.139
393.411
395.163
393.676
395.223
393.342
395.88
395.01
395.938
391.961
392.909
392.891
391.917
392.361
390.871
390.237
390.932
390.92
391.979
