469.238
447.104
404.13
363.472
327.75
318.765
288.485
279.494
275.464
258.567
261.489
251.918
255.199
251.413
245.637
247.959
242.515
242.724
237.639
236.773
233.821
231.17
231.645
231.505
230.804
227.04
230.738
229.09
230.449
229.206
230.043
220.415
225.59
211.418
213.681
213.929
213.929
212.686
213.111
212.686
213.85
213.66
210.632
213.85
213.85
214.323
214.68
214.808
208.966
206.478
207.003
210.665
210.665
210.665
210.665
210.434
210.548
209.73
210.114
209.243
209.856
209.856
209.856
209.625
206.946
209.243
209.856
209.856
209.856
209.856
209.856
209.856
209.625
209.856
209.856
205.183
205.183
209.359
209.359
209.359
209.359
206.946
207.537
209.359
209.359
209.359
204.686
204.454
204.686
204.686
204.686
204.632
204.632
204.686
204.248
204.454
204.4
204.686
204.632
204.686
204.632
204.686
204.686
204.686
204.686
204.686
204.632
204.686
204.454
204.686
204.686
204.686
204.686
204.686
204.072
204.686
202.273
204.686
204.686
204.632
204.686
204.686
204.686
204.686
204.686
204.686
204.686
204.686
204.686
204.686
204.072
204.686
204.686
204.454
204.632
204.686
204.686
204.686
204.632
204.686
204.454
204.248
204.686
204.686
204.686
204.632
204.686
204.686
204.686
204.454
204.686
204.686
204.686
204.401
204.686
204.686
204.072
204.632
204.686
204.686
204.686
204.686
204.686
204.686
204.686
204.686
204.686
204.454
204.686
204.686
206.046
210.082
205.881
207.446
207.446
207.009
207.285
205.814
206.909
207.328
207.087
207.328
207.328
205.814
207.328
207.328
207.328
207.328
207.328
207.097
205.814
207.254
206.68
207.328
207.328
207.328
207.254
205.814
206.812
207.328
207.328
207.328
207.087
206.01
206.251
207.087
207.082
207.087
207.087
207.087
207.087
207.087
207.087
206.855
207.087
207.087
207.087
206.871
207.087
207.087
207.087
206.858
207.087
207.087
207.899
208.12
208.12
206.554
207.087
206.175
207.894
207.894
205.952
207.082
206.005
207.082
207.082
207.082
207.082
207.082
207.082
207.082
205.517
206.005
207.082
207.082
207.082
207.082
205.517
207.082
207.082
207.082
206.005
207.082
207.082
207.082
207.082
207.082
207.082
205.517
207.082
207.082
207.082
205.19
207.082
206.005
207.082
207.082
207.082
207.082
205.517
207.082
207.082
206.851
207.082
207.082
207.082
206.005
207.082
205.19
207.082
205.568
207.082
207.082
207.082
207.082
207.082
205.517
207.082
207.082
207.082
207.082
206.851
207.082
207.082
207.082
207.082
207.082
207.082
207.082
206.811
207.082
207.082
207.082
207.082
206.851
206.851
205.336
205.285
205.517
204.208
204.44
204.208
204.44
204.44
204.44
204.44
204.44
204.44
204.44
204.386
204.44
204.44
204.208
204.44
204.44
204.44
204.44
204.44
204.44
204.44
204.44
204.44
204.386
204.002
204.44
204.44
204.44
204.44
204.208
204.44
204.44
204.44
204.44
204.44
204.44
204.44
204.44
204.44
204.44
204.44
204.44
204.44
204.44
204.44
204.44
204.44
204.44
204.386
204.44
204.44
204.44
204.44
204.44
204.386
204.44
204.44
204.44
204.44
204.44
204.44
204.386
203.952
204.44
204.44
204.44
204.208
204.44
204.44
204.44
204.44
204.44
204.44
204.44
204.44
204.44
204.44
204.44
204.44
204.44
204.44
204.44
204.44
204.44
204.44
204.386
204.208
204.44
204.44
204.208
204.44
204.44
204.44
204.44
204.44
204.44
204.44
204.386
204.44
204.44
204.44
204.44
204.44
204.44
204.44
204.44
204.44
204.386
204.44
204.44
204.208
204.208
204.208
204.44
204.44
204.44
204.44
204.44
204.44
204.44
204.208
204.002
204.208
205.132
204.44
204.391
204.569
204.569
204.566
204.569
204.728
204.728
203.533
204.317
204.728
205.156
205.156
205.156
205.156
204.501
204.29
204.994
205.156
205.156
205.156
204.501
204.868
204.868
204.868
204.868
204.868
204.868
204.636
204.868
204.868
204.868
202.027
202.027
203.533
204.44
204.44
204.44
204.44
204.44
204.44
204.44
204.44
204.44
202.027
204.44
204.44
204.44
204.44
204.44
204.44
204.44
204.386
204.44
204.44
204.44
204.44
204.002
204.208
204.44
204.44
204.208
204.44
204.44
204.44
204.44
204.072
204.44
204.44
204.44
204.44
204.44
204.208
204.386
204.386
204.44
204.44
204.44
204.208
204.44
204.44
204.44
204.44
204.44
204.44
204.208
204.44
204.44
204.44
204.44
204.44
203.533
204.44
204.44
204.44
204.44
204.44
203.533
204.44
204.44
204.44
204.44
204.44
204.44
204.44
204.208
204.386
202.027
204.386
204.386
204.386
204.386
204.386
204.386
204.386
204.386
204.386
204.154
203.479
204.386
204.386
204.154
204.386
204.386
204.386
204.386
204.386
203.479
204.386
204.386
204.386
203.77
204.386
204.386
204.386
204.386
204.386
204.386
204.154
204.386
204.386
204.386
204.386
204.386
204.386
204.386
204.386
204.386
204.386
204.386
204.386
205.078
205.078
205.078
205.564
205.564
205.078
205.078
205
205.564
205.564
205.564
205.564
204.876
205.564
205.564
205.564
205.078
205.564
205
205.564
205.564
204.876
205.527
205.564
205.564
204.872
205.564
205.498
205.564
205.564
205.118
205.118
205.564
205.564
205.564
205.564
205.564
204.391
205.564
205.564
205.564
205.564
205.078
205.564
205.564
205.564
205.564
205.564
205.564
207.554
207.958
205.078
207.921
205.564
207.27
206.785
207.27
207.266
206.785
206.898
206.785
206.785
206.785
206.785
205.593
206.785
206.785
206.785
206.785
206.23
206.785
206.785
206.785
206.785
204.757
206.413
206.413
206.413
206.413
204.019
206.413
204.137
206.413
204.019
206.413
206.413
206.413
206.413
206.413
206.413
206.413
206.413
206.413
206.413
206.413
206.413
206.413
204.019
206.181
206.181
206.181
206.181
206.181
206.177
204.019
203.787
206.181
206.181
206.181
205.641
206.181
206.181
206.181
206.181
206.181
204.338
206.181
206.181
206.177
206.181
206.181
206.181
206.181
206.065
206.181
206.181
205.641
206.181
206.181
203.787
206.181
206.181
206.181
206.181
205.201
207.477
206.181
207.477
207.477
207.477
204.337
206.181
206.181
206.181
206.181
206.177
206.177
206.177
206.181
206.181
203.787
203.787
203.787
203.787
203.787
203.787
203.787
203.787
203.787
203.787
205.353
203.787
205.353
205.353
205.353
205.353
205.353
205.353
205.353
205.353
205.353
205.353
205.353
205.353
205.353
205.353
205.353
203.787
205.353
205.353
205.353
205.353
205.353
204.813
204.813
205.353
205.353
205.353
205.353
205.353
205.353
205.353
205.353
205.353
204.335
205.353
205.353
205.353
205.353
205.353
205.353
205.353
205.353
205.353
205.353
205.353
205.353
205.353
205.353
205.353
205.353
205.353
203.787
205.353
205.353
203.787
203.403
204.969
204.969
203.403
204.969
204.969
204.969
204.969
204.969
204.969
204.969
204.969
204.969
204.969
204.969
204.969
204.969
204.969
204.429
204.591
204.969
204.429
204.969
204.429
202.994
204.969
204.429
204.969
204.969
204.969
204.969
204.969
204.969
203.403
204.969
204.969
203.769
204.969
204.969
202.994
204.969
204.969
204.969
204.969
204.969
204.969
204.969
204.969
204.591
204.969
204.969
204.969
204.969
204.591
204.969
204.969
204.969
204.969
204.969
204.763
204.969
204.969
204.969
204.969
204.969
204.467
204.969
204.958
204.969
204.969
204.969
204.969
204.969
202.994
204.969
204.969
204.969
204.969
204.969
202.994
204.969
203.403
204.969
204.969
204.969
204.591
204.969
204.969
204.969
204.969
204.969
204.969
204.969
204.969
204.969
204.969
204.969
204.969
204.969
204.591
204.969
204.969
204.969
204.969
204.969
203.403
204.591
204.591
204.591
204.591
203.026
203.026
203.026
203.026
203.026
201.428
202.486
203.026
203.026
203.026
203.026
203.026
203.026
203.026
203.026
203.026
203.026
203.026
203.026
203.026
203.026
203.026
203.026
203.026
203.026
203.026
203.026
203.026
203.026
203.026
203.026
203.026
203.026
203.026
203.026
203.026
203.026
203.026
201.428
203.026
203.026
203.026
203.026
203.026
203.026
202.486
203.026
201.428
203.026
203.026
203.026
203.026
203.026
203.026
203.026
203.026
203.026
203.026
203.026
203.026
203.026
202.083
203.026
202.041
203.026
203.026
203.026
203.026
201.428
203.026
203.026
203.026
203.026
203.026
203.026
203.026
203.026
203.026
203.026
203.026
203.026
203.026
203.026
201.428
203.026
203.026
201.428
203.026
203.026
202.486
203.026
202.486
203.026
203.026
203.026
201.428
203.026
203.026
203.026
203.026
203.026
203.026
203.026
203.026
203.026
203.026
203.026
203.026
203.026
203.026
203.026
203.026
203.026
203.026
203.026
202.852
203.026
201.428
203.026
203.026
201.428
201.428
201.924
203.026
203.026
203.026
203.026
202.903
203.026
203.026
203.026
203.026
203.026
201.428
202.486
202.486
203.026
203.026
203.026
203.026
203.026
201.428
203.026
203.026
203.026
203.026
203.026
203.026
203.026
203.026
203.026
203.026
202.486
203.026
203.026
203.026
203.026
203.026
203.026
201.428
203.026
203.026
203.026
203.026
203.026
203.026
203.026
203.026
201.428
203.026
203.026
203.026
203.026
203.026
201.428
203.026
203.026
203.026
203.026
203.026
203.026
203.026
203.026
203.026
203.026
203.026
202.486
202.486
202.486
202.486
202.486
202.486
202.486
202.486
202.486
202.486
202.486
202.486
202.486
202.486
202.486
202.486
202.486
202.486
202.486
202.486
202.486
202.486
202.486
202.486
202.486
202.486
202.486
202.486
202.486
202.486
202.486
202.486
202.486
202.486
202.486
202.486
202.486
202.486
202.486
202.486
202.486
202.486
202.486
202.486
202.486
201.922
202.486
202.486
202.486
202.486
202.486
202.486
202.486
202.486
202.486
202.486
202.486
202.486
202.486
200.888
202.486
202.486
202.486
202.486
202.486
202.486
202.486
202.486
202.486
202.486
202.486
201.546
202.486
202.486
202.486
202.486
202.486
202.486
202.486
202.486
202.486
202.486
200.888
200.888
202.486
202.486
202.486
202.486
202.486
202.486
202.486
200.888
202.486
202.486
202.486
202.486
202.486
202.486
202.486
202.486
202.486
202.486
200.888
202.486
202.486
202.486
202.486
202.486
202.486
202.486
202.486
202.486
202.486
202.486
202.486
202.486
202.486
202.486
202.486
202.486
202.486
202.486
202.486
202.486
202.486
202.486
200.888
202.486
202.486
202.486
202.486
202.486
202.486
202.215
202.486
202.486
200.888
202.486
200.888
202.486
202.486
202.486
200.888
202.486
202.486
202.486
200.888
202.486
202.486
202.486
202.486
202.486
202.486
202.486
202.486
202.486
200.888
200.888
202.486
202.486
202.486
202.486
202.486
202.486
202.486
202.486
202.486
202.486
202.486
202.486
202.486
202.486
200.888
202.486
202.486
200.888
202.486
202.486
202.486
202.486
202.486
203.026
203.026
203.026
203.026
203.026
203.026
203.026
203.026
201.66
203.026
203.026
203.026
203.026
201.428
203.026
201.428
203.026
203.026
201.428
201.428
203.026
203.026
203.026
203.026
202.486
203.026
203.026
203.026
203.026
203.026
203.026
203.026
203.026
203.026
203.026
203.026
203.026
201.428
203.026
203.026
203.026
203.026
203.026
203.026
203.026
203.026
202.486
201.428
202.486
202.486
202.486
202.486
202.486
200.888
202.486
202.486
202.486
202.486
202.486
201.428
202.486
202.486
202.486
202.486
202.486
202.486
202.486
202.486
202.486
202.486
202.486
202.486
202.486
202.486
202.486
202.486
202.486
202.486
202.486
202.486
202.486
202.486
202.486
200.888
202.486
202.486
202.486
202.486
202.486
202.486
202.486
202.486
202.486
202.486
202.486
202.486
202.486
202.486
202.486
202.486
202.486
202.486
200.888
200.888
200.888
200.888
200.888
200.888
200.888
200.888
200.888
200.888
200.888
200.888
200.888
200.888
200.888
200.888
200.888
200.888
200.888
200.888
200.888
200.888
201.905
203.28
200.888
203.28
203.28
200.888
200.888
200.888
200.888
200.888
200.888
200.888
200.888
200.888
200.888
200.888
200.888
200.888
200.888
200.888
200.888
200.888
200.888
200.888
200.888
200.888
200.888
200.888
200.888
200.888
200.888
200.888
200.888
200.888
200.888
200.888
200.888
200.888
200.888
200.888
200.888
200.888
200.888
200.888
200.888
200.888
200.888
200.888
200.888
200.888
200.888
200.888
200.888
200.888
200.888
200.888
200.888
200.888
200.888
200.888
200.888
200.888
200.888
200.153
200.888
200.888
200.888
200.888
200.888
200.888
200.888
200.888
200.888
200.888
200.888
200.888
200.888
200.888
200.888
200.888
200.888
200.888
200.888
200.888
200.888
200.888
200.888
200.888
200.888
200.888
200.888
200.888
200.888
200.888
200.888
200.888
200.888
200.888
200.888
200.888
200.888
200.888
200.888
200.888
200.888
200.888
200.888
200.888
200.888
200.888
200.888
200.888
200.888
200.888
200.888
200.888
200.888
200.888
200.888
200.888
200.888
200.888
200.888
200.888
200.888
200.888
200.888
200.888
200.888
200.888
200.888
200.888
200.888
200.888
200.888
200.888
200.888
200.888
200.888
200.888
200.888
200.888
200.888
200.888
200.888
200.888
200.888
200.888
200.888
200.888
200.888
200.888
200.888
200.888
200.888
200.888
200.888
200.888
200.888
200.888
200.888
200.888
200.888
200.888
200.888
200.888
200.888
200.888
200.888
200.888
200.888
200.617
200.888
200.888
200.888
200.888
200.888
200.888
200.888
200.888
200.888
200.888
200.888
200.888
200.888
200.888
200.888
200.888
200.888
201.924
200.888
201.924
201.924
201.924
201.428
201.924
201.428
201.924
201.924
201.924
201.924
201.924
201.924
201.924
201.428
201.924
201.924
201.924
201.924
201.546
201.12
200.888
201.546
201.924
201.924
201.924
201.428
201.428
200.888
201.428
201.428
201.428
200.888
201.428
201.428
201.428
201.428
200.888
201.428
201.428
200.888
200.888
200.888
200.888
200.888
200.888
200.888
200.888
200.888
200.888
200.888
200.888
200.888
200.888
200.888
200.888
200.888
201.428
200.888
200.888
200.888
200.888
200.888
200.888
200.888
200.888
200.888
200.888
200.888
200.888
200.888
200.888
200.888
200.888
200.888
200.888
200.888
200.888
200.888
200.888
200.888
200.888
200.888
200.888
200.888
200.888
200.888
200.888
200.888
200.888
200.888
200.888
200.888
200.888
200.888
200.888
200.888
200.888
200.888
200.888
200.888
200.888
200.888
200.888
200.888
200.888
200.888
200.888
200.888
200.888
200.888
200.888
200.888
200.888
200.888
200.888
200.888
200.888
200.888
200.888
200.888
200.888
200.888
200.888
200.888
200.888
200.888
200.888
200.888
200.888
200.888
200.888
200.888
200.888
200.888
200.888
200.888
200.888
200.888
200.888
200.888
200.888
200.888
200.888
200.888
200.888
200.888
200.888
200.888
200.888
200.888
200.888
200.888
200.888
200.888
200.888
200.888
200.888
200.888
200.888
200.888
200.888
200.888
200.888
200.888
200.888
200.888
200.888
200.888
200.888
200.888
200.888
200.888
200.888
200.888
200.888
200.888
200.888
200.888
200.888
200.888
200.888
200.888
200.888
200.888
200.888
200.888
200.888
200.888
200.888
200.888
200.888
200.888
200.888
200.888
200.888
200.888
200.888
200.888
200.888
200.888
200.888
200.888
200.888
200.888
200.888
200.888
200.888
200.888
200.888
200.888
200.888
200.888
200.888
200.888
200.888
200.888
200.888
200.888
200.888
200.888
200.888
200.888
200.888
200.888
200.888
200.888
200.888
200.888
200.888
200.888
200.888
200.888
200.888
200.888
200.888
200.888
200.888
200.888
200.888
200.888
200.888
200.888
200.888
200.888
200.888
200.888
200.888
200.888
200.888
200.888
200.888
200.888
200.888
200.888
200.888
200.888
200.888
200.888
200.888
200.888
200.888
200.888
200.888
200.888
200.888
200.888
200.888
200.888
200.888
200.888
200.888
200.888
200.888
200.888
200.888
200.888
200.888
200.888
200.888
200.888
200.888
200.888
200.888
200.888
200.888
200.888
200.888
200.888
200.888
200.888
200.888
200.888
200.888
200.888
200.888
200.888
200.888
200.888
200.888
200.888
200.888
200.888
200.888
200.888
200.888
200.888
200.888
200.888
200.888
200.888
200.888
200.888
200.888
200.888
200.888
200.888
200.888
200.888
200.888
200.888
200.888
200.888
200.888
200.888
200.888
200.888
200.888
200.888
200.888
200.888
200.888
200.888
200.888
200.888
200.888
200.888
200.888
200.153
200.888
200.888
200.888
200.888
200.153
200.888
200.888
200.888
200.888
200.888
200.888
200.888
200.888
200.888
200.888
200.888
200.888
200.888
200.888
200.888
200.888
200.888
200.888
200.888
200.888
200.888
200.888
200.888
200.888
200.888
200.888
200.888
200.888
200.888
200.888
200.888
200.888
200.888
200.888
200.888
200.888
200.888
200.888
200.888
200.888
202.486
205.351
205.351
203.519
205.351
204.942
204.755
200.888
203.013
205.325
205.325
205.005
205.325
205.325
203.681
200.888
203.029
204.639
201.428
204.639
204.639
204.639
204.639
204.639
204.639
204.639
204.639
204.639
204.48
201.428
204.639
204.639
204.639
202.083
204.639
201.8
204.48
201.8
204.48
204.639
201.8
204.141
201.8
201.8
202.166
202.161
202.166
202.166
202.166
201.794
202.166
202.166
202.166
202.166
202.166
202.166
202.166
202.166
201.8
202.166
202.166
202.166
202.166
202.166
202.166
201.8
202.166
202.166
202.166
202.166
202.166
202.166
202.166
201.8
202.166
202.161
202.166
202.166
202.166
202.166
202.166
202.166
202.166
202.166
202.166
202.166
202.166
202.166
202.166
202.166
202.166
202.166
202.166
202.166
202.166
202.166
202.166
202.166
202.166
202.166
202.166
202.166
202.166
202.166
202.166
202.166
202.166
202.161
204.846
204.48
202.166
204.846
204.846
204.464
204.48
204.48
201.924
204.098
203.828
204.098
202.29
204.095
202.451
204.095
201.922
204.095
204.095
204.095
204.095
204.095
202.487
204.095
203.506
204.095
204.095
204.095
204.095
204.095
203.506
204.095
200.888
204.095
204.095
204.095
204.095
204.095
204.095
204.095
203.506
204.095
202.487
201.795
202.083
202.083
202.451
201.795
202.083
202.083
201.546
201.912
202.083
201.546
202.083
202.083
202.083
202.083
202.083
202.083
202.083
200.888
202.083
202.449
202.083
202.451
202.451
202.451
202.451
202.451
202.451
202.451
202.451
202.451
202.833
202.833
203.639
203.639
204.708
204.672
204.893
204.893
204.893
204.33
204.708
204.893
205.103
204.179
205.103
204.893
205.103
203.506
205.103
205.103
205.103
203.681
203.86
203.86
203.86
203.86
202.486
203.86
203.86
203.86
203.639
203.86
203.86
203.86
203.86
203.86
203.86
203.86
203.86
203.86
203.86
203.86
202.262
203.86
203.86
203.86
202.262
203.86
202.628
203.86
202.262
203.86
203.86
203.86
203.86
203.86
203.86
203.86
203.86
203.86
203.86
203.86
203.86
202.262
203.86
203.86
203.86
203.86
202.262
203.86
204.237
204.924
204.583
205.191
205.847
205.191
205.847
205.847
205.423
205.074
204.425
205.469
205.847
205.847
205.481
205.847
205.847
205.452
205.847
205.847
205.847
205.191
205.847
205.191
205.847
205.191
204.603
202.947
203.441
203.441
203.441
203.441
203.441
203.441
203.441
203.075
203.441
203.441
203.441
203.441
203.441
202.407
202.86
203.075
203.075
203.075
203.075
203.075
202.581
203.075
203.075
202.041
203.075
203.075
203.075
202.041
203.075
203.075
203.075
203.417
203.417
203.204
203.35
203.35
203.417
203.417
203.417
203.417
203.417
203.417
203.417
203.417
203.417
202.931
203.417
202.931
203.204
202.517
203.204
203.168
203.138
203.204
203.204
203.204
203.204
203.204
203.204
203.204
203.204
202.517
203.204
203.204
202.517
203.204
203.204
203.204
202.853
203.204
203.204
203.204
203.204
203.204
203.204
203.204
203.204
203.204
202.801
202.801
202.719
202.801
202.641
202.641
202.517
203.138
203.138
203.138
203.138
203.138
202.575
203.138
203.138
203.138
203.138
203.138
203.138
203.102
203.102
202.451
203.138
203.138
203.138
203.138
203.138
202.487
203.138
202.451
203.138
203.138
203.138
203.138
203.138
202.451
202.575
201.924
201.924
202.575
202.575
202.573
202.575
202.575
202.079
202.575
202.575
202.575
202.573
202.575
201.924
202.575
202.573
201.924
202.575
202.575
201.924
201.539
202.575
202.079
202.575
202.575
202.575
202.575
202.575
202.575
202.575
202.573
202.197
202.575
202.573
202.575
202.575
201.539
202.575
202.575
202.156
202.575
202.575
201.924
201.539
202.079
202.079
201.539
202.079
202.079
202.079
202.079
202.079
202.079
202.079
202.079
202.079
202.079
202.079
202.079
202.079
202.079
202.079
202.079
202.079
202.079
202.079
202.079
202.079
202.079
202.079
202.079
202.079
202.079
202.079
202.079
202.079
202.079
202.079
202.079
202.079
202.079
202.079
202.079
202.079
202.079
202.079
202.079
202.079
202.079
202.079
202.079
202.031
202.517
202.517
202.517
202.517
202.517
201.8
202.031
202.451
202.517
202.517
201.8
202.512
202.512
202.512
202.512
202.512
202.512
202.512
202.512
202.027
202.512
202.512
202.027
202.446
202.446
202.446
202.446
202.446
202.446
202.446
202.446
201.539
202.446
202.446
202.446
202.446
202.446
202.446
202.446
202.446
202.446
202.446
202.446
202.446
202.446
201.795
202.446
202.446
202.446
201.795
202.446
201.795
202.446
202.446
202.446
202.446
202.812
202.446
202.812
202.812
202.812
202.161
202.812
202.161
202.812
202.812
202.812
202.812
202.812
202.812
202.812
202.161
202.812
202.812
202.812
202.812
202.812
202.812
202.812
202.812
202.812
202.812
202.812
202.812
201.905
202.812
202.812
202.812
202.812
202.812
202.812
202.812
202.812
202.812
202.812
202.812
202.812
202.812
202.812
202.812
202.812
202.812
202.812
204.268
204.268
204.374
204.374
204.374
204.374
204.374
204.374
202.812
203.723
204.374
204.374
204.918
204.918
204.918
204.552
204.918
204.918
204.918
204.918
204.34
202.817
204.918
204.34
204.267
204.374
204.918
204.094
204.918
204.34
204.918
204.918
204.918
204.918
203.058
203.058
203.216
203.216
202.628
202.85
202.85
202.85
202.85
202.85
202.85
202.041
202.85
202.85
202.85
202.85
202.85
202.85
202.85
202.85
202.85
202.85
202.733
202.85
202.85
202.85
202.85
202.85
202.85
202.85
202.85
202.041
202.85
202.733
202.733
202.733
202.733
202.733
202.733
202.733
202.733
202.733
202.733
202.733
202.733
202.733
202.733
202.733
202.733
202.733
202.733
202.733
202.262
202.733
202.733
202.733
202.733
202.733
202.262
202.733
202.733
202.733
202.733
202.733
202.733
202.733
202.733
202.733
202.733
202.262
202.733
202.733
202.733
202.733
202.733
202.733
202.733
202.733
202.733
202.733
202.733
202.733
202.733
202.733
202.733
202.733
202.733
202.733
202.733
202.733
202.733
202.733
202.262
201.428
202.733
202.733
202.262
202.733
202.733
202.733
202.733
202.733
202.733
202.733
202.733
202.733
202.733
202.733
202.733
202.733
202.262
202.733
202.733
202.262
202.733
202.733
202.733
202.733
202.262
202.733
202.733
202.733
202.733
202.262
202.699
202.733
202.733
202.262
202.733
202.733
202.733
202.733
202.733
202.733
202.733
202.733
202.733
202.733
202.733
202.733
202.733
202.733
202.733
202.733
202.733
202.733
202.733
202.733
202.262
202.262
202.262
202.487
202.487
201.924
201.924
201.924
201.924
201.924
201.428
201.924
201.922
201.924
201.924
200.888
201.924
201.924
201.924
201.924
201.924
201.924
201.924
201.924
201.924
201.924
201.924
200.888
201.924
201.924
201.924
201.924
201.924
201.546
201.924
201.924
201.546
201.546
201.924
201.924
201.924
201.428
201.546
201.546
201.546
201.546
201.546
201.546
201.546
201.546
201.546
201.546
201.546
201.546
201.546
201.546
201.546
201.546
201.546
201.546
201.546
201.546
201.546
201.546
201.546
201.546
201.546
201.546
201.546
201.546
201.546
201.546
201.546
201.546
201.546
201.546
201.546
201.546
201.546
201.546
201.546
200.888
201.546
201.546
201.546
201.546
201.546
201.546
201.546
201.546
201.546
201.546
201.546
201.546
201.546
201.546
200.888
201.546
201.546
201.546
201.428
201.546
201.546
201.546
201.546
201.546
201.546
201.546
200.888
201.546
200.888
200.888
201.546
201.546
201.546
201.546
201.546
201.546
201.546
201.546
201.546
201.546
201.546
201.546
201.546
201.546
201.546
201.546
201.546
201.546
201.546
201.12
201.546
201.546
201.546
201.546
201.546
201.546
201.546
201.546
201.546
201.546
200.888
201.546
201.546
201.546
201.546
201.546
201.546
201.546
201.546
200.888
201.546
201.546
201.546
201.546
201.912
201.546
201.546
201.546
201.546
200.888
201.546
201.546
202.451
202.451
202.451
201.795
202.451
202.451
202.451
202.451
201.66
202.451
202.451
202.451
202.451
202.451
201.795
201.428
201.428
202.451
202.451
202.451
202.451
201.795
202.451
202.451
202.451
202.451
202.451
201.428
201.795
201.795
201.795
201.795
201.795
201.795
201.795
201.795
201.795
201.795
201.795
201.795
201.795
201.795
201.795
201.795
201.795
201.795
201.428
201.795
201.795
201.795
201.795
201.795
202.027
202.487
202.487
202.487
202.487
202.487
201.546
202.487
202.487
202.487
202.487
202.487
202.487
202.487
202.487
201.924
202.487
202.487
202.487
202.487
202.487
202.487
202.451
202.487
202.487
202.487
202.487
202.487
202.487
202.451
201.8
202.487
202.487
202.487
201.8
202.216
202.216
201.186
202.216
202.179
202.179
201.715
202.179
202.179
202.179
202.179
202.179
202.179
202.179
201.524
202.179
202.179
202.179
202.179
204.592
204.592
202.411
204.538
204.538
204.592
204.592
204.538
204.592
204.592
204.592
204.128
204.592
204.588
204.592
204.592
204.592
204.592
204.538
204.538
204.592
204.592
204.592
204.592
204.592
204.592
203.937
204.128
204.128
203.688
201.157
203.569
203.105
203.569
203.569
203.569
203.634
203.634
203.634
203.17
203.634
203.634
203.634
203.634
203.634
203.634
203.25
203.634
203.634
203.634
203.634
202.976
203.634
203.634
203.634
203.634
202.976
203.634
203.634
203.634
203.634
203.634
203.634
203.634
203.634
203.634
203.516
203.634
202.976
203.634
203.17
203.17
202.786
202.512
203.17
203.17
203.17
203.17
203.17
203.17
203.17
200.811
203.17
203.17
202.512
202.512
202.512
203.17
203.17
203.17
203.17
203.17
203.17
203.17
203.17
202.512
203.17
203.17
203.17
202.512
202.512
202.512
202.512
202.512
202.512
202.512
202.512
204.904
202.512
204.904
204.904
204.904
204.078
204.904
204.904
204.904
202.976
204.904
204.904
204.904
204.904
204.904
204.904
202.512
204.904
204.904
204.904
204.904
202.512
204.904
204.904
204.904
204.904
204.904
204.904
204.904
204.904
204.078
204.904
204.904
204.904
204.904
204.904
204.904
204.904
204.904
204.904
202.512
204.904
204.904
204.904
204.904
204.904
204.904
202.512
202.128
202.512
202.512
202.512
202.512
202.512
202.512
202.512
202.512
202.512
202.512
202.512
202.512
202.512
202.512
202.512
202.512
202.512
202.128
202.512
202.512
202.512
202.512
202.512
202.512
202.512
202.128
202.512
202.512
202.512
202.512
202.512
202.512
202.512
202.512
202.512
202.512
202.512
202.512
202.512
202.512
202.512
202.512
202.512
202.512
202.512
202.512
202.512
202.744
208.862
206.133
209.24
207.632
207.254
206.314
207.632
207.632
207.632
207.6
206.789
206.562
205.656
207.6
207.254
207.218
207.6
207.6
207.6
206.195
206.567
206.567
206.567
207.6
205.686
207.6
207.6
207.6
207.6
207.6
207.6
207.6
207.6
207.6
204.457
207.6
207.6
206.562
207.6
207.6
207.6
204.457
207.6
207.6
207.6
204.457
207.221
207.6
206.567
207.6
207.6
207.6
207.654
207.966
207.966
207.057
206.022
207.966
207.584
207.966
204.823
204.439
204.056
204.439
206.623
204.67
206.673
206.673
203.53
206.177
206.307
205.137
206.307
206.307
206.307
206.307
204.332
205.93
203.164
204.332
205.93
205.93
205.647
206.024
206.024
203.899
206.024
205.086
205.647
206.024
206.024
206.024
206.024
203.899
206.024
206.024
205.528
206.024
206.024
206.024
206.024
206.024
205.528
205.647
205.647
205.647
205.647
205.644
205.647
204.046
205.647
205.647
205.647
205.647
205.647
205.647
205.647
205.269
205.647
205.647
205.647
205.647
205.647
205.647
204.049
205.647
203.522
205.269
205.269
203.671
205.269
205.269
203.144
204.611
205.151
203.522
205.151
203.553
205.151
203.553
203.639
205.151
203.519
203.677
205.151
205.151
205.151
205.151
205.151
205.151
202.486
203.553
203.553
203.553
203.553
203.553
203.013
203.553
203.553
203.553
203.553
201.428
201.428
203.553
203.013
203.553
203.553
201.428
203.553
203.553
203.553
203.553
201.428
203.553
203.553
203.553
203.553
203.553
203.553
203.553
203.553
203.553
204.049
205.118
205.118
202.994
205.118
202.994
205.118
205.118
205.402
205.118
203.936
205.402
205.402
205.402
205.402
205.402
203.836
202.258
201.718
204.862
204.862
204.862
204.862
204.862
201.718
204.862
204.579
204.862
203.12
204.862
204.862
203.296
203.296
203.296
203.296
203.296
203.296
203.296
203.296
203.296
203.296
203.296
203.296
203.296
203.296
203.296
203.296
203.296
203.296
203.296
203.296
203.296
203.296
203.296
203.296
203.296
203.296
203.296
203.296
203.296
201.06
203.296
200.153
203.296
203.296
203.296
203.296
203.296
200.153
203.296
203.296
203.296
203.296
203.296
203.296
203.296
203.296
203.296
203.296
203.296
203.296
203.296
203.296
203.296
203.296
203.296
203.296
203.296
203.296
203.296
203.296
201.217
203.296
202.669
203.296
200.153
203.296
200.153
203.296
203.296
203.296
203.296
201.75
203.296
203.296
203.296
203.296
203.296
203.296
203.296
203.296
203.296
203.296
201.75
203.296
203.296
203.296
203.296
203.296
203.296
203.296
204.894
203.296
205.241
205.241
205.241
205.241
205.241
202.098
202.098
205.241
205.241
205.241
204.36
202.621
205.241
205.241
205.241
205.241
205.241
205.241
205.241
204.203
204.208
204.208
204.208
202.789
204.208
203.925
204.208
204.208
204.208
204.208
204.208
204.208
204.208
204.208
204.208
204.208
204.208
204.208
203.836
204.208
204.208
204.208
204.208
204.208
204.208
204.208
203.925
204.203
204.208
204.208
204.208
204.208
204.208
204.202
204.208
204.208
204.208
202.63
203.905
203.905
203.905
203.477
203.473
203.905
203.477
203.039
203.039
203.039
203.039
203.039
203.039
203.039
203.039
202.662
203.039
203.039
203.039
203.039
202.662
203.039
203.039
203.039
203.039
203.039
203.039
203.039
203.039
203.039
203.039
203.039
203.039
203.039
203.039
203.039
203.039
203.039
203.039
203.039
203.039
203.039
203.035
203.039
203.039
203.691
204.554
204.4
203.971
204.4
203.971
204.4
203.039
204.4
201.064
204.4
204.4
203.971
201.528
204.4
204.4
204.395
203.905
203.039
203.971
204.394
204.4
204.4
204.4
203.971
204.4
204.4
203.905
204.4
204.4
204.4
204.395
204.4
203.69
204.4
204.4
204.4
204.028
204.395
204.4
204.4
203.905
204.4
204.028
204.339
204.395
203.971
203.971
203.971
203.971
203.971
203.971
203.971
203.971
203.971
203.971
203.971
201.715
203.971
203.971
203.971
203.971
203.971
203.971
203.971
203.971
203.971
203.971
203.971
203.971
203.971
203.971
203.971
203.971
203.971
203.971
203.971
203.971
203.423
203.971
203.971
203.971
203.967
203.971
203.971
203.423
203.971
203.971
203.971
203.971
203.971
203.967
202.662
203.971
203.971
203.971
203.971
203.971
203.971
203.971
203.971
203.971
203.971
203.971
203.971
203.971
203.423
203.971
203.971
203.971
202.662
203.971
203.971
203.971
203.971
203.971
203.971
203.6
203.971
203.971
203.971
203.971
203.971
203.971
203.971
203.971
201.064
203.971
203.971
203.971
203.971
203.039
203.967
203.967
203.967
203.967
203.967
203.967
203.967
203.967
203.967
203.967
203.473
203.967
201.06
203.967
203.967
203.419
203.06
203.967
203.967
203.967
203.967
203.967
203.967
203.035
203.967
203.967
203.967
203.967
203.967
203.967
203.473
203.967
203.967
203.967
203.967
203.967
203.967
203.419
203.967
203.473
203.967
203.967
203.419
203.967
203.967
203.967
203.967
203.967
203.088
203.967
203.967
203.967
203.967
203.967
203.967
203.06
203.967
203.967
203.967
203.967
203.967
203.967
203.473
203.967
203.967
203.967
203.967
203.967
203.967
203.967
203.473
203.967
203.967
203.967
203.967
203.967
203.967
203.967
206.808
206.808
206.808
203.401
203.419
203.419
203.419
203.419
203.419
203.419
203.419
203.419
203.419
203.419
203.419
203.419
203.419
203.419
203.419
203.419
203.419
203.419
203.419
203.419
203.419
203.419
203.419
203.419
203.419
203.419
203.419
203.419
202.512
203.419
203.419
203.419
203.419
203.419
203.419
203.419
203.419
203.419
203.419
203.419
202.512
203.419
203.419
203.419
203.419
203.419
203.419
203.419
202.512
203.419
203.419
203.419
202.512
203.419
203.419
203.419
203.419
203.035
203.419
203.419
203.419
203.419
203.419
203.419
203.419
203.035
203.419
203.419
203.419
203.419
203.419
203.419
203.419
203.419
203.419
203.419
203.419
203.419
203.651
203.651
203.651
203.651
203.651
203.651
203.651
203.651
203.651
203.651
203.651
203.651
203.651
203.651
203.651
203.651
203.651
202.744
203.419
203.419
203.651
203.419
203.651
203.651
203.651
203.651
203.651
203.651
203.651
203.651
203.651
203.651
203.651
203.419
203.651
203.651
203.651
203.939
203.707
203.939
203.939
203.402
203.939
203.283
203.707
203.402
203.402
203.651
203.939
203.939
203.939
203.939
203.939
203.939
203.777
203.939
203.283
203.779
203.707
203.555
203.939
203.939
203.707
202.744
203.939
203.707
203.939
203.707
203.939
203.939
203.939
203.939
203.939
203.402
203.651
203.018
203.777
203.015
203.777
203.402
203.777
203.655
203.777
203.777
203.777
202.744
203.545
203.655
203.777
203.777
203.777
203.707
203.777
203.777
203.777
203.777
203.777
203.777
203.777
203.545
203.777
203.777
203.777
203.777
203.777
203.283
203.777
203.545
203.777
203.777
203.777
203.777
203.777
203.777
203.777
203.777
203.777
203.777
202.744
203.777
203.777
203.777
203.777
203.777
203.777
202.744
203.777
203.777
203.777
203.777
203.777
203.777
203.777
203.777
203.777
203.777
202.744
203.777
203.229
203.777
203.777
203.777
203.777
203.777
203.777
203.777
203.777
202.744
203.777
203.545
203.777
203.777
203.777
203.777
203.777
203.777
203.545
203.545
203.545
203.777
202.744
203.655
201.418
203.655
203.655
203.655
203.655
203.655
203.655
203.651
203.651
203.655
203.655
203.651
203.655
203.655
203.655
203.655
203.655
203.651
203.655
203.655
203.655
203.039
203.655
203.655
203.655
203.655
203.655
203.655
203.655
203.423
203.655
203.655
203.655
203.709
203.655
203.709
203.655
203.709
203.709
203.709
203.477
203.709
203.709
203.709
203.477
203.709
206.218
204.396
203.477
204.271
206.317
206.15
206.317
204.169
206.317
206.263
206.263
203.707
204.86
206.263
206.263
205.525
206.263
203.423
206.263
206.263
206.097
203.052
203.17
203.052
203.17
203.052
203.17
203.17
203.17
202.512
203.17
203.17
203.17
203.17
203.17
202.786
203.17
203.17
203.17
202.512
201.275
202.512
202.976
202.976
202.976
202.976
202.976
202.976
202.976
202.976
202.976
202.976
202.976
202.976
202.976
202.976
202.976
202.976
202.976
202.976
202.976
202.512
202.976
202.976
202.976
202.976
202.976
202.976
202.976
202.976
202.976
202.976
202.976
202.976
202.976
202.512
202.512
202.976
202.976
202.976
202.512
202.976
202.976
202.976
202.976
202.976
202.976
202.976
202.976
202.976
203.634
203.634
203.634
202.976
203.634
202.976
203.634
203.634
203.634
203.17
203.634
203.634
203.17
202.786
203.17
203.17
203.17
203.17
203.17
203.17
203.17
203.17
203.17
203.17
203.17
203.17
203.17
203.17
203.17
203.17
203.17
203.17
203.17
203.17
203.17
203.17
203.17
203.17
203.17
203.17
203.17
203.17
203.17
203.17
203.17
203.17
203.052
202.512
203.17
203.17
203.17
202.786
202.512
202.409
202.786
202.786
202.786
202.786
202.786
202.786
202.128
202.409
202.786
200.811
202.786
202.786
202.786
202.786
202.786
202.786
200.811
202.786
202.786
202.786
202.786
202.786
202.786
202.775
202.786
202.786
202.786
202.786
202.786
202.786
202.786
202.786
202.786
202.668
202.128
202.128
202.786
202.786
202.786
202.786
202.786
202.786
202.786
202.786
202.786
202.786
202.128
202.786
202.786
200.811
202.786
202.786
202.786
202.786
202.786
202.786
202.786
202.786
202.786
202.786
202.786
202.786
202.786
202.786
203.152
203.224
203.652
203.652
203.652
202.994
200.811
200.811
200.811
200.811
200.811
200.811
200.811
200.811
200.153
200.811
200.153
200.811
200.811
200.811
200.811
200.811
200.811
200.811
200.811
200.811
200.153
200.811
200.811
200.811
200.811
200.811
200.811
200.811
200.153
200.811
200.811
200.811
200.811
200.811
200.811
200.811
200.693
200.811
200.811
200.811
200.811
200.811
200.811
200.811
200.811
200.811
200.811
200.811
200.153
200.811
200.811
200.811
200.811
200.811
200.811
200.811
200.811
200.811
200.811
201.784
201.875
200.811
200.811
200.811
200.811
201.043
201.043
201.875
201.528
201.043
201.043
201.875
201.875
201.875
201.462
201.217
201.875
201.875
201.875
202.412
202.412
202.412
201.756
202.412
201.875
202.412
202.412
202.412
202.412
201.756
201.756
202.412
202.412
202.412
201.875
201.217
202.412
202.412
202.25
202.065
202.065
202.412
201.729
201.462
201.999
201.348
201.999
201.348
201.837
201.837
201.837
201.837
201.837
201.186
201.837
201.837
201.837
201.837
201.837
201.837
201.837
201.837
200.804
201.837
201.837
201.837
201.186
201.837
201.837
201.837
200.804
200.804
201.348
201.837
201.837
201.837
201.837
201.837
201.17
201.186
201.186
201.186
201.186
201.186
201.186
201.186
201.186
201.186
201.186
201.186
201.186
201.186
201.186
201.186
201.186
200.153
201.186
200.153
201.186
201.186
201.186
201.186
201.186
201.186
201.064
201.186
201.186
201.186
201.186
201.186
201.064
201.186
200.153
201.186
201.186
201.186
201.186
201.186
201.186
200.693
201.186
201.186
201.186
201.186
201.186
201.186
201.186
201.186
201.186
201.186
201.064
201.186
201.186
201.186
201.064
201.186
201.186
200.924
201.186
200.693
200.811
201.186
200.153
201.186
200.153
201.186
201.186
201.186
201.064
201.186
201.186
201.186
201.186
201.186
201.186
201.186
201.186
201.186
201.186
201.064
201.186
201.186
201.186
201.186
201.186
201.186
201.186
200.153
201.186
201.186
201.186
201.064
201.186
201.186
201.186
201.064
201.186
201.186
200.693
200.693
200.693
200.693
200.153
200.693
200.693
200.693
200.693
200.693
200.693
200.693
200.693
200.693
200.693
200.693
200.693
200.153
200.693
200.693
200.693
200.693
200.693
200.693
200.693
200.693
200.693
200.693
200.693
200.693
200.693
200.693
200.693
200.693
200.617
200.693
200.153
200.693
200.693
200.693
200.693
200.693
200.153
200.693
200.693
200.693
200.693
200.693
200.693
200.693
200.693
200.693
200.693
200.693
200.693
200.693
200.693
200.693
200.693
200.693
200.693
200.693
200.693
200.693
200.693
200.693
200.153
200.693
200.693
200.693
200.693
200.693
200.693
200.693
200.693
200.693
200.693
200.693
200.693
200.693
200.693
200.153
200.693
200.693
200.693
200.693
200.693
200.693
201.922
200.693
200.693
201.189
201.189
202.098
200.153
201.189
201.064
201.064
202.098
202.098
202.098
202.098
201.715
201.846
202.098
202.098
202.098
202.098
202.098
202.098
202.098
202.098
202.098
202.098
202.098
202.098
201.715
202.098
201.064
201.947
202.098
201.715
202.098
200.153
202.098
202.098
202.098
202.098
202.098
200.153
201.715
202.098
200.153
202.098
202.098
202.098
202.098
202.098
202.098
202.098
202.098
200.153
202.098
202.098
202.098
202.098
202.098
202.098
201.064
200.519
200.153
201.217
201.217
201.217
201.217
201.217
201.217
201.217
201.217
201.217
201.217
201.217
201.217
200.153
200.153
201.217
201.217
201.217
201.217
201.217
201.217
201.217
201.217
201.382
201.76
201.76
201.217
201.76
201.76
201.76
201.76
201.76
201.76
201.76
201.76
201.76
201.217
201.76
201.76
201.76
201.76
201.76
201.76
201.76
201.76
201.76
201.76
201.76
201.76
201.76
201.76
201.76
201.76
202.793
202.793
202.793
202.671
202.224
202.793
202.793
202.793
202.299
202.793
202.793
202.793
202.25
202.793
202.793
202.25
202.793
202.793
202.671
202.793
202.793
202.793
202.793
202.793
202.793
202.793
202.793
202.793
202.793
202.793
201.76
202.793
201.76
202.793
202.793
202.793
201.76
202.793
202.793
202.793
202.793
202.793
202.793
202.793
201.76
202.793
202.793
202.299
202.25
202.793
201.76
202.25
202.25
202.25
201.903
202.25
202.25
201.837
202.25
202.25
202.25
201.875
201.217
201.348
201.875
201.528
201.528
201.875
200.811
201.875
201.875
201.875
201.875
201.875
201.875
201.875
201.875
201.348
201.528
201.528
201.528
201.42
201.528
201.528
201.528
201.043
201.528
201.043
201.528
200.87
200.385
201.043
201.043
201.043
201.043
201.043
201.043
201.043
201.043
201.043
201.043
201.043
201.043
201.043
201.043
201.043
201.043
201.043
201.043
201.043
201.043
201.043
201.043
201.043
201.043
200.811
201.043
201.043
201.043
200.924
201.043
201.043
201.043
201.043
201.043
201.043
201.043
201.043
202.755
202.755
202.523
202.755
202.523
202.755
202.755
202.755
202.755
202.755
202.755
201.296
202.346
202.346
202.346
202.346
202.346
202.346
201.758
202.346
202.346
201.758
202.346
202.346
202.346
202.712
204.147
205.127
203.002
204.492
204.492
204.492
204.492
204.492
202.077
204.492
204.492
204.492
204.492
204.492
204.492
203.774
204.492
204.492
202.077
202.621
202.222
202.853
202.077
202.853
201.291
202.853
202.853
202.853
202.853
202.853
201.756
202.853
200.385
202.853
202.853
202.853
202.853
202.853
202.853
202.853
201.291
201.291
201.291
201.291
201.291
201.291
201.06
201.06
201.291
201.291
201.291
201.291
201.291
201.291
201.291
201.291
201.291
201.291
201.291
201.291
201.291
