469.238
447.104
404.13
363.472
327.75
318.765
288.485
279.494
275.464
258.567
261.489
251.918
255.199
251.413
245.637
247.959
242.515
242.724
237.639
236.773
233.821
231.17
231.645
231.505
230.804
227.04
230.738
229.09
230.449
229.206
229.206
230.043
220.415
225.59
211.418
213.681
213.929
213.929
212.686
213.111
212.686
213.85
213.66
210.632
213.85
213.85
214.323
214.68
214.808
208.966
206.478
207.003
210.665
210.665
210.665
210.665
210.434
210.548
209.73
210.114
210.114
209.243
209.856
209.856
209.856
209.625
206.946
209.243
209.856
209.856
209.856
209.856
209.856
209.856
209.625
209.856
209.856
205.183
205.183
209.359
209.359
209.359
209.359
206.946
207.537
209.359
209.359
209.359
204.686
204.454
204.686
204.686
204.686
204.686
204.686
204.454
204.632
204.632
204.4
204.4
204.632
204.632
204.632
204.632
204.632
204.632
204.632
204.632
204.632
204.632
204.632
204.632
204.632
204.632
204.632
204.632
204.632
203.479
204.632
204.632
204.632
204.632
204.632
204.632
204.632
204.632
204.632
204.632
204.632
204.632
204.632
204.632
204.632
204.632
204.632
204.632
204.632
204.4
204.632
204.632
204.632
204.632
204.019
204.632
204.632
204.632
204.632
204.632
204.632
204.632
204.632
204.632
204.632
204.632
204.4
204.632
204.632
204.632
204.632
204.632
204.632
204.019
204.632
204.632
204.632
204.632
204.632
204.632
204.632
204.632
204.632
204.632
204.4
204.248
204.632
204.632
205.29
205.822
205.456
204.878
204.878
205.79
205.79
204.757
205.408
205.424
205.79
205.408
205.79
205.79
205.79
204.757
205.04
205.041
205.041
204.385
204.81
204.81
204.81
204.81
204.81
204.81
204.81
204.81
204.81
205.358
205.358
205.74
206.375
206.923
206.923
206.923
206.923
206.923
206.923
206.923
206.923
205.08
204.81
206.514
206.514
206.268
206.514
205.966
206.514
206.514
206.514
206.514
206.514
204.948
205.205
206.514
206.514
206.514
204.948
205.5
206.44
205.714
206.407
204.948
204.948
204.335
206.44
206.44
206.44
206.44
206.44
206.44
206.44
206.44
206.44
203.533
205.946
205.892
205.22
205.946
205.946
205.946
205.913
205.946
205.946
205.946
205.946
205.946
204.454
205.946
205.913
205.946
205.946
205.946
205.946
205.946
203.533
203.533
205.892
205.913
205.946
205.946
205.946
205.946
205.22
205.946
205.946
205.22
205.22
205.759
205.946
205.946
203.533
205.946
205.946
205.22
205.946
205.946
205.892
205.946
205.946
205.946
205.946
205.946
205.946
205.946
205.946
204.454
205.946
205.946
205.946
203.533
205.913
205.22
205.675
205.946
205.946
205.946
205.813
205.946
205.22
205.813
205.813
205.813
205.813
205.813
205.813
205.813
205.813
205.813
205.813
205.813
205.741
205.813
205.813
205.759
205.813
205.813
205.813
205.813
205.813
205.813
205.813
205.759
205.813
205.813
205.813
205.813
205.375
205.759
205.759
205.759
205.759
205.759
205.759
205.759
205.759
205.759
205.759
205.759
205.759
205.759
205.759
205.759
205.759
205.759
205.759
205.759
205.759
205.759
205.759
205.759
205.759
205.759
205.759
205.759
205.759
205.759
205.759
205.759
205.759
205.166
205.759
205.759
205.759
205.759
205.759
205.759
205.759
205.759
205.759
205.759
205.759
205.759
205.759
205.759
205.759
205.759
205.759
205.759
205.759
205.759
205.759
205.759
205.759
205.759
205.759
205.166
205.759
205.759
205.759
205.759
205.759
205.759
205.759
205.759
205.759
205.759
205.759
205.759
205.759
205.759
205.759
205.759
205.759
205.759
205.759
205.759
205.759
205.166
205.759
205.759
205.759
205.759
205.759
205.759
205.759
205.759
205.759
205.759
205.759
205.759
205.759
205.759
205.759
205.759
205.759
205.759
205.759
205.759
205.759
205.759
205.759
205.759
205.759
205.759
205.759
205.375
205.759
205.759
205.759
205.759
205.759
205.759
205.759
208.61
206.417
206.417
206.417
206.417
207.321
206.67
206.299
206.666
207.321
207.321
207.321
206.877
207.321
207.321
207.321
207.132
207.111
207.321
207.321
207.321
207.317
207.321
207.321
207.321
207.321
207.321
207.321
207.321
207.321
207.321
207.321
207.321
206.417
207.321
207.321
206.417
206.67
207.321
207.321
207.321
207.321
207.321
207.321
207.321
207.321
207.321
207.321
206.666
207.321
207.321
207.111
207.321
207.321
207.321
207.321
207.321
207.321
207.321
207.321
207.321
207.321
207.321
207.321
207.321
207.321
207.321
207.321
207.321
207.321
207.321
206.299
207.321
207.321
207.321
207.321
207.321
205.936
207.321
207.321
207.321
207.321
206.728
207.321
207.321
207.321
207.321
207.321
207.321
207.321
207.321
207.321
207.321
207.321
206.666
207.321
206.728
206.299
206.795
206.795
206.795
206.417
205.759
206.202
206.202
206.202
206.202
206.202
206.176
206.176
206.202
206.202
205.706
206.202
205.166
206.202
206.202
206.202
205.224
206.202
206.202
205.824
204.846
205.672
205.824
205.824
205.824
205.224
205.824
205.824
205.824
205.706
205.824
205.824
205.824
205.824
205.824
205.824
204.94
204.94
204.846
205.824
205.824
205.824
205.166
205.166
206.728
206.728
206.728
206.728
206.728
205.706
206.728
206.073
206.073
205.892
206.073
206.728
206.728
206.728
206.073
206.728
205.706
206.073
206.073
206.073
206.073
206.073
206.073
206.073
206.073
206.073
203.787
206.073
206.001
206.073
206.073
206.439
206.073
206.624
204.338
206.624
206.624
204.338
206.624
206.624
206.624
206.624
207.28
205.61
204.994
206.416
206.416
206.416
209.923
209.374
205.092
207.046
205.865
207.43
206.657
206.804
207.43
207.43
207.22
207.43
205.865
207.43
205.865
207.406
207.406
206.657
205.865
205.865
206.775
206.187
206.775
206.418
206.775
205.209
205.966
206.775
204.4
205.209
206.775
206.657
206.759
205.72
206.187
206.187
206.187
206.187
206.187
206.187
205.425
206.187
204.621
204.621
205.179
206.187
206.187
206.187
206.187
206.187
206.187
206.187
206.187
206.187
206.187
206.187
206.187
206.187
206.187
204.813
206.187
206.187
206.187
206.187
206.187
206.24
206.24
206.24
206.02
206.24
206.24
206.24
206.24
206.24
206.028
206.24
204.867
206.24
206.24
206.24
206.187
206.24
204.675
206.24
206.24
206.24
207.98
206.24
206.24
207.718
207.664
207.718
204.867
207.664
207.664
207.664
206.153
206.099
206.099
207.664
207.664
208.03
207.664
208.03
208.03
208.03
208.03
208.03
207.304
208.03
205.179
208.03
208.03
208.03
211.358
210.054
211.286
208.434
208.434
209.213
209.213
208.899
209.213
208.263
208.03
208.03
208.847
209.213
209.213
209.213
209.213
209.213
206.361
209.191
206.361
209.191
206.34
208.825
209.191
209.191
209.191
208.825
206.34
209.191
208.825
209.191
209.191
209.191
209.191
208.825
209.191
209.191
209.191
209.191
209.191
209.191
209.191
206.34
208.755
209.191
209.191
209.191
208.825
209.191
209.191
209.191
209.191
209.191
209.191
206.34
205.974
205.974
205.59
205.974
205.974
205.974
205.974
205.974
205.974
205.974
205.974
205.974
205.974
205.974
205.974
205.974
205.974
205.974
205.974
205.974
205.974
205.974
205.974
205.974
205.974
205.974
205.974
205.974
205.815
205.974
205.974
205.974
205.974
205.974
205.974
205.974
205.936
205.974
205.974
205.974
205.974
205.974
205.974
205.974
205.974
205.974
205.974
205.974
205.974
205.974
205.815
205.815
205.815
205.815
205.815
205.815
205.815
205.815
205.815
205.815
205.815
205.815
205.815
205.815
205.815
205.815
205.815
205.815
205.815
205.639
205.143
205.815
205.815
205.815
205.815
205.815
205.815
205.815
205.815
205.815
205.815
205.815
205.815
205.815
205.815
205.815
205.815
205.815
205.815
205.815
205.815
205.815
205.815
205.815
205.815
205.815
205.815
205.815
205.815
205.815
205.815
205.815
205.815
205.815
205.815
205.815
205.815
205.815
205.815
205.815
205.815
205.815
205.815
205.815
205.815
205.815
205.815
205.815
205.143
205.815
205.815
205.815
205.815
205.815
205.815
205.143
205.815
205.815
205.815
205.815
205.815
205.815
205.815
205.815
205.815
205.815
205.815
205.815
205.815
205.815
205.815
205.815
205.815
205.815
205.431
205.815
205.815
205.815
205.815
205.815
205.815
205.815
205.815
205.815
205.815
205.815
205.815
205.815
205.374
205.053
205.815
205.815
205.815
205.815
205.815
205.815
205.815
205.815
205.815
205.815
205.815
206.848
206.354
206.354
206.715
206.715
206.715
206.715
204.281
206.221
204.281
205.681
206.715
206.715
206.715
206.715
206.339
206.715
206.715
206.715
206.715
206.715
206.715
206.715
206.715
206.715
206.715
206.715
206.221
206.715
206.715
206.221
206.715
206.339
206.715
206.715
206.715
206.715
205.681
206.715
206.715
206.715
206.715
206.715
206.715
206.715
206.715
206.715
206.715
206.715
204.281
205.681
206.715
206.715
206.715
206.715
207.263
206.715
207.366
207.366
207.366
207.366
207.366
207.192
207.366
206.333
207.366
207.366
207.366
207.366
207.366
207.366
207.366
207.366
207.366
207.366
207.366
207.366
207.366
207.366
207.366
207.366
207.366
207.323
207.366
207.366
207.366
207.366
207.366
207.366
207.366
207.366
206.333
206.982
206.607
206.982
206.488
206.982
206.982
206.982
205.007
206.982
206.113
206.604
206.697
206.982
206.982
206.604
206.604
205.949
204.173
205.949
206.607
206.607
206.607
206.607
206.607
206.607
206.607
206.607
206.607
206.607
205.738
205.297
205.949
205.571
205.949
205.949
205.949
205.949
205.949
205.949
205.949
205.949
205.949
205.949
205.949
205.431
205.949
205.949
205.949
205.949
205.949
205.949
205.949
205.949
205.949
205.949
205.949
205.949
205.949
205.949
205.949
205.949
205.949
205.949
205.949
205.949
205.949
204.875
205.949
205.949
205.949
205.949
203.927
205.08
205.08
205.949
203.515
205.949
205.297
205.949
205.949
205.949
205.949
205.949
205.949
205.949
205.949
205.949
205.949
205.949
205.949
205.949
205.949
205.949
205.949
205.949
205.949
205.949
205.949
205.949
205.949
205.949
205.949
205.949
205.949
205.949
205.949
205.949
205.937
205.949
205.949
205.949
205.949
205.949
205.949
205.949
205.949
205.949
205.949
205.949
205.949
205.073
205.949
205.949
205.949
205.949
205.529
205.949
205.529
205.949
205.949
205.949
205.949
205.949
205.949
205.949
205.949
205.949
205.949
205.949
205.949
205.949
205.949
205.949
205.571
205.571
205.571
204.92
204.92
205.571
205.571
205.571
205.571
203.973
204.92
204.92
204.92
204.92
204.92
204.92
204.92
204.92
204.92
204.878
204.92
204.92
204.92
203.322
204.92
204.92
204.92
204.92
204.92
204.92
204.92
204.92
204.92
204.92
203.322
204.92
202.486
204.92
204.92
204.92
202.852
204.052
204.052
204.052
202.454
204.052
204.052
204.052
204.052
204.052
202.454
204.052
204.052
204.052
202.454
202.486
204.052
204.052
204.052
204.052
204.052
204.052
204.052
204.052
204.052
204.052
202.454
204.052
204.052
204.052
204.052
204.052
204.052
204.052
204.052
204.052
204.052
204.052
204.052
203.137
202.486
202.454
202.486
202.486
202.454
202.454
203.171
204.052
204.052
204.052
207.191
205.647
207.035
208.874
207.035
208.88
209.709
208.3
209.709
207.758
207.54
207.969
206.452
207.54
207.597
207.969
207.969
207.969
207.103
206.559
207.242
206.376
206.88
206.015
204.039
206.341
206.015
205.475
206.32
206.32
206.32
206.32
206.32
203.479
203.479
203.479
203.479
203.479
203.479
203.479
203.479
203.479
203.479
203.479
203.479
203.479
203.479
203.479
203.479
203.479
203.479
203.479
203.479
203.479
203.479
203.479
203.479
202.807
203.479
203.479
203.479
203.479
203.479
203.479
203.479
203.479
203.479
203.479
203.479
203.479
203.479
203.479
203.479
203.479
203.479
203.479
203.479
203.4
203.4
203.479
203.479
203.479
203.479
203.479
203.479
203.479
202.807
203.479
203.479
203.479
203.563
203.563
203.563
203.4
203.563
203.563
203.563
203.563
203.563
203.563
203.563
203.563
203.563
203.563
203.563
203.563
203.563
203.563
203.563
203.563
203.563
203.563
203.479
203.563
203.563
203.563
203.563
203.563
203.563
203.563
203.563
203.563
203.563
203.563
203.563
203.563
203.563
203.563
203.563
203.563
204.221
204.221
204.221
204.058
203.563
204.221
204.221
204.221
204.221
203.563
203.563
203.563
203.563
203.563
203.479
203.563
203.563
203.563
203.563
203.563
203.563
203.563
203.563
203.563
203.563
203.563
203.563
203.563
203.563
203.563
203.563
203.563
203.4
203.563
203.563
203.563
203.563
203.563
203.563
203.563
203.563
203.563
203.563
203.563
203.563
203.563
203.563
203.563
203.563
203.563
203.563
203.563
203.563
203.563
203.563
203.563
203.563
203.563
203.563
203.563
203.563
203.563
203.563
203.563
203.563
203.563
203.563
203.563
203.563
203.479
203.563
203.563
203.563
203.563
203.563
203.563
203.563
203.563
203.563
203.563
203.563
203.563
203.563
203.563
203.563
203.563
203.563
203.563
203.563
203.563
203.4
203.563
203.563
203.563
203.563
203.563
203.563
203.479
203.563
203.563
203.563
203.563
203.563
203.563
203.563
203.563
203.563
203.563
203.563
203.563
203.563
203.563
203.563
203.563
203.563
203.563
203.563
203.563
203.563
203.563
203.563
203.563
203.4
203.563
203.563
203.563
203.563
203.563
203.563
203.563
203.563
203.563
203.563
203.563
203.563
203.563
203.563
203.563
203.563
203.563
203.563
203.563
203.94
203.563
204.642
204.117
204.642
204.642
204.642
204.642
204.642
204.721
204.642
204.642
204.642
206.24
206.24
204.642
205.715
205.715
205.715
205.715
204.117
205.715
205.715
205.715
205.715
205.715
205.715
205.715
205.715
205.715
205.715
205.715
205.715
205.715
205.715
205.715
205.715
205.715
204.997
205.122
205.649
205.649
205.649
205.649
205.649
205.649
205.649
205.649
205.649
205.649
205.649
204.051
204.997
204.997
204.997
203.4
204.997
204.997
204.997
204.997
204.997
204.997
204.997
204.997
204.997
204.997
204.997
204.997
204.997
204.997
204.997
203.4
204.997
204.997
204.997
204.997
204.997
204.997
204.997
204.997
204.997
203.4
204.997
204.997
204.997
204.405
204.997
204.997
204.997
204.997
204.997
204.997
204.997
204.997
204.997
204.997
203.4
204.997
204.997
204.997
204.997
203.4
203.4
203.4
203.4
203.4
203.4
203.4
203.4
203.4
203.4
203.4
203.4
204.051
204.051
204.051
204.051
204.051
204.051
204.051
204.051
204.051
204.051
204.051
204.051
204.051
204.051
203.4
204.051
203.458
203.458
203.458
202.451
203.458
202.451
203.458
203.458
203.458
202.451
203.458
203.458
203.458
203.458
203.458
202.807
203.173
203.173
203.173
203.173
203.173
203.173
203.173
203.173
203.173
202.166
203.173
203.173
203.173
203.173
203.173
203.173
203.173
203.173
203.173
203.173
203.173
203.173
203.173
203.173
203.173
203.173
203.173
203.173
203.173
203.173
203.173
203.173
203.173
202.166
203.173
202.807
203.173
203.173
203.173
203.173
203.173
203.173
202.807
203.173
203.173
203.173
203.173
203.173
203.173
202.807
203.173
203.173
203.173
203.173
203.173
203.173
203.173
203.173
202.166
203.173
203.173
203.173
203.173
203.173
203.173
203.173
203.173
203.173
202.407
203.173
203.173
202.807
202.166
202.166
202.407
202.807
203.173
202.807
203.173
203.173
203.173
203.173
203.173
203.173
203.173
203.173
203.173
203.173
203.173
203.173
203.173
203.173
203.173
202.807
202.166
202.166
202.807
202.166
203.173
203.173
203.173
203.173
203.173
203.173
203.173
203.173
203.173
203.173
203.173
203.173
203.173
203.173
203.173
203.173
203.173
202.166
203.173
203.173
203.173
202.807
203.173
203.173
203.173
203.173
203.173
203.173
202.807
203.15
203.173
203.173
203.173
203.173
202.407
203.173
203.173
203.173
203.173
203.173
203.173
203.173
203.173
202.807
202.407
202.166
203.173
203.173
203.173
202.807
203.173
203.173
203.173
203.173
203.173
203.173
203.173
203.173
203.173
203.173
203.173
203.173
202.807
202.166
203.173
203.173
203.173
203.173
203.173
203.173
203.173
203.173
203.173
203.173
203.173
203.173
203.173
203.173
203.173
203.173
203.173
203.173
203.173
203.173
203.173
203.173
203.173
202.807
203.173
203.173
202.807
203.173
203.173
203.173
203.173
203.173
203.173
203.173
202.166
203.173
203.173
203.173
203.173
203.173
203.173
203.173
203.173
203.173
203.173
203.173
203.173
203.173
203.173
203.173
203.173
203.173
203.173
210.157
203.173
203.173
210.157
207.611
209.791
209.791
209.791
209.791
209.638
209.791
209.791
205.042
208.784
209.791
209.791
209.791
209.791
209.791
204.933
209.791
209.791
209.791
207.258
209.791
209.791
208.784
208.784
209.791
209.791
209.791
209.791
209.791
207.245
207.258
207.258
208.784
208.784
208.298
208.784
208.784
208.779
208.784
208.048
208.784
208.784
201.8
208.784
201.8
208.048
208.048
208.784
208.048
208.784
208.784
208.784
208.784
208.784
203.731
201.8
203.365
206.038
204.639
206.205
206.205
206.205
206.205
206.205
206.205
204.015
206.205
203.649
206.038
206.046
205.791
203.828
205.661
205.661
205.661
205.136
205.661
203.49
205.661
205.661
205.661
205.661
205.661
205.661
205.661
205.661
205.661
206.046
205.661
207.258
205.661
205.693
204.71
205.661
204.095
205.661
205.661
204.095
202.454
202.454
201.922
202.454
202.454
202.454
202.454
202.454
202.454
202.454
202.454
202.454
202.454
200.888
202.454
202.454
202.454
202.454
202.454
202.454
202.454
202.454
202.454
202.454
202.454
200.888
202.454
202.454
202.454
202.454
202.454
200.888
202.454
202.454
202.454
202.454
202.454
202.454
202.454
202.454
200.888
202.454
202.454
202.454
202.454
202.454
202.454
202.454
202.454
202.454
202.454
202.454
202.454
200.888
202.454
202.454
202.454
202.454
202.454
202.454
202.454
202.454
201.254
200.888
200.888
200.888
200.888
200.888
200.888
200.888
200.888
200.888
200.888
200.888
200.888
200.888
200.888
200.888
200.888
200.888
200.888
200.888
200.888
200.888
200.888
200.888
200.888
200.888
200.888
200.888
200.888
200.888
200.888
200.888
200.888
200.888
200.888
200.888
200.888
200.888
202.486
200.888
203.278
203.278
203.278
203.278
203.278
203.278
203.278
203.278
203.278
203.278
203.278
203.278
203.278
203.278
202.852
203.278
203.278
203.278
203.278
203.278
203.278
203.278
203.278
203.278
203.278
203.278
203.278
203.278
203.278
203.278
203.278
203.278
203.278
203.278
203.278
203.278
203.278
203.278
203.278
203.278
203.278
203.278
203.278
203.278
203.278
203.278
201.254
203.278
201.254
200.888
203.278
203.278
203.278
203.278
203.278
203.278
203.278
206.08
203.278
201.254
203.278
203.278
203.278
203.278
203.278
203.278
203.278
203.278
203.278
203.278
203.278
203.278
203.278
203.278
203.278
203.278
203.278
203.278
203.278
204.311
203.278
204.072
203.278
204.342
204.342
203.278
204.342
205.259
205.259
205.259
205.259
205.259
204.682
205.515
207.112
206.856
207.112
207.112
207.112
207.112
207.112
207.112
207.112
206.749
206.584
207.112
207.112
206.699
207.03
206.699
207.112
206.803
205.939
205.793
206.28
207.19
207.19
206.962
205.593
207.115
207.19
206.962
207.035
207.035
207.19
206.959
207.115
205.517
207.115
206.883
207.115
206.954
207.115
207.115
207.115
207.115
207.115
206.954
206.961
207.115
206.587
207.03
207.03
207.03
207.03
205.433
206.799
206.723
207.03
206.883
206.883
205.286
206.221
206.221
205.286
206.729
206.729
206.729
205.83
206.729
206.729
206.729
205.132
206.729
206.729
206.723
206.363
206.729
206.729
206.729
206.729
205.83
206.729
206.729
206.729
206.506
206.729
206.729
206.585
206.729
206.729
206.716
205.994
205.994
206.729
206.729
206.729
206.729
205.132
206.729
206.729
206.729
205.83
206.729
206.729
206.729
205.132
206.109
206.363
206.363
206.363
206.363
205.54
206.363
206.363
206.363
206.363
206.363
206.363
204.765
206.355
206.363
206.363
206.363
206.363
206.363
206.363
206.363
206.363
206.363
206.363
206.363
205.826
205.997
206.363
206.363
206.363
206.363
204.765
206.349
206.349
206.349
206.349
206.349
206.349
206.349
206.349
206.349
206.349
205.826
205.959
206.349
206.349
206.349
206.349
205.983
206.349
206.349
206.349
205.959
206.349
206.27
204.752
206.349
205.983
205.959
205.826
206.27
206.27
206.275
206.354
205.286
206.275
204.756
206.275
206.275
205.52
206.275
206.275
206.275
204.418
205.909
206.275
206.275
206.275
206.275
206.275
206.27
206.27
206.275
205.909
205.52
206.275
206.275
206.275
206.275
206.275
206.275
206.275
208.203
206.275
207.994
208.24
208.24
208.24
208.24
208.24
207.485
208.157
208.236
207.662
207.218
208.24
208.24
205.333
208.113
208.24
207.218
208.24
208.24
208.24
208.113
208.113
208.24
208.24
208.24
207.218
205.333
208.113
208.113
208.113
208.037
208.113
207.6
208.113
208.113
208.113
207.565
207.618
208.037
208.113
208.113
208.113
208.113
207.218
208.113
208.113
208.113
208.113
208.113
208.113
206.803
207.565
206.67
207.565
207.565
207.565
207.565
207.193
207.565
207.565
207.565
207.565
207.565
207.565
207.565
206.831
207.565
207.565
207.565
206.67
207.181
206.731
206.731
207.098
207.181
207.181
207.181
207.181
207.181
207.181
207.181
206.426
207.181
207.181
207.181
207.181
207.181
207.181
207.181
207.105
207.181
206.426
207.181
206.652
206.286
207.181
207.176
207.181
207.181
207.181
206.447
207.181
207.181
207.181
206.652
206.809
207.181
207.181
206.652
207.181
207.176
207.181
207.098
207.181
206.435
207.181
206.17
207.181
207.098
207.181
207.181
207.181
207.181
207.181
207.181
207.181
207.181
207.098
207.181
207.181
206.803
207.181
207.181
207.105
207.181
206.959
207.181
207.181
207.181
207.181
207.181
207.181
207.181
206.17
206.803
207.105
207.098
206.17
207.181
207.181
207.181
207.181
207.105
206.426
207.181
207.181
207.176
207.181
207.181
207.176
206.286
207.181
207.181
207.181
207.105
207.181
207.181
207.181
207.181
206.553
206.426
207.181
205.206
206.72
206.652
206.803
206.803
205.206
206.275
206.275
206.275
204.677
206.275
206.275
205.541
206.275
205.365
206.275
206.275
206.275
206.275
206.275
206.275
206.275
206.275
206.275
206.275
206.275
205.541
205.682
206.275
206.275
206.275
206.275
206.275
206.275
206.275
206.275
206.275
206.275
206.275
206.275
206.275
206.275
206.275
206.275
206.27
206.27
206.275
206.175
206.275
205.909
205.909
206.275
206.275
206.275
206.275
206.275
206.275
204.677
206.275
205.365
206.27
206.27
206.27
204.677
204.673
206.27
206.27
206.27
206.27
205.904
206.27
206.27
206.27
205.904
206.27
206.27
206.27
206.27
206.27
206.27
206.27
206.27
206.06
206.081
206.081
206.312
206.27
207.626
207.626
207.26
207.626
206.318
207.626
206.029
206.721
206.898
205.663
206.092
207.26
205.774
207.26
207.26
205.774
207.26
207.26
205.663
207.26
205.715
205.46
205.663
205.663
204.579
206.092
206.092
206.092
205.538
206.092
205.552
206.092
206.092
206.092
206.071
206.092
206.092
206.092
206.092
206.092
205.552
205.715
205.97
206.092
206.092
205.552
206.092
206.092
206.092
204.84
206.092
206.092
206.092
206.092
206.092
206.092
206.092
206.092
206.092
205.795
206.092
206.092
206.071
206.092
206.092
206.092
206.092
206.092
206.092
206.092
206.092
205.298
205.946
205.552
205.175
205.97
205.97
205.97
206.092
205.607
206.092
206.092
206.092
206.092
206.092
206.092
206.092
206.092
206.092
206.092
206.092
206.092
205.552
206.092
206.092
206.092
205.552
204.782
206.092
206.092
206.092
206.092
206.092
205.715
206.092
206.092
206.092
205.715
206.092
206.092
206.092
206.092
206.092
206.092
205.97
206.092
205.375
204.483
205.715
205.715
205.715
205.315
205.715
204.117
205.715
205.593
205.715
205.715
205.715
205.715
205.715
205.715
205.715
205.715
205.715
205.715
205.694
205.715
205.715
206.366
208.377
204.921
207.751
208.377
205.904
206.075
205.175
206.075
206.075
204.477
206.075
204.477
206.075
204.477
205.911
205.911
205.911
205.911
205.911
205.911
205.827
205.911
205.239
205.827
205.911
205.911
205.239
205.911
205.911
205.911
205.911
205.911
205.911
205.911
205.911
205.911
205.911
205.911
204.314
204.314
204.314
204.314
204.314
204.314
204.314
204.314
204.314
204.314
204.314
204.314
204.314
204.314
204.314
204.314
204.314
204.314
204.314
204.314
204.314
204.314
204.314
203.642
204.314
204.314
204.314
204.314
204.314
203.642
204.314
204.314
204.314
204.314
204.314
204.314
204.314
204.314
203.456
204.314
204.314
204.018
204.314
203.642
204.314
204.314
204.314
204.314
204.314
204.314
204.314
204.314
204.314
204.314
204.314
204.314
204.314
204.722
204.314
203.615
204.314
204.314
204.314
204.314
204.314
204.314
204.314
204.039
204.314
204.314
204.314
204.314
204.314
204.314
203.456
204.314
204.314
204.314
204.314
204.314
204.314
204.314
204.314
204.314
204.314
204.314
204.314
204.314
204.314
204.018
204.314
204.314
204.314
204.314
204.314
204.314
204.314
204.314
204.314
204.314
204.137
204.314
204.314
204.314
203.578
204.314
204.314
204.314
203.642
204.314
204.314
204.314
204.314
204.314
204.314
204.314
204.314
204.314
204.314
205.059
204.314
204.314
204.314
204.314
204.229
204.314
204.314
204.314
204.314
204.314
204.314
204.314
204.314
204.314
204.314
204.229
204.314
204.314
204.314
204.314
204.314
204.314
204.314
204.314
204.314
204.314
204.314
204.314
204.314
204.314
204.314
204.314
204.314
204.314
204.314
203.995
204.314
204.314
204.314
204.314
204.314
204.314
204.314
204.314
204.314
204.314
204.314
204.314
204.314
204.314
204.314
204.314
204.314
204.314
204.314
204.314
204.314
204.314
204.314
204.314
204.314
204.314
204.314
204.314
204.314
204.314
204.314
204.314
204.314
204.314
204.314
204.314
204.018
204.314
204.314
204.314
204.314
204.314
204.314
204.314
204.018
204.314
204.314
204.314
204.314
204.314
204.314
204.314
204.314
204.314
204.314
204.314
203.642
204.018
204.314
204.314
204.314
204.314
204.314
204.314
204.314
204.314
204.314
204.314
204.314
204.314
203.456
204.314
204.314
204.314
204.314
204.314
204.314
204.229
204.229
204.229
206.642
204.461
205.786
204.229
204.229
204.829
204.829
204.829
204.829
204.829
204.829
204.829
204.829
204.829
204.463
204.463
204.306
204.663
204.829
203.231
203.922
203.922
203.922
203.688
203.688
203.922
203.922
203.922
203.922
203.922
203.922
202.82
203.688
203.688
203.688
203.688
203.688
203.922
203.922
203.922
203.922
203.922
203.922
203.922
203.646
203.922
203.556
203.922
203.556
203.922
203.922
203.922
203.922
203.922
203.922
201.254
203.922
203.922
203.922
203.922
203.922
203.556
203.922
203.922
203.922
203.922
203.922
203.922
203.646
203.922
203.922
203.922
203.922
203.922
203.922
203.922
203.922
203.556
203.922
203.922
203.922
203.922
203.556
203.922
203.922
203.922
203.922
203.556
203.922
203.922
203.922
203.922
203.922
203.922
203.922
203.556
203.922
201.254
203.922
203.922
203.922
203.922
203.556
203.36
203.556
203.556
202.454
203.322
203.556
203.556
203.556
203.556
203.556
203.556
203.556
203.112
203.556
203.556
203.556
203.556
203.322
203.556
203.556
203.556
202.784
203.556
203.556
203.556
203.556
202.454
203.285
203.556
203.556
203.556
202.784
203.556
203.556
203.556
203.556
202.784
200.888
202.784
202.784
202.784
202.784
202.784
202.153
202.28
203.015
203.015
203.015
203.015
203.015
203.015
203.015
203.015
203.015
203.015
203.015
203.015
203.015
203.015
203.015
203.015
203.015
203.015
203.015
201.778
203.015
203.015
203.015
203.015
203.015
203.015
203.015
203.015
203.015
203.015
203.015
203.015
203.015
203.015
203.015
203.015
203.015
202.784
203.015
203.015
203.015
203.015
203.015
203.015
203.015
203.015
203.015
203.015
203.015
203.015
203.501
203.501
203.015
203.501
203.501
203.501
203.501
203.501
203.501
203.501
203.501
203.501
203.501
203.435
203.501
203.501
203.501
203.501
203.501
203.501
203.501
203.501
203.501
203.501
203.501
203.501
203.501
203.501
203.501
203.501
203.501
203.501
201.539
203.435
203.501
203.501
203.501
203.501
203.501
202.784
203.015
203.015
203.501
203.809
203.809
203.809
203.809
203.809
203.809
203.809
203.765
203.809
203.687
203.577
203.687
203.809
203.809
203.809
203.809
203.809
203.809
203.809
203.809
203.809
203.809
203.809
203.809
203.809
203.809
203.809
203.809
203.809
203.809
203.809
203.809
203.577
203.809
203.512
203.687
203.687
203.687
203.687
203.687
203.687
203.687
203.687
203.687
203.687
203.687
203.687
203.687
203.687
203.687
203.687
203.687
203.687
203.687
203.687
203.687
203.687
203.687
203.687
203.687
203.687
203.687
203.554
203.687
203.687
203.687
203.456
203.554
203.687
203.687
203.687
203.687
203.687
203.015
203.687
203.687
203.687
203.687
203.687
203.687
203.687
203.687
203.687
203.687
203.687
203.687
203.687
203.554
203.687
203.687
203.687
203.687
203.687
203.687
203.687
203.687
203.687
203.687
203.687
203.687
203.687
203.687
203.687
203.687
203.687
203.687
203.687
203.687
203.687
203.687
203.687
203.687
203.687
203.687
203.687
203.687
203.687
203.687
203.687
203.687
203.687
203.687
203.687
203.687
203.687
203.687
203.687
203.687
203.554
203.687
203.456
203.456
203.456
203.456
203.456
203.456
203.456
203.456
203.456
203.456
203.456
203.456
203.456
203.456
203.456
203.456
203.456
203.456
203.456
203.456
203.456
203.456
203.456
203.456
203.456
203.456
203.456
203.456
203.456
203.456
203.456
203.456
203.456
203.456
203.456
203.456
203.456
203.456
203.456
203.456
203.456
203.456
203.456
203.456
203.456
203.456
203.456
203.456
203.456
203.456
203.456
203.456
202.784
202.784
203.456
203.456
203.456
203.456
203.456
203.456
203.456
203.456
203.456
203.456
203.456
203.456
203.456
203.456
203.456
203.456
203.456
203.456
203.456
203.456
203.456
203.456
203.456
203.456
203.456
203.456
203.456
203.456
203.456
203.456
203.456
203.456
203.456
203.456
203.456
203.456
203.456
203.456
203.456
203.456
203.456
203.456
203.456
203.456
203.456
203.456
203.456
203.456
203.456
203.456
203.456
203.456
203.456
203.456
203.456
203.456
203.456
203.456
203.456
203.456
203.456
203.456
203.456
203.456
203.456
203.456
203.456
202.784
203.456
203.456
203.456
203.456
203.456
203.456
203.456
203.456
203.456
203.456
203.456
203.456
202.784
203.456
203.456
203.456
203.456
203.456
203.456
203.456
203.456
203.456
203.456
202.784
203.456
203.456
203.456
203.456
203.456
203.456
203.456
203.456
203.456
205.258
203.615
205.258
203.615
203.615
203.615
203.615
203.615
203.615
203.615
203.615
203.615
203.615
203.615
203.615
203.615
203.615
203.615
203.615
203.615
203.615
203.615
203.615
203.615
203.615
203.615
203.615
203.615
203.615
203.615
203.615
203.615
203.615
203.615
203.615
203.615
203.615
203.615
203.615
203.615
203.615
203.615
203.615
203.615
203.615
203.456
203.615
203.615
203.615
203.615
203.615
203.615
203.615
203.615
203.615
203.615
203.615
203.615
203.615
203.615
203.615
203.615
203.615
203.615
203.615
203.615
203.615
203.615
203.615
203.615
203.615
202.454
203.615
203.615
203.615
203.615
203.615
203.615
203.615
203.615
203.615
203.615
203.615
203.615
203.615
203.615
203.615
203.615
203.615
203.615
203.615
203.615
203.615
203.615
203.615
203.615
203.577
203.615
203.615
203.615
203.615
203.615
203.615
203.615
203.615
203.615
203.615
203.615
203.615
203.615
203.615
203.615
203.615
203.615
203.615
203.615
203.615
203.615
203.615
203.615
203.615
203.615
203.981
203.981
203.981
203.981
203.981
203.981
203.981
203.981
203.981
203.981
203.981
203.981
203.615
203.981
203.981
203.981
203.615
203.981
203.981
203.981
203.981
203.981
203.981
203.615
203.981
203.981
203.981
203.15
203.981
203.981
203.981
203.981
203.981
203.981
203.981
203.981
203.981
203.981
203.981
203.981
203.981
203.981
203.981
203.981
203.981
203.981
203.981
203.981
203.981
203.981
203.981
203.981
203.981
203.981
203.981
203.981
203.981
203.981
203.981
203.981
203.981
203.981
203.981
203.981
203.615
203.981
202.82
203.822
203.981
203.615
203.822
203.822
203.822
203.822
203.822
203.688
203.822
203.822
203.822
203.822
203.822
203.822
203.822
203.822
203.822
203.822
203.822
203.822
203.822
203.822
203.822
203.822
203.822
203.822
203.822
203.456
203.822
203.822
203.822
203.456
203.822
203.822
203.822
203.822
203.822
203.822
203.822
203.456
203.822
203.456
203.822
203.822
203.822
203.822
203.822
203.822
203.822
203.822
203.822
203.688
203.822
203.822
203.822
203.822
203.636
203.822
203.822
203.822
203.822
203.822
203.822
203.822
203.822
203.822
203.822
203.688
203.822
203.822
203.822
203.822
203.822
203.822
203.822
203.822
203.822
203.822
203.822
203.822
203.822
204.315
203.322
203.456
203.456
203.456
203.456
203.456
203.456
203.456
203.456
203.456
203.456
203.456
203.456
203.456
203.456
203.456
203.456
203.456
203.456
203.456
203.456
203.456
203.456
203.456
203.456
203.456
203.456
203.456
203.456
203.456
203.456
203.456
203.456
203.456
203.456
203.456
203.456
203.456
203.456
203.322
203.456
203.456
203.456
203.456
203.456
203.456
203.456
203.456
203.456
203.456
203.456
203.456
203.456
203.687
203.995
203.995
203.995
203.995
203.995
203.995
203.995
203.995
203.995
203.995
203.456
203.995
203.995
203.456
203.456
203.995
203.995
203.995
203.995
203.995
203.995
203.995
203.995
203.479
203.995
203.456
203.479
203.995
203.456
203.995
203.995
203.995
203.995
203.995
203.479
203.995
203.479
203.995
203.995
203.995
203.995
203.995
203.995
203.995
203.995
203.995
203.995
203.995
203.995
203.995
203.995
203.995
203.862
203.323
203.995
203.995
203.456
203.995
203.995
203.819
203.995
203.995
203.995
203.995
203.995
203.995
203.862
203.995
203.456
203.479
203.995
203.995
203.995
203.995
203.995
203.995
203.995
203.995
203.995
203.995
203.479
203.995
203.995
203.995
203.995
203.995
203.995
203.995
203.995
203.995
203.995
203.995
203.995
203.995
203.995
203.995
203.456
203.995
203.995
203.995
203.456
203.995
203.995
203.995
203.995
203.995
203.995
203.995
203.995
203.995
203.456
203.862
203.995
203.995
203.995
203.995
203.456
203.995
203.995
203.995
203.995
203.995
203.995
203.995
203.456
203.479
203.479
203.479
203.479
203.479
203.4
203.479
203.479
203.479
203.479
203.479
203.479
203.479
203.479
203.479
203.479
203.479
203.479
203.4
203.479
203.479
203.479
203.479
203.479
203.4
202.807
203.479
203.479
203.479
203.4
203.479
203.479
203.479
203.479
203.479
203.479
203.479
203.479
203.479
203.479
203.4
203.479
203.479
203.479
203.479
203.479
203.479
203.479
203.479
203.479
203.479
203.479
203.479
203.479
203.4
203.479
203.479
203.479
203.4
203.479
203.479
203.479
203.479
203.479
203.479
203.479
202.807
202.807
203.4
203.4
203.4
203.4
203.4
203.4
203.4
203.4
203.4
203.4
203.4
203.4
203.4
203.4
203.4
203.4
203.4
203.4
203.4
203.4
203.4
203.4
203.4
203.4
203.4
203.4
203.4
203.4
203.4
203.4
203.4
203.4
203.4
203.4
203.4
203.4
203.4
203.4
203.4
203.4
203.4
203.4
203.4
203.4
203.4
203.4
203.4
203.4
203.4
203.4
203.4
203.4
203.4
203.4
203.4
203.4
203.4
203.4
203.4
203.4
202.807
203.4
203.4
203.4
203.4
203.4
203.4
203.4
203.4
203.4
203.4
203.4
203.4
203.4
203.4
203.4
203.4
203.4
203.4
203.4
203.4
203.4
203.4
203.4
202.807
203.4
203.4
203.4
203.4
203.4
203.4
203.4
203.632
203.632
203.632
203.632
203.632
203.632
203.632
203.632
203.4
203.632
203.632
203.632
203.039
203.4
203.632
205.345
203.4
203.4
203.632
203.4
203.632
203.632
203.632
203.632
203.632
203.632
203.632
203.632
203.632
203.632
203.632
203.632
203.632
203.632
203.632
203.632
203.632
203.632
203.632
203.632
203.632
203.632
203.632
203.632
203.632
203.632
203.632
203.632
203.632
203.632
203.632
203.632
203.632
203.632
203.632
203.632
203.632
203.4
203.632
203.632
203.039
202.896
203.632
203.632
203.632
203.4
203.632
203.632
203.632
203.632
203.632
203.632
203.632
203.632
203.765
203.765
203.731
203.765
203.765
203.765
203.765
203.765
203.765
203.765
203.845
203.845
203.613
203.731
203.845
203.845
203.765
203.613
203.613
203.845
203.845
203.765
203.839
203.845
203.845
203.845
203.845
203.845
203.845
204.264
203.845
204.264
204.33
204.33
204.33
204.33
204.33
204.33
204.33
204.33
204.33
204.33
204.33
204.33
205.189
204.33
205.062
205.189
205.189
205.055
204.704
205.189
205.062
205.189
204.704
205.062
205.123
205.189
204.704
204.696
205.123
205.189
205.189
204.33
205.123
204.63
204.704
205.189
204.704
205.189
204.33
205.189
205.189
205.189
205.073
205.189
204.472
205.123
205.123
204.264
204.63
204.264
204.496
204.496
204.496
204.496
204.496
204.496
204.496
204.496
204.496
203.845
204.496
204.496
203.845
204.496
204.496
204.496
204.496
204.496
204.496
204.443
204.496
204.496
204.496
204.496
204.496
204.496
204.496
204.496
204.496
204.496
204.214
204.496
204.496
204.496
204.496
204.496
204.496
204.496
203.845
203.845
204.496
204.496
204.496
204.496
204.496
204.496
204.496
204.496
204.496
204.496
204.496
204.496
204.496
203.845
204.496
204.496
204.496
204.496
204.13
204.13
204.496
204.496
204.496
204.076
204.496
204.13
204.496
204.496
204.496
204.496
204.496
204.151
204.496
204.496
204.496
204.496
204.417
204.496
203.824
204.496
204.496
204.496
204.496
204.496
204.496
204.496
204.496
204.496
204.496
204.496
204.496
203.845
204.496
204.417
204.417
204.496
204.496
204.496
203.845
204.496
204.496
204.496
204.496
204.496
204.076
204.13
204.13
204.13
204.13
204.13
204.13
204.989
206.679
206.679
206.679
206.679
206.679
206.679
206.679
206.679
204.211
203.479
206.407
206.407
206.407
206.407
206.407
206.407
206.407
206.407
206.407
206.407
205.943
206.407
206.407
206.407
205.943
206.407
203.94
206.407
206.407
208.352
208.352
208.352
208.352
205.518
205.518
208.352
208.352
205.152
207.319
208.352
207.888
207.97
208.006
208.006
206.909
204.806
207.443
207.443
207.443
207.443
207.443
204.609
206.976
204.232
207.065
207.042
207.065
207.065
203.865
207.065
207.065
206.601
207.065
204.517
207.065
206.601
207.065
204.725
207.065
206.947
207.065
207.065
204.598
204.65
203.865
204.65
204.65
204.186
203.865
203.962
204.65
204.65
203.962
204.65
204.65
203.962
203.781
203.962
203.782
203.401
203.865
203.401
203.865
203.865
203.865
203.865
203.207
203.787
203.865
203.865
203.865
203.865
203.865
203.865
203.865
203.435
203.865
203.865
203.865
203.865
203.865
203.865
203.865
203.865
203.207
203.194
203.787
203.787
203.787
203.194
203.128
203.787
203.787
203.787
203.787
203.787
203.194
203.322
203.322
203.787
203.787
203.787
203.787
203.787
203.787
203.787
203.787
203.787
203.787
203.128
203.787
203.322
203.668
203.787
203.787
203.787
203.787
203.787
203.322
203.787
203.787
203.787
203.787
203.128
203.128
203.787
203.787
203.668
203.787
203.787
203.787
203.787
203.787
203.787
203.322
203.787
203.787
203.787
203.787
203.787
203.787
203.787
203.787
203.787
203.128
202.536
203.194
203.194
202.73
203.194
202.428
202.73
203.194
202.216
202.536
202.73
203.194
203.194
203.194
203.194
203.194
202.961
203.194
203.194
203.194
203.194
203.194
203.194
202.73
202.536
202.536
202.536
203.187
203.187
203.187
203.187
202.723
201.715
203.187
203.187
203.187
203.187
202.723
201.957
201.957
203.187
203.187
203.187
203.187
203.187
202.536
202.18
203.187
203.187
203.187
203.187
202.536
203.187
203.187
203.187
203.187
202.536
203.187
203.187
202.536
203.187
203.187
203.187
203.187
203.187
203.187
203.187
203.187
203.187
203.187
203.187
203.187
203.187
202.536
203.187
203.187
203.187
203.187
202.723
203.187
203.187
203.187
203.187
203.187
203.187
203.187
203.187
203.187
202.421
203.187
203.187
203.187
203.187
203.187
203.187
202.536
202.18
203.187
203.187
203.187
203.187
203.187
203.187
202.723
203.187
203.187
203.187
202.18
203.187
203.187
203.187
203.187
203.187
202.723
203.187
202.18
203.187
203.187
203.187
203.187
202.536
203.187
202.723
203.187
203.187
201.528
201.715
202.18
202.18
202.18
202.18
202.18
202.18
201.528
202.18
202.18
202.18
202.18
201.268
201.344
201.715
201.715
201.715
201.715
201.715
201.715
201.715
201.715
201.715
201.715
201.715
201.715
201.715
201.715
201.715
201.715
201.711
201.715
201.715
201.715
201.715
201.715
201.715
201.715
201.715
201.715
201.715
201.715
201.715
201.715
201.715
201.715
201.715
201.715
201.715
201.715
201.715
201.715
201.715
201.296
201.344
201.715
201.064
201.064
201.715
201.715
201.715
201.715
201.715
201.715
201.715
201.715
201.715
201.064
201.064
201.186
201.186
201.186
201.186
201.186
200.153
200.153
200.153
200.153
200.153
200.153
200.153
200.153
200.153
200.153
200.153
200.153
200.153
200.153
200.153
200.153
200.153
200.153
200.153
200.153
200.153
201.718
201.718
201.718
201.718
201.718
201.718
201.718
201.718
201.718
201.718
200.153
201.718
201.718
201.718
201.718
201.718
201.718
201.718
200.153
201.718
201.718
201.718
201.718
201.718
201.718
201.718
202.625
201.718
201.718
202.752
202.342
201.186
201.186
202.63
202.63
202.258
202.63
202.63
202.071
202.63
202.63
202.63
202.63
202.63
202.63
202.625
202.63
202.63
201.064
201.064
201.715
201.715
201.715
201.064
201.344
201.715
201.715
201.344
201.344
201.715
201.715
201.715
201.715
201.715
201.715
201.715
201.715
201.715
201.715
201.715
201.715
201.715
201.715
201.715
201.344
201.715
201.715
201.715
