638.634
589.054
561.037
537.689
518.884
506.455
504.865
495.856
487.445
482.956
474.01
470.602
474.879
474.546
469.225
466.346
465.958
466.206
461.238
460.214
458.651
458.207
455.998
450.014
459.412
459.186
454.058
454.207
451.512
458.707
454.701
456.315
454.584
458.527
455.746
453.12
456.152
452.825
453.297
453.955
455.682
456.567
453.289
447.1
449.239
447.974
449.888
449.005
455.448
454.967
460.728
458.293
456.377
461.556
458.168
448.685
453.6
449.85
449.201
445.789
446.072
445.111
448.1
447.423
445.463
441.425
441.659
448.858
448.105
451.524
451.982
451.945
449.491
442.853
443.461
442.53
441.41
452.723
458.632
460.573
462.172
456.938
456.392
453.735
453.609
453.332
459.684
456.63
454.293
454.855
450.601
453.126
447.504
444.861
450.999
448.032
453.908
449.879
449.8
442.727
444.773
452.156
451.367
447.012
452.336
449.43
454.014
457.116
461.456
460.425
460.133
455.04
449.121
450.973
458.175
457.541
453.572
453.454
455.1
457.138
454.358
451.344
447.931
445.883
446.885
448.567
446.871
445.625
441.262
441.466
445.267
445.274
451.401
447.251
446.888
457.088
457.296
452.709
449.821
453.668
450.047
445.502
441.542
444.751
444.272
444.889
450.834
455.327
456.616
457.345
453.535
453.3
456.771
455.767
451.18
444.967
439.547
437.808
441.106
443.129
432.831
430.276
428.928
426.215
428.806
424.934
424.899
423.625
429.232
427.112
425.608
423.3
426.756
429.339
426.771
422.161
424.261
425.9
423.528
426.287
426.709
424.073
423.216
422.714
422.763
421.123
422.415
422.842
419.487
420.665
421.184
419.636
421.267
422.105
421.379
417.918
418.956
419.986
420.42
423.434
422.956
423.4
421.696
422.601
421.504
420.779
425.628
427.107
430.159
426.988
424.008
429.287
435.162
432.465
423.077
415.93
414.036
410.636
407.585
408.819
408.563
403.681
407.612
405.676
406.944
405.058
403.216
404.982
404.03
402.954
403.322
400.518
402.561
401.507
403.296
400.666
400.36
399.641
399.227
401.069
402.011
405.152
403.852
406.937
404.95
402.458
400.175
399.278
398.836
397.006
397.212
400.477
402.312
400.375
399.051
396.864
398.25
399.89
400.801
401.039
397.799
402.392
405.318
400.189
400.981
401.064
401.116
401.719
399.38
399.802
397.603
398.774
400.717
403.097
398.278
396.77
398.821
398.723
398.717
395.635
395.985
395.933
398.949
400.92
399.518
396.51
395.665
398.183
396.949
399.639
398.661
401.852
398.649
399.197
396.847
398.594
397.957
400.127
399.392
404.832
403.582
403.771
400.651
397.959
400.957
401.012
399.54
400.387
401.664
399.271
399.981
398.174
396.115
395.945
397.347
394.262
395.802
398.764
399.052
398.351
396.694
396.786
396.001
395.711
396.445
393.776
397.184
397.443
401.614
401.076
398.514
397.788
397.459
397.976
399.177
398.189
394.541
399.453
399.938
398.192
398.215
400.017
399.288
399.677
396.946
399.061
400.022
398.028
402.471
400.38
396.813
398.049
399.555
399.892
398.63
399.161
397.972
397.837
399.929
399.507
399.005
398.811
400.683
398.841
398.822
393.285
397.682
401.175
400.903
399.691
396.291
397.74
395.291
398.936
400.524
400.301
399.015
397.739
395.754
397.236
401.015
398.368
398.432
396.566
398.787
401.57
400.81
404.353
399.42
404.538
397.433
399.663
400.115
396.396
396.449
401.844
398.857
399.968
396.025
397.492
397.462
399.832
395.283
396.983
397.019
395.97
396.449
397.671
401.022
398.134
398.996
397.923
396.975
395.959
392.537
396.597
397.54
392.672
395.332
395.376
394.138
394.98
396.087
396.709
398.834
396.637
398.169
397.603
395.213
394.827
397.004
398.748
396.982
398.838
394.716
396.269
393.939
395.981
397.887
396.021
398.199
396.118
397.069
396.293
394.205
400.239
397.203
396.919
396.934
396.924
400.291
396.924
394.656
394.973
397.324
396.206
396.623
395.352
399.873
397.68
396.539
397.48
393.802
396.327
395.845
398.8
397.869
393.215
397.034
397.927
397.795
395.859
393.696
400.714
394.283
394.47
392.458
394.727
395.276
396.022
394.848
399.82
398.219
395.103
394.349
393.014
395.668
394.833
397.037
396.778
397.988
395.314
397.482
393.563
394.957
396.131
397.281
398.058
393.787
394.562
394.28
395.241
397.857
396.432
395.048
391.86
394.922
399.181
399.419
396.791
395.985
396.427
398.838
397.403
396.913
398.599
396.399
396.897
399.609
397.642
395.371
395.745
393.699
395.844
395.528
394.851
393.855
396.134
397.605
397.113
393.419
397.556
394.988
393.36
394.151
397.861
397.94
394.16
396.416
397.447
396.883
395.031
398.723
391.974
396.72
397.492
397.466
396.352
393.26
392.361
397.832
395.402
397.368
391.837
398.366
395.361
394.561
398.138
396.753
396.437
397.58
397.843
394.204
392.983
393.825
396.348
394.864
393.325
395.278
393.711
395.844
395.762
398.108
395.367
397.749
393.247
400.389
396.997
400.531
396.816
397.545
395.692
396.735
396.999
396.952
396.896
397.607
397.109
396.113
400.266
399.409
394.443
395.341
394.477
393.736
393.437
393.37
392.448
394.339
394.803
393.976
393.1
398.092
395.592
394.423
394.463
395.297
397.261
395.701
396.754
396.341
398.01
396.277
395.813
394.708
398.179
394.333
396.527
396.888
396.655
397.475
398.38
394.996
394.386
395.735
397.176
396.538
397.395
396.177
397.715
395.631
394.487
396.452
395.711
395.078
395.329
397.672
396.547
397.237
394.029
395.745
397.05
395.169
398.387
397.632
395.233
396.358
393.72
396.48
392.358
395.418
396.954
396.583
393.32
394.631
397.621
397.409
397.464
397.399
397.9
397.211
396.59
398.871
396.595
396.778
396.849
396.713
397.169
399.215
401.466
397.347
399.635
395.761
396.322
397.362
400.196
399.396
397.4
402.849
400.657
402.623
399.219
397.08
402.771
399.966
398.795
394.858
395.945
395.464
395.972
398.398
395.557
399.761
397.264
396.863
397.164
399.627
395.076
398.087
398.574
396.128
399.182
399.788
395.338
395.558
397.972
396.505
397.797
398.927
397.835
394.945
395.922
394.911
396.101
395.186
395.862
396.642
397.868
396.179
395.718
393.736
396.477
397.261
396.363
399.792
395.302
392.249
397.441
394.926
394.592
390.809
395.453
397.516
398.107
399.935
395.619
393.335
396.273
396.706
397.021
395.51
395.126
395.658
393.203
388.306
376.619
366.3
371.222
368.829
366.716
369.353
368.632
365.607
365.667
369.856
364.726
367.584
370.42
368.443
367.244
368.385
365.266
367.613
372.023
372.425
370.854
372.174
373.196
373.907
368.359
371.262
367.982
368.525
365.867
366.537
364.418
364.892
367.73
363.234
364.88
364.496
367.45
362.207
364.052
365.283
364.764
364.958
365.099
363.275
361.977
366.57
371.065
372.333
372.689
368.846
369.085
365.89
366.618
367.195
366.593
365.558
367.682
363.874
361.416
364.59
364.082
363.778
360.361
363.138
365.179
362.911
361.693
364.114
363.983
362.499
360.407
363.377
360.876
361.014
362.017
365.029
365.139
363.626
361.225
362.641
364.266
363.989
363.353
364.86
361.778
363.837
363.065
359.905
360.85
365.768
358.558
359.858
364.133
365.463
364.833
361.428
363.273
364.206
361.009
361.971
360.72
359.203
363.712
364.848
362.448
362.668
363.599
363.404
360.894
365.096
363.647
363.129
363.976
361.789
364.682
364.525
362.017
362.601
360.607
364.994
362.518
361.641
365.491
364.276
363.403
364.097
359.86
362.627
362.79
361.806
363.858
366.914
367.402
367.105
366.09
365.762
362.057
364.611
358.956
365.736
367.919
363.513
362.568
359.41
359.579
361.481
360.839
364.863
361.22
361.464
360.177
360.659
362.915
361.154
361.682
364.846
364.663
360.697
364.358
363.934
361.462
362.634
359.393
362.415
357.741
361.426
363.038
360.499
361.294
359.879
360.836
363.587
361.494
362.636
364.322
362.878
361.773
362.631
361.858
360.018
362.735
360.449
361.634
360.933
360.868
363.704
360.77
363.309
360.353
358.697
358.854
362.608
360.1
359.587
362.452
361.188
360.391
359.088
362.479
361.018
360.286
364.196
360.412
360.86
362.358
361.81
360.498
365.262
363.543
361.351
359.648
361.26
361.892
358.322
360.602
360.645
360.672
358.922
360.75
360.935
359.608
360.6
363.533
363.865
359.976
359.987
358.305
357.993
360.225
358.335
360.19
362.061
360.101
358.636
360.343
360.94
358.825
362.948
361.25
360.972
359.252
361.068
361.044
363.203
362.969
362.478
362.211
361.147
360.075
362.052
361.65
361.047
359.169
358.377
359.056
363.244
360.967
360.997
362.271
363.749
361.858
359.845
360.242
359.802
363.087
357.296
360.391
364.195
363.278
362.905
363.5
361.634
362.575
364.295
360.122
363.142
362.913
362.482
364.883
362.545
364.025
362.846
359.353
362.002
361.644
364.033
361.126
357.351
364.832
360.094
362.047
361.985
360.546
361.067
362.509
362.391
362.407
359.79
357.804
361.308
360.972
362.462
357.186
363.376
361.316
362.344
359.38
359.904
361.792
360.76
357.136
361.878
361.971
363.98
364.519
359.749
363.044
359.869
362.036
361.07
363.078
363.361
362.107
359.64
362.036
358.145
360.506
362.212
360.471
361.26
358.038
360.579
363.042
358.555
358.183
356.322
360.032
359.85
363.651
357.77
361.965
361.062
360.674
362.598
360.975
360.533
358.268
362.875
362.188
360.919
356.302
360.227
360.587
360.243
361.268
360.074
358.2
356.853
359.429
356.947
361.357
361.085
359.198
360.905
359.908
362.508
363.131
360.8
360.368
359.474
358.652
360.907
364.698
365.405
365.846
364.201
362.241
364.069
362.985
362.272
362.839
362.851
360.22
361.546
364.447
367.689
362.971
367.488
368.058
364.858
368.551
364.362
364.081
362.225
361.374
360.838
364.045
363.182
366.477
365.266
361.95
363.249
363.254
365.106
362.106
363.277
362.719
362.888
363.409
362.68
360.687
358.434
360.696
362.425
360.99
362.161
359.265
360.322
365.225
364.177
362.112
359.774
364.399
360.137
362.308
362.089
362.659
358.395
362.433
360.867
359.991
361.129
362.647
365.726
360.643
362.55
363.039
362.642
362.909
359.847
360.916
360.331
362.171
359.673
364.156
362.482
360.028
361.809
360.214
363.166
358.418
359.171
359.954
361.071
359.716
360.916
361.923
359.929
362.903
360.134
360.211
360.207
360.09
362.403
360.015
360.666
359.898
360.767
364.353
361.886
362.154
361.359
364.809
363.354
365.964
360.008
362.66
362.317
361.948
364.501
361.875
360.735
361.08
360.409
363.991
361.043
359.659
364.188
361.073
356.716
360.595
360.886
360.097
361.623
361.057
361.349
358.839
362.682
360.391
358.737
359.049
363.438
360.637
362.709
360.488
361.615
359.548
358.522
362.419
361.639
358.92
363.022
361.201
361.231
359.305
359.543
361.537
360.912
362.973
361.979
359.889
358.292
362.024
361.32
361.515
363.146
362.354
362.588
359.842
361.234
362.504
361.175
361.478
366.273
362.367
358.234
361.004
359.491
360.875
363.601
360.653
360.983
360.146
358.109
359.135
363.499
360.766
360.157
362.112
361.269
361.399
361.775
361.461
362.037
359.116
361.944
360.874
360.186
359.388
361.912
360.727
360.639
359.643
358.326
361.401
359.674
359.342
362.405
362.582
366.095
359.28
360.886
358.723
358.023
360.384
359.876
358.988
360.537
362.414
360.583
360.477
362.553
361.362
358.819
361.271
360.417
361.844
360.423
361.924
360.416
362.92
361.306
363.977
360.797
362.101
365.482
360.05
362.619
359.779
362.568
360.47
359.594
363.055
362.278
361.999
359.803
361.625
361.376
364.26
359.941
359.04
359.726
361.406
360.58
362.77
363.358
363.395
363.675
362.314
362.72
358.586
358.518
358.954
359.201
359.341
360.299
359.895
362.901
360.209
359.987
362.317
359.102
361.589
359.261
360.729
362.645
362.598
362.374
360.742
359.437
361.103
361.106
360.276
361.587
363.864
362.071
362.96
361.876
361.114
359.148
363.002
362.662
360.975
362.845
359.238
361.617
362.544
359.695
361.701
360.019
360.389
360.868
363.719
360.176
362.174
362.251
360.781
357.943
359.24
357.854
355.623
354.755
359.018
361.902
360.633
358.451
361.441
357.343
355.903
358.389
356.224
359.368
359.64
363.323
361.561
359.341
355.972
359.426
359.637
359.127
357.55
358.294
355.353
358.826
357.895
359.639
360.573
358.575
360.01
359.46
360.003
358.064
357.965
356.391
356.599
360.288
357.317
358.337
358.564
358.824
361.308
356.49
357.123
360.404
362.833
361.914
359.898
359.124
359.335
360.257
361.321
359.268
357.441
359.347
360.512
364.648
365.28
358.414
360.153
357.055
362.061
359.862
359.232
360.25
360.436
361.668
356.579
358.754
359.699
361.173
358.721
356.332
358.551
356.593
361.164
359.337
355.413
359.331
362.282
361.084
359.719
362.925
359.521
356.895
360.145
357.896
360.145
358.35
360.655
362.762
359.281
359.154
361.642
361.089
359.532
362.772
358.774
360.361
358.534
363.401
361.613
360.124
360.94
360.674
360.487
356.826
357.847
361.91
362.355
358.305
360.042
360.489
360.6
359.76
360.461
357.541
357.792
359.611
357.915
359.187
358.636
361.263
360.283
361.295
359.764
360.291
359.297
358.351
361.001
360.266
357.147
360.969
357.697
359.2
361.854
358.749
362.092
357.328
360.576
359.39
362.738
359.283
358.692
358.181
360.988
359.363
359.493
359.468
358.182
361.895
356.487
359.052
359.518
359.21
358.628
358.005
359.058
360.338
356.281
360.245
358.698
357.636
359.151
362.305
360.503
359.605
359.058
359.526
360.681
362.507
362.7
360.553
363.224
362.532
363.291
361.506
358.191
361.532
359.865
359.323
360.218
360.839
360.219
360.52
357.971
362.177
359.239
358.905
358.685
359.849
359.309
358.428
359.727
358.457
360.646
358.372
359.608
357.907
359.42
358.201
357.717
357.848
358.5
357.724
360.531
357.598
355.552
355.828
356.554
359.806
356.415
356.182
359.116
359.323
360.622
359.823
360.386
359.376
360.185
358.564
356.628
358.085
361.34
357.867
358.595
357.231
357.659
359.007
358.129
360.914
361.337
360.833
363.527
356.518
357.389
359.213
355.807
353.406
356.905
357.81
358.023
358.937
358.602
358.733
360.133
356.697
357.248
361.266
358.694
358.692
357.164
358.307
358.361
356.802
357.278
355.16
358.025
356.124
358.224
357.982
360.838
359.93
358.591
355.695
356.842
356.945
357.68
357.223
357.324
355.76
352.843
358.915
360.655
358.083
361.724
361.999
358.928
357.692
362.782
360.635
358.203
359.355
358.053
360.825
359.137
358.662
356.574
357.992
358.495
357.205
356.075
360.192
359.867
360.606
356.812
354.052
357.455
360.76
356.177
359.125
355.219
357.455
359.321
358.03
359.966
357.247
355.213
360.348
358.656
357.956
357.861
360.135
357.656
356.19
361.529
360.781
358.304
354.268
358.134
356.919
357.315
360.104
361.211
356.825
360.333
356.062
358.386
358.053
359.268
356.561
358.453
356.997
361.254
357.552
355.653
356.087
355.83
357.383
356.407
359.303
360.418
358.535
354.755
357.662
360.742
361.069
360.337
359.576
354.566
356.638
360.118
357.722
359.501
357.108
360.529
357.139
359.068
356.231
358.967
356.22
357.55
360.047
361.366
361.391
358.134
358.036
359.492
361.482
359.923
356.398
355.72
356.059
360.702
362.039
359.723
361.388
359.241
362.493
358.833
357.42
360.006
359.352
359.607
357.435
357.538
356.894
358.157
359.794
360.513
361.457
361.141
355.849
355.631
357.653
357.122
359.699
360.059
360.021
360.053
362.109
359.903
360.188
357.629
357.521
359.76
354.932
359.464
358.643
357.168
358.684
359.062
355.939
359.503
357.654
360.103
359.326
357.462
357.167
357.92
360.509
357.249
358.593
358.288
358.139
362.485
358.971
359.411
363.361
355.888
361.436
358.646
361.378
358.842
359.114
359.994
357.33
359.773
360.418
357.293
361.158
359.484
358.288
359.735
357.687
360.143
363.135
361.832
359.306
357.674
359.077
358.268
360.366
359.191
359.555
359.044
357.337
358.116
360.1
358.767
360.998
359.061
359.297
356.633
355.866
357.767
357.504
357.808
357.703
356.156
358.505
358.52
359.792
356.605
355.642
355.958
357.254
359.15
357.941
358.378
358.571
357.179
357.834
355.989
358.067
359.58
361.695
361.224
358.975
357.844
356.628
356.01
355.542
355.686
356.377
359.552
358.433
358.944
357.183
357.055
358.2
360.502
362.961
357.36
356.054
357.943
355.834
354.741
359.276
358.412
357.072
354.803
357.247
357.487
358.213
357.491
357.91
359.464
361.605
360.918
361.729
360.617
359.374
357.783
356.116
358.765
360.324
359.5
359.384
357.922
356.389
360.472
357.742
358.875
359.193
355.986
359.95
359.268
359.759
356.03
355.403
356.138
357.904
361.066
360.538
357.159
356.019
355.691
357.133
359.649
359.411
360.264
357.263
356.727
358.078
357.251
358.311
355.546
356.343
353.737
359.963
358.616
359.309
358.877
357.532
357.162
355.993
354.952
359.258
356.72
357.334
354.919
355.218
360.746
359.035
360.569
359.303
358.283
356.774
359.609
356.68
356.467
353.663
355.77
361.25
358.284
356.309
359.675
356.214
359.459
359.652
355.861
356.838
357.613
355.971
357.152
357.156
357.789
360.26
356.66
360.992
356.811
358.109
358.593
354.833
358.254
355.892
359.989
356.877
356.399
356.249
357.97
359.304
357.91
355.626
355.971
356.293
359.067
355.763
358.096
355.477
356.789
360.443
356.541
357.888
356.478
360.645
360.153
353.471
357.797
354.936
359.893
357.649
357.844
358.552
356.327
353.963
358.236
355.871
356.279
359.708
359.793
355.431
356.582
357.688
358.069
355.74
359.238
357.913
359.239
355.789
357.378
356.521
354.793
358.847
362.314
357.347
359.332
358.559
357.432
357.595
357.274
358.732
357.385
356.624
357.753
355.945
357.704
356.486
357.689
359.251
361.258
361.757
354.682
356.459
360.087
357.455
356.423
356.983
357.817
357.173
356.837
352.846
354.56
358.184
359.968
355.429
357.373
359.572
357.439
359.061
356.904
356.733
360.697
360.943
358.943
357.577
360.848
358.98
360.516
358.32
357.717
359.681
356.138
356.636
355.896
356.963
357.274
357.936
357.89
359.056
357.442
355.572
356.047
356.735
359.808
360.034
357.578
356.806
355.623
357.051
362.156
358.436
354.69
353.851
355.663
358.016
360.708
356.001
358.398
356.195
356.836
360.053
358.021
359.686
358.678
360.209
356.263
357.219
357.49
357.329
358.311
358.306
357.694
355.771
357.397
357.902
355.161
357.206
361.085
358.348
356.474
355.192
357.365
356.619
359.286
360.37
361.958
359.893
359.497
362.369
355.865
358.543
358.175
358.403
356.979
358.004
357.633
357.416
356.754
358.195
359.831
356.926
357.103
358.569
356.715
356.864
355.757
355.743
359.969
359.764
357.168
356.813
356.938
357.277
358.395
358.989
360.185
357.841
359.353
359.082
357.82
355.618
357.498
357.716
357.674
361.168
360.433
357.836
359.563
356.616
357.066
358.535
358.02
355.887
356.718
361.865
357.128
355.736
357.54
356.309
360.6
354.653
356.13
357.564
356.835
361.487
359.914
357.056
356.047
356.653
358.934
361.029
356.526
357.752
359.51
356.769
358.635
357.106
358.945
361.234
360.772
358.468
358.054
359.359
357.808
358.461
359.166
363.919
356.7
359.116
360.45
356.67
359.977
361.887
360.608
361.758
358.312
358.401
359.91
358.112
357.128
357.53
360.498
359.008
358.365
357.362
357.594
356.086
357.856
358.232
357.46
360.91
357.864
360.511
356.841
361.133
359.673
360.203
359.339
361.421
359.95
359.192
357.365
360.922
357.112
357.416
356.586
360.61
358.564
360.454
358.368
357.118
356.226
359.98
358.828
357.724
359.018
356.697
358.935
358.198
355.451
357.324
355.273
357.236
357.019
355.117
359.014
363.472
360.146
358.182
358.281
360.864
359.404
357.024
358.492
359.951
359.227
359.122
358.989
357.672
355.199
357.314
358.819
356.631
357.726
357.692
359.193
359.008
360.101
356.426
356.018
356.465
359.915
360.149
356.493
359.694
355.931
361.42
362.965
360.44
356.586
357.517
356.947
356.566
356.863
358.128
358.45
360.955
358.905
358.335
362.502
362.288
355.07
359.597
358.883
357.848
359.491
359.591
361.353
362.333
359.46
359.952
358.886
360.141
359.356
363.05
359.585
355.943
357.908
357.143
358.94
360.226
357.972
361.221
357.624
357.674
359.041
360.566
362.935
364.645
364.536
363.343
360.288
364.425
358.385
360.147
365.257
362.424
365.18
362.662
361.023
359.784
363.365
360.82
360.383
359.55
362.733
364.766
360.132
359.401
359.981
361.416
359.735
358.093
359.579
358.705
358.18
359.756
360.565
360.309
358.117
359.483
360.342
359.896
360.283
357.881
358.461
357.697
359.635
360.742
360.727
359.341
359.84
359.712
357.657
359.893
359.873
359.413
357.906
361.21
358.619
356.035
359.769
357.661
360.476
360.38
360.424
359.17
362.696
357.032
361.284
361.859
363.08
359.534
358.621
361.867
359.273
358.895
359.906
361.004
366.955
361.968
359.192
359.535
358.387
363.456
364.182
363.981
361.033
362.554
361.772
363.281
364.894
365.52
364.896
362.421
362.303
361.525
360.973
360.594
358.805
358.532
358.818
358.125
359.496
364.36
361.563
363.715
362.825
360.448
364.064
357.928
359.673
358.721
359.159
358.113
359.028
358.48
359.231
362.458
358.976
362.976
358.599
360.533
358.912
358.698
361.426
360.021
359.734
361.768
358.648
358.766
361.303
359.485
360.246
357.102
356.72
359.644
359.896
359.958
355.887
358.411
356.52
358.167
358.866
358.665
358.392
358.117
360.25
362.187
360.264
362.259
358.214
357.786
359.796
361.456
357.61
360.892
358.446
360.542
362.026
356.792
355.022
356.97
356.949
357.775
357.932
356.723
358.286
358.447
358.891
360.369
362.733
358.313
360.552
363.879
358.242
358.716
355.571
360.07
359.035
358.675
362.334
362.43
362.559
357.658
358.235
358.527
356.959
359.633
361.938
362.24
358.822
362.178
358.62
356.341
360.115
361.244
360.204
358.958
357.868
358.075
358.549
360.235
358.669
357.523
359.958
360.458
358.277
360.045
361.554
359.736
357.023
357.085
358.373
358.58
358.226
360.456
358.336
361.492
360.751
356.379
360.323
361.258
357.201
356.383
359.642
357.151
359.068
358.43
357.833
357.045
357.426
356.523
356.623
356.54
355.365
357.535
360.311
361.121
358.141
357.749
357.02
357.173
357.635
354.856
359.404
356.481
356.944
360.291
358.828
364.061
360.003
359.612
358.945
358.98
358.413
358.783
359.115
356.835
357.479
359.198
360.435
358.919
355.732
355.268
356.659
355.984
358.042
353.761
360.324
357.157
363.215
360.051
362.819
360.905
359.998
358.538
358.337
355.537
361.114
358.477
358.025
357.773
357.681
356.829
358.462
361.462
358.107
362.222
359.076
355.787
355.277
357.516
355.951
355.743
354.831
356.715
357.78
353.626
357.675
358.389
356.725
357.352
357.4
357.433
358.846
358.543
357.795
356.135
359.393
360.094
355.997
358.847
361.798
360.009
358.178
359.42
359.665
357.057
358.092
360.953
359.963
358.094
358.769
359.28
356.668
357.476
356.743
358.254
358.286
355.071
358.483
358.35
359.911
352.061
358.214
357.39
359.648
356.825
357.852
355.433
357.249
357.695
359.363
356.99
358.422
356.698
359.766
356.949
360.112
360.588
359.913
355.549
359.65
360.822
358.05
360.926
361.297
359.835
359.226
358.965
360.291
363.376
362.993
361.819
360.597
360.406
360.657
360.638
360.697
359.04
360.888
361.411
356.85
362.589
359.899
364.103
361.024
360.583
363.475
358.339
362.595
363.577
360.983
360.867
361.906
362.189
360.998
361.517
359.317
356.158
361.269
357.322
360.885
360.26
359.097
357.044
358.186
360.171
360.906
359.129
358.885
360.75
361.829
360.541
361.883
358.931
360.108
360.525
357.678
357.935
357.077
360.207
361.614
359.51
359.23
356.813
358.887
358.905
359.149
357.713
359.255
359.958
360.93
361.533
363.374
360.336
359.219
361.269
356.465
361.154
360.004
358.884
361.499
358.693
362.574
357.199
360.604
358.466
360.565
361.3
358.95
356.913
360.029
359.915
360.563
356.767
359.296
360.039
355.093
360.109
359.727
358.786
363.099
359.317
358.863
360.689
357.641
360.288
360.483
361.372
361.434
360.474
361.839
362.123
362.126
361.147
360.654
359.428
357.752
360.557
361.603
359.344
366.384
362.252
358.376
361.543
360.796
361.57
362.167
362.991
363.368
363.746
360.277
361.555
363.372
359.757
360.723
360.031
361.277
358.633
358.609
358.829
359.781
357.214
357.7
359.531
362.801
357.366
360.616
360.083
354.85
358.945
361.552
357.546
357.818
358.423
360.578
359.917
360.689
359.13
358.572
360.334
359.62
360.846
362.654
359.396
356.366
359.528
361.02
360.644
358.419
354.378
360.629
357.693
356.591
359.661
360.893
359.913
362.616
359.878
361.591
359.226
357.541
359.126
360.524
357.815
354.441
356.934
357.573
357.707
358.997
356.041
362.472
360.364
361.034
360.454
358.156
357.781
360.323
355.816
359.889
358.033
359.994
358.411
357.779
360.741
360.531
358.205
358.475
361.594
360.768
357.589
357.429
360.182
361.641
359.653
358.534
359.813
360.115
358.125
359.551
359.336
357.247
358.365
359.374
358.705
357.815
358.685
356.591
360.423
361.936
360.65
358.587
360.91
358.936
358.445
359.421
359.89
358.85
360.893
360.806
358.211
358.249
358.298
360.679
356.86
355.793
361.779
360.638
357.717
358.655
359.809
355.289
355.171
357.92
360.303
359.787
361.145
363.729
362.115
362.843
359.559
359.76
360.106
358.633
355.404
357.513
359.302
358.719
358.26
357.535
356.424
358.22
357.795
361.067
359.313
361.521
358.945
360.636
359.64
358.428
357.28
359.091
359.309
359.14
358.821
360.187
357.584
359.647
356.661
358.284
360.337
359.905
359.006
357.448
355.629
358.15
357.193
358.966
357.766
358.772
359.466
357.985
357.337
356.162
359.837
362.73
361.257
358.752
360.012
360.451
356.593
360.325
358.406
357.29
357.225
362.294
361.699
360.787
357.91
357.82
356.2
356.559
356.168
356.287
358.595
360.771
358.996
356.937
359.015
358.8
357.659
356.878
360.263
360.195
358.341
361.28
359.425
358.724
353.94
361.412
357.218
356.905
358.191
360.912
359.922
359.741
357.197
356.043
357.815
359.22
357.854
360.122
359.677
361.681
356.05
358.32
357.984
359.729
357.271
358.933
358.511
361.061
355.849
356.185
356.274
357.157
357.228
360.092
358.03
357.685
358.653
356.078
357.333
357.661
361.017
359.811
360.307
359.307
362.259
358.299
358.59
359.901
356.195
358.617
356.872
359.52
358.142
361.434
358.726
361.389
358.603
355.063
359.22
357.664
358.432
357.375
359.661
357.479
359.273
357.713
356.965
358.43
356.543
357.796
358.022
359.265
357.419
357.766
360.955
355.249
362.426
358.741
362.8
357.647
356.694
361.444
361.358
360.872
360.256
359.299
361.44
361.585
359.62
360.592
359.329
359.049
359.005
358.066
356.653
357.962
355.417
357.035
360.973
355.727
360.639
358.859
359.671
356.707
356.088
358.607
358.729
358.305
360.76
362.266
361.175
358.037
360.851
360.467
357.362
359.792
359.5
359.454
359.535
360.138
358.248
358.105
357.289
363.302
355.704
359.429
362.137
361.053
360.48
358.947
359.214
355.441
359.655
358.531
358.235
359.485
361.411
358.315
360.793
362.246
362.45
361.445
360.516
357.582
360.428
359.048
354.585
353.647
356.991
356.772
360.952
358.486
359.161
357.057
359.687
359.885
358.041
356.289
357.329
358.841
357.437
358.791
357.136
358.446
358.323
358.826
357.062
357.765
357.124
360.555
360.39
359.168
356.024
357.692
356.917
360.2
358.681
358.968
358.961
358.003
356.099
357.581
357.36
357.012
358.382
356.991
356.471
359.359
357.92
360.515
358.286
356.009
358.743
356.908
359.44
360.124
360.749
359.188
356.515
360.237
359.088
358.725
359.27
360.028
360.922
360.34
356.416
358.973
360.331
361.317
362.641
361.376
358.924
357.378
359.644
358.022
359.41
357.068
357.233
359.033
359.219
361.31
360.275
361.746
359.201
359.46
362.171
361.758
361.916
362.914
360.383
361.962
359.166
359.119
359.76
357.474
359.819
361.36
357.521
359.592
357.365
354.769
359.218
357.156
360.019
359.51
358.306
362.372
359.008
357.229
361.49
357.064
356.755
361.469
358.195
357.536
356.925
357.022
357.659
357.27
359.117
358.882
360.749
360.484
361.07
360.58
359.699
358.477
358.521
358.486
361.663
357.99
361.727
358.761
357.497
358.678
359.873
361.765
357.191
359.986
358.264
359.207
361.299
361.243
363.167
360.294
359.582
359.085
357.644
359.317
357.752
361.236
356.284
361.27
358.394
361.431
354.448
359.3
360.103
359.324
358.498
358.27
356.254
359.044
356.197
357.803
357.518
357.883
357.054
359.109
358.183
357.78
361.669
356.918
356.698
357.379
354.277
357.247
357.947
356.196
359.98
358.545
357.769
357.852
355.994
357.066
357.61
357.295
360.317
356.28
358.984
357.816
358.057
359.609
360.556
357.056
356.803
361.033
359.791
358.192
358.443
359.272
356.846
360.228
360.048
362.417
360.904
361.836
359.55
357.694
361.602
358.406
355.249
360.31
356.327
357.013
356.443
357.155
360.532
357.914
360.557
363.752
360.176
358.522
359.766
358.664
357.856
358.907
359.641
361.342
358.674
360.064
359.251
360.207
359.812
357.891
359.223
356.433
356.103
357.183
359.06
360.496
359.631
359.588
361.004
360.535
360.734
360.816
360.21
356.213
357.643
356.683
357.759
356.811
358.528
361.708
363.426
359.225
361.581
356.157
358.164
359.711
358.108
358.157
359.671
359.433
357.741
358.013
360.038
360.202
358.458
356.477
359.636
358.986
358.234
358.587
356.454
359.717
358.879
357.93
357.91
357.755
356.4
360.947
357.13
358.956
358.482
358.845
356.254
358.489
360.191
362.456
358.328
357.927
359.981
356.65
356.062
358.356
357.413
356.582
358.882
358.463
358.546
359.228
357.476
358.904
359.841
358.522
356.01
360.113
357.211
357.424
359.068
359.063
359.392
358.935
360.073
357.382
360.809
358.298
356.3
357.283
360.523
354.721
359.289
359.051
356.967
359.613
357.776
360.729
358.146
359.328
362.839
359.943
360.173
362.144
358.823
363.601
360.835
358.296
356.349
362.425
358.249
357.548
357.552
361.009
363.914
358.879
357.412
358.45
359.606
356.338
355.311
357.301
356.573
357.093
355.416
356.232
357.295
355.668
357.007
355.267
357.306
356.554
353.999
357.269
356.878
358.347
358.635
359.112
357.796
359.109
358.037
355.163
359.675
359.494
360.059
360.808
358.123
359.626
357.014
353.804
360.647
355.883
358.203
355.291
356.774
357.088
358.011
358.688
358.001
357.405
359.689
360.634
360.871
357.88
358.648
360.44
359.742
358.946
365.452
364.92
362.413
361.51
358.389
362.003
360.026
360.273
359.465
359.65
360.305
361.101
357.913
362.739
361.734
360.153
360.769
359.517
359.82
360.346
357.319
357.523
364.093
356.138
358.5
357.399
359.357
357.825
361.45
362.897
360.447
359.355
357.349
362.06
363.282
359.908
358.672
359.278
358.003
359.441
359.385
361.35
356.032
358.673
359.138
360.722
356.021
361.166
356.71
361.294
360.343
360.722
357.614
357.725
359.636
361.136
356.428
357.253
358.315
357.829
358.871
359.138
357.722
361.101
358.47
360.564
358.617
359.986
359.178
360.552
362.156
359.21
359.386
358.505
358.961
361.674
359.837
357.837
360.605
358.399
358.724
359.52
358.856
360.891
358.215
361.791
357.794
361.257
360.305
357.195
360.086
358.205
359.158
360.696
360.917
360.691
357.978
361.874
360.036
359.005
360.81
362.177
361.901
361.314
356.79
359.31
359.361
358.241
358.822
359.115
360.77
359.425
358.482
356.968
358.911
358.349
359.042
359.95
357.788
360.206
359.114
358.632
356.117
360.357
361.92
358.882
357.535
358.189
358.259
359.994
359.2
359.246
362.213
355.326
358.947
355.155
358.279
359.848
361.397
362.168
358.967
360.432
358.617
362.335
360.068
361.227
359.766
358.05
358.83
358.644
360.097
364.524
364.118
362.436
362.949
356.142
358.887
357.736
360.816
359.819
358.563
357.924
356.926
359.889
362.159
359.16
360.401
358.908
361.691
357.209
358.931
359.454
360.169
357.889
361.148
361.302
358.767
356.367
357.959
358.219
357.01
361.2
360.177
359.089
357.642
360.866
357.948
358.156
357.995
358.041
357.504
359.007
356.438
357.787
359.226
358.772
357.333
359.783
354.73
360.078
358.734
359.094
359.942
359.635
359.138
361.595
359.333
361.448
359.497
357.617
359.419
361.178
360.752
357.123
359.26
358.356
359.479
359.507
362.067
359.507
358.467
358.866
357.676
359.386
360.796
360.218
359.906
359.512
359.614
358.498
364.913
362.603
359.224
358.794
361.264
360.264
362.708
359.506
358.537
358.914
360.387
358.027
361.592
356.896
363.261
360.41
358.988
358.718
357.14
358.303
357.896
358.967
359.467
361.164
358.306
359.58
359.665
360.119
360.719
358.407
357.698
360.572
359.438
360.735
360.216
361.775
355.938
360.829
360.34
360.006
357.41
362.083
359.79
363.041
358.402
359.501
357.945
358.558
359.255
359.202
357.962
359.436
357.34
363.023
359.042
359.581
358.352
358.937
357.755
357.338
360.137
358.104
358.268
360.452
359.247
358.489
363.959
361.233
360.012
359.073
355.961
358.986
358.575
359.779
365.507
361.907
360.039
362.237
362.454
359.862
358.244
361.541
362.52
361.357
361.125
362.623
358.436
363.047
364.478
359.557
359.832
358.981
361.474
361.031
360.346
360.425
358.236
358.427
359.674
360.713
360.476
357.721
359.661
357.5
359.395
358.442
360.14
359.745
357.347
360.145
361.841
363.958
362.817
358.984
359.934
357.713
362.729
358.954
365.949
356.893
357.934
359.468
360.694
359.034
358.346
362.812
357.256
359.488
358.798
359.802
361.343
362.302
362.841
360.872
361.66
360.315
359.568
358.976
358.866
356.819
358.599
361.101
359.09
358.288
358.858
358.533
359.073
357.849
358.647
362.269
360.499
357.03
356.583
358.872
360.563
360.796
360.447
362.213
360.616
361.905
364.378
362.463
363.318
365.74
363.05
361.728
362.715
364.274
359.938
366.427
361.791
362.341
365.28
362.878
371.905
369.903
366.057
362.001
362.975
362.165
363.061
362.774
361.131
363.588
363.888
362.554
364.661
359.152
363.387
361.762
361.779
360.69
361.394
360.915
360.422
364.177
364.085
361.67
362.034
361.08
359.725
362.088
363.231
360.166
357.476
358.976
358.642
360.29
358.719
360.024
358.219
359.315
361.297
363.166
360.748
363.219
360.326
363.06
357.888
359.387
359.535
360.722
355.662
361.222
359.604
358.638
363.246
360.144
358.898
358.969
356.755
360.44
360.258
360.454
359.48
359.25
361.615
361.712
358.593
359.764
358.624
358.79
356.698
359.522
359.907
358.74
360.703
356.652
359.628
359.076
358.443
362.668
358.966
358.031
359.316
357.631
359.286
360.061
360.497
360.534
358.575
359.548
361.422
361.259
359.409
361.537
361.094
360.782
360.341
354.099
359.345
360.846
363.026
361.416
359.218
360.346
359.924
358.109
360.849
358.47
361.42
359.352
357.121
358.533
360.113
357.881
360.411
359.671
358.731
356.7
358.474
359.258
358.244
359.947
361.443
358.772
359.717
359.429
356.914
358.902
361.529
362.483
361.536
363.425
358.772
362.737
361.187
364.512
357.603
358.575
358.135
360.366
358.786
359.157
359.673
360.358
360.037
359.162
360.674
360.479
362.498
358.767
359.278
360.172
361.367
358.54
361.103
357.962
359.752
363.727
362.289
359.123
359.197
357.485
358.829
356.709
360.267
360.129
358.249
359.869
360.434
358.504
359.749
362.797
362.868
361.03
361.785
362.042
359.987
361.891
359.109
361.875
360.9
361.3
361.771
365.764
362.913
363.43
360.763
361.926
361.422
362.326
360.279
364.533
361.461
362.353
360.82
360.581
357.772
363.462
361.874
360.118
359.837
360.162
361.14
356.44
359.362
362.221
365.287
362.911
358.876
358.573
358.795
356.401
358.421
360.19
361.892
361.022
363.979
359.433
358.247
357.989
359.587
358.544
359.731
360.847
362.811
360.542
357.692
358.07
361.247
361.035
359.276
357.631
361.069
361.972
360.416
357.894
358.736
360.521
361.95
360.586
359.094
358.759
358.934
356.271
359.64
357.966
359.522
360.684
356.403
357.961
357.647
362.381
357.055
358.017
358.998
357.834
361.086
360.892
358.701
357.604
359.04
358.475
362.73
363.337
359.375
359.642
356.067
357.337
359.021
356.016
357.703
359.223
357.155
360.867
360.128
358.375
359.954
362.826
356.923
358.806
360.358
358.161
359.894
359.408
361.408
362.479
359.962
361.942
358.607
357.635
359.548
359.226
361.144
360.61
358.923
359.915
362.657
358.338
358.97
360.404
361.163
360.067
357.526
359.032
358.351
358.276
362.091
358.849
364.612
364.779
370.212
367.213
370.391
369.351
367.625
363.164
365.688
363.284
364.786
361.208
363.754
361.3
365.711
360.451
367.019
365.05
364.014
363.713
363.949
362.442
364.203
360.855
361.007
360.681
363.413
362.975
360.013
361.456
362.904
362.55
362.553
361.935
360.005
361.176
359.489
358.727
362.856
362.278
360.164
362.174
362.585
363.203
362.408
362.061
360.878
358.277
363.998
363.41
360.606
360.716
360.293
361.134
356.413
358.937
357.592
357.534
363.286
359.716
357.973
359.844
360.048
356.231
357.817
358.737
359.762
360.113
360.74
361.406
360.121
361.761
359.561
362.486
356.446
357.65
358.969
356.375
357.115
358.015
357.337
360.496
357.821
358.457
360.809
359.747
358.336
361.041
359.502
361.828
361.455
359.935
363.126
360.54
361.419
364.158
362.657
358.992
365.417
366.02
360.829
363.18
362.104
363.606
362.509
357.7
359.002
358.924
358.935
360.205
362.733
361.969
360.639
358.934
359.979
361.022
359.589
359.99
357.897
359.332
360.75
360.795
360.256
362.152
357.907
357.036
357.461
355.943
361.171
358.182
358.233
359.276
359.851
359.157
357.251
363.567
356.628
358.42
361.406
360.665
360.464
356.148
356.141
360.756
358.224
358.119
358.868
361.599
358.995
358.737
356.027
356.32
358.241
359.704
357.869
357.2
357.493
356.239
360.508
357.857
360.451
361.527
356.773
360.015
361.519
363
359.719
359.95
360.698
356.046
358.232
360.124
361.22
362.069
363.028
358.594
358.684
361.372
364.984
361.616
361.18
359.326
363.729
360.975
362.484
360.175
358.71
359.79
362.613
360.801
362.113
359.419
360.561
357.803
360.07
362.035
358.57
357.616
357.477
363.08
356.861
360.394
359.076
362.97
362.011
360.992
359.932
361.988
360.428
360.959
361.598
359.774
359.664
361.09
359.45
360.038
359.484
359.421
358.127
359.753
359.387
362.076
357.314
357.19
361.465
358.635
359.919
358.654
360.648
361.39
358.527
361.938
364.278
360.666
355.428
359.014
358.843
362.485
358.72
358.424
358.234
360.667
361.431
359.128
360.127
358.89
359.185
359.369
359.005
359.468
359.679
361.036
360.553
358.008
359.53
362.347
359.894
361.653
359.361
360.507
358.311
359.899
360.556
358.144
357.907
357.707
358.166
361.153
360.052
356.983
361.594
355.597
361.076
362.479
359.473
358.09
362.14
360.043
364.848
355.25
358.681
358.064
359.435
361.018
358.864
360.365
358.608
359.085
362.493
361.728
362.747
360.019
358.57
357.986
358.467
361.954
357.293
360.491
355.89
358.105
358.888
357.466
359.595
360.45
361.527
362.203
358.494
356.138
360.701
358.594
360.281
362.902
358.621
358.981
358.271
358.429
360.401
358.259
358.603
360.065
357.733
359.036
362.422
361.276
357.543
360.943
360.861
359.485
358.237
361.532
361.249
359.384
365.306
364.657
364.321
362
363.645
362.319
360.776
359.258
363.613
362.873
360.164
362.496
362.094
362.442
362.619
361.963
362.664
363.603
359.073
359.089
365.609
358.342
356.955
359.029
361.639
363.085
361.492
365.89
362.228
368.135
365.68
364.314
364.992
365.825
367.201
365.607
362.595
365.595
366.311
366.24
364.341
365.752
368.342
365.028
367.094
364.649
362.98
363.802
366.811
368.083
368.02
363.303
364.264
364.879
364.228
363.413
359.842
364.748
365.395
365.817
362.995
364.96
365.943
363.739
363.05
362.629
359.892
363.877
363.543
365.652
365.866
361.229
362.442
361.031
362.12
362.108
368.143
367.553
366.907
367.876
369.11
365.615
365.962
363.938
362.869
366.527
361.846
361.336
362.562
359.743
360.564
361.696
356.43
361.68
363.291
364.541
359.779
361.098
358.088
362.528
360.994
359.523
360.245
356.401
359.566
359.291
357.438
360.549
360.602
360.497
365.193
359.267
360.664
359.994
355.892
356.104
358.518
362.51
359.97
358.771
359.558
357.735
358.378
360.57
363.526
358.662
361.457
357.465
355.71
358.423
358.745
357.136
363.375
361.531
359.701
361.162
360.927
359.204
361.551
362.944
361.746
361.468
364.719
358.719
366.103
362.554
361.138
361.53
360.896
359.547
359.279
356.908
357.692
358.262
357.475
357.022
358.312
357.613
359.423
359.439
358.118
359.148
359.702
361.89
359.008
356.446
359.989
358.633
361.015
356.003
355.511
358.653
359.616
359.671
359.854
359.615
359.723
361.439
356.152
357.653
356.368
357.93
359.038
357.95
363.335
359.027
358.416
360.73
359.751
360.465
357.307
359.62
360.51
357.469
361.704
360.521
356.839
359.27
358.978
362.322
358.838
359.993
362.783
360.847
359.141
358.836
359.462
357.89
359.149
356.321
357.456
360.993
358.266
357.227
357.794
358.416
355.344
358.543
359.239
363.603
361.177
359.481
358.973
359.878
362.62
360.342
361.426
358.876
356.912
358.994
357.98
356.91
358.344
362.047
361.628
361.796
361.539
360.757
358.864
358.987
360.08
359.999
358.534
359.512
361.505
358.748
362.327
356.759
358.746
358.747
359.443
357.501
359.099
359.234
358.429
361.783
358.979
359.295
363.107
358.079
358.148
361.704
361.351
360.053
361.288
362.531
361.756
357.265
359.061
360.736
363.222
360.56
362.189
356.79
360.755
359.117
357.689
359.188
361.852
360.166
362.873
360.474
359.248
359.619
358.897
359.803
359.301
356.726
357.866
360.122
357.128
360.443
360.824
361.056
359.429
360.646
357.798
362.014
360.858
358.668
360.505
364.424
359.052
358.633
362.444
358.129
358.544
360.151
360.846
355.715
359.356
358.102
359.426
357.866
357.799
359.07
357.873
357.328
362.041
362.15
359.318
358.5
359.513
357.188
357.473
358.816
360.442
358.189
365.059
360.638
360.107
357.438
361.599
358.471
359.276
359.428
361.173
362.506
361.972
363.032
359.772
356.366
360.234
358.155
362.791
362.329
364.938
363.27
361.267
357.268
359.395
360.833
362.536
359.928
359.571
359.585
