628.772
582.433
541.964
496.696
470.324
438.859
426.194
412.416
401.653
394.491
388.396
384.475
382.013
380.762
377.101
375.413
374.359
372.494
370.419
366.926
365.413
362.906
362.381
361.465
359.165
358.647
356.509
357.975
357.674
357.805
354.521
352.06
356.924
354.302
356.257
352.383
349.933
348.888
347.999
350.218
349.471
348.272
348.448
351.173
352.215
350.105
347.974
346.72
349.802
347.27
347.75
347.24
346.875
348.104
346.912
350.859
349.212
348.891
345.316
343.758
344.435
345.778
345.916
347.283
348.422
343.968
343.078
347.289
346.282
346.776
346.296
346.209
345.095
345.698
348.693
347.628
348.696
346.151
347.324
346.752
347.466
347.782
343.666
345.2
343.176
347.869
348.107
349.772
340.336
347.35
342.166
345.744
347.479
342.076
345.609
344.739
341.434
344.192
345.377
338.781
343.698
342.283
341.125
341.9
344.874
344.554
347.62
346.881
343.932
348.084
341.635
343.005
345.829
344.402
348.488
345.676
342.941
343.71
345.502
346.861
343.447
343.821
345.253
344.59
344.729
342.763
342.334
344.41
344.984
346.006
344.445
342.303
342.695
342.295
341.616
343.663
340.253
343.734
344.563
344.48
343.913
343.34
341.393
342.92
343.909
340.265
342.806
343.564
341.635
343.912
344.55
345.332
342.013
347.164
343.896
342.977
345.28
342.985
344.333
345.562
346.781
345.345
346.587
342.774
341.349
340.693
345.814
345.449
342.304
345.532
344.927
350.941
345.564
345.737
344.982
344.116
347.739
347.004
342.294
345.511
348.634
346.462
343.359
343.749
347.113
346.66
345.378
344.885
347.339
345.424
343.097
345.275
343.297
345.672
347.979
344.921
344.904
347.292
347.934
347.492
346.445
347.877
349.538
346.048
344.299
343.964
343.586
343.736
344.556
342.456
342.475
347.093
345.731
344.54
346.127
346.073
343.695
342.869
343.882
346.304
349.099
346.352
350.307
347.512
346.251
346.279
347.681
346.917
345.328
347.353
346.733
347.19
345.872
346.483
346.432
345.524
343.751
345.044
345.859
344.126
342.926
344.925
345.607
343.94
347.391
341.433
344.95
344.676
343.133
345.634
347.797
344.664
342.505
344.254
345.692
345.001
346.106
343.328
343.035
345.875
345
342.751
345.934
349.387
347.098
347.368
343.606
345.46
343.652
344.693
342.441
344.625
346.827
344.408
344.833
346.578
344.5
345.561
343.561
349.732
345.589
346.159
344.969
344.573
344.504
344.942
344.738
345.189
345.652
345.749
348.781
345.267
344.34
346.767
349.532
349.129
345.813
346.212
344.223
344.077
346.207
344.759
344.24
342.12
345.305
346.586
343.864
346.404
344.474
341.971
342.064
342.108
343.731
342.402
346.936
344.02
343.786
344.545
348.441
341.842
345.782
344.303
341.942
344.9
343.953
343.847
343.465
344.469
342.389
342.409
342.417
345.764
345.283
346.623
343.971
341.988
343.577
344.395
341.868
343.375
341.816
341.577
339.666
344.94
344.912
344.811
344.606
346.25
344.207
345.28
343.54
345.184
345.131
346.544
344.228
342.093
343.929
343.521
346.51
342.248
343.841
341.88
343.849
344.327
346.338
343.614
341.699
346.438
342.334
345.188
344.43
343.273
345.232
343.891
342.16
341.687
341.607
340.679
340.272
344.2
345.13
346.125
345.045
341.973
339.305
343.181
345.961
343.751
344.807
339.9
342.764
344.418
343.78
342.521
341.665
341.343
345.212
343.265
346.389
344.936
345.001
342.809
344.553
345.517
346.116
343.349
343.359
345.385
342.683
345.416
343.305
345.666
343.238
342.357
344.239
346.639
344.384
344.155
340.506
344.901
345.624
342.861
341.404
346.286
345.038
344.478
344.992
346.829
344.22
341.16
345.817
344.977
345.003
346.828
345.792
345.911
343.217
344.462
342.985
345.348
344.776
344.367
347.53
345.038
345.423
347.209
347.04
345.788
350.477
342.369
346.792
344.36
343.4
346.41
345.691
344.041
344.359
343.331
341.984
344.234
342.696
347.116
343.932
345.78
346.831
345.348
343.786
344.145
341.854
341.319
344.303
343.175
345.797
343.675
347.82
344.949
345.084
342.5
345.892
341.929
345.572
345.507
343.523
345.025
343.689
344.197
343.142
343.972
345.237
345.565
345.52
344.086
344.256
340.426
343.044
343.965
341.835
343.541
345.483
344.24
343.395
346.119
346.898
342.862
343.551
344.31
341.966
344.773
345.377
345.61
343.354
339.512
341.688
342.929
344.463
344.443
345.154
344.353
344.399
342.347
341.907
344.399
345.216
345.925
342.083
343.625
345.663
342.602
345.983
343.953
342.972
343.353
341.977
345.121
344.078
342.887
343.912
342.374
345.497
343.059
343.345
340.701
346.853
342.362
347.249
346.052
343.779
343.527
344.593
341.598
342.188
342.597
341.669
342.908
342.397
344.238
342.972
346.382
344.756
343.752
345.001
341.919
344.193
343.078
342.756
340.309
345.359
342.232
342.451
342.974
339.514
341.572
341.11
342.951
345.533
341.441
344.847
345.233
346.295
346.243
344.536
344.857
344.165
346.785
346.778
347.603
348.376
343.99
347.023
344.614
345.003
347.043
343.482
346.136
342.931
343.903
345.457
340.208
342.051
342.888
343.357
344.499
342.671
344.211
343.97
346.439
346.094
343.737
347.169
343.982
343.196
341.788
344.363
344.17
346.693
348.518
342.36
343.462
347.574
346.372
342.444
342.609
345.146
343.685
347.5
345.744
347.532
347.377
342.872
340.225
340.237
346.735
345.286
349.231
347.022
347.888
344.886
345.386
343.88
346.885
347.482
345.717
345.174
341.93
344.952
345.356
344.391
344.011
344.354
345.675
344.853
345.956
346.377
344.178
341.16
342.243
343.439
345.386
341.679
343.887
345.299
345.361
343.021
343.409
345.695
341.575
346.396
347.724
349.454
344.23
343.022
343.861
346.904
343.237
341.436
345.691
343.766
343.012
344.603
344.595
342.205
345.645
345.14
342.781
343.193
346.621
345.052
344.07
345.184
346.113
341.313
345.255
343.081
344.015
342.066
343.905
342.604
347.813
342.574
342.578
344.059
344.327
342.909
344.577
345.095
345.533
346.778
344.942
345.426
346.234
343.336
344.913
345.927
346.155
345.238
344.203
345.407
346.352
347.796
341.145
343.258
347.316
345.483
344.47
347.47
346.574
341.687
340.299
344.2
345.476
346.013
345.609
344.355
344.544
345.669
343.242
345.851
341.961
346.402
341.367
344.315
340.974
341.251
346.157
347.249
343.393
344.431
344.314
345.752
345.366
344.926
347.87
344.172
343.968
345.309
344.601
343.888
342.755
343.209
342.3
343.35
343.153
341.349
342.913
341.892
344.982
342.36
343.292
345.081
339.876
343.935
346.854
345.062
344.209
343.1
347.224
345.457
345.309
345.395
342.912
344.083
346.341
343.374
343.838
345.26
342.42
342.559
341.961
344.67
342.276
343.459
343.102
342.2
342.109
343.07
343.018
343.573
338.697
340.853
341.392
344.901
345.208
342.217
344.375
345.322
340.673
343.668
342.458
343.371
346.172
345.197
341.085
340.192
345.346
345.86
342.957
346.214
344.365
345.885
342.254
343.139
342.285
343.063
344.484
345.221
343.419
343.777
342.585
345.604
346.654
346.6
346.16
346.662
346.099
345.124
344.134
343.512
345.907
340.076
343.36
345.209
343.573
347.714
344.549
345.345
345.577
345.851
344.966
344.774
341.697
345.481
343.845
343.725
347.445
346.149
345.74
342.509
347.37
346.917
344.04
340.693
342.11
344.2
342.949
345.7
342.382
346.477
345.446
344.481
343.984
345.33
342.683
344.774
345.772
347.083
344.883
343.072
344.005
344.389
340.013
345.18
342.731
342.304
345.112
346.662
346.274
344.934
345.97
345.73
345.136
344.021
344.095
345.45
343.915
345.403
345.012
343.952
345.03
345.419
342.927
343.277
343.497
341.325
344.34
340.927
341.618
344.561
344.302
345.968
342.591
340.551
343.482
342.775
342.908
344.311
340.463
343.536
343.985
341.693
344.846
344.667
342.464
345.065
344.315
343.424
344.029
341.971
347.328
343.511
344.883
342.652
341.842
343.81
342.32
341.373
341.201
346.095
343.794
344.773
342.846
343.815
342.832
344.02
343.04
340.264
342.215
343.405
344.11
343.926
341.767
343.416
340.425
342.467
346.969
346.252
340.002
344.437
342.973
338.719
341.322
343.231
342.306
343.427
344.339
344.353
344.106
341.765
345.876
346.315
342.665
341.579
343.943
344.559
344.109
341.15
341.819
344.451
342.199
344.169
344.943
346.348
340.57
344.976
343.043
339.681
342.808
344.197
340.45
341.763
343.41
341.771
341.957
342.624
341.22
342.893
342.417
343.665
343.133
340.4
344.908
342.48
346.444
342.139
343.417
342.897
342.322
345.812
342.694
344.661
342.16
346.015
342.129
344.772
346.841
344.215
345.333
345.964
342.708
342.718
345.073
343.797
343.946
344.354
343.069
344.791
341.196
341.042
342.281
342.849
342.112
342.989
344.298
342.893
341.676
341.777
343.215
343.075
342.1
343.696
343.654
340.514
342.584
342.021
343.018
342.825
340.513
344.079
343.871
341.953
340.744
343.348
342.386
341.429
340.938
340.846
342.589
343.127
345.141
341.225
343.157
342.973
342.345
342.399
342.468
340.792
342.962
343.503
344.518
341.557
342.84
343.585
343.679
342.925
342.881
341.568
343.238
341.41
343.756
344.226
342.511
344.502
345.015
340.198
344.23
342.826
339.323
343.303
342.932
345.25
341.675
341.788
345.399
341.216
342.516
342.362
342.032
345.163
344.397
343.168
342.268
345.32
342.046
341.695
342.303
343.714
340.594
340.034
342.499
344.591
347.667
344.791
341.339
343.174
343.897
344.653
342.168
342.47
344.701
341.744
342.336
343.357
345.71
341.035
341.387
342.758
341.431
342.62
344.323
343.899
341.682
342.785
341.834
342.301
345.014
342.82
344.028
343.216
344.317
340.804
339.791
343
341.461
342.337
345.041
343.25
341.617
340.394
342.642
342.934
344.183
341.636
341.686
342.995
345.282
342.658
342.831
344.306
341.083
341.804
342.682
344.058
344.08
341.459
344.658
344.243
345.638
343.1
341.083
343.407
343.235
341.391
344.872
346.437
343.729
341.531
342.032
342.167
344.284
340.643
341.767
338.092
345.422
341.26
343.463
344.413
341.631
342.636
344.145
342.72
344.038
344.548
339.809
342.828
342.031
343.583
342.839
344.162
344.407
345.463
346.565
338.834
342.46
344.664
341.643
343.039
340.817
343.918
345.677
339.625
342.214
344.155
342.197
340.906
342.481
343.859
343.989
343.567
344.765
345.263
342.292
345.63
345.211
343.68
340.412
343.821
340
343.212
339.694
341.825
343.999
343.083
341.23
343.987
342.664
343.307
340.942
343.054
345.53
345.181
343.048
345.326
345.063
341.441
340.929
340.82
343.127
342.348
344.003
345.114
339.754
345.837
341.986
344.576
342.646
343.746
345.477
341.959
344.693
340.68
344.393
343.721
346.324
346.722
345.899
345.058
341.312
341.849
341.178
345.08
343.043
340.293
343.731
342.027
342.302
343.188
343.631
346.261
345.21
344.939
343.359
344.88
346.131
343.366
344.778
343.904
343.698
342.275
341.372
341.895
342.629
342.388
341.424
341.636
343.748
345.308
344.279
340.277
342.435
344.44
342.356
345.685
341.7
342.591
342.641
340.128
342.523
344.152
345.071
344.181
345.497
341.123
343.332
342.177
347.722
342.525
344.15
343.95
345.017
341.8
343.897
342.831
345.521
345.236
346.606
343.981
342.29
341.445
338.955
343.034
342.571
343.044
340.419
342.193
340.608
343.365
342.863
341.317
342.536
342.308
342.746
343.369
344.315
342.594
343.28
343.323
344.053
343.036
343.183
342.841
345.159
342.162
342.633
342.638
343.89
344.134
344.156
342.8
346.335
343.408
343.851
342.726
341.699
342.474
343.917
344.941
342.284
343.114
342.367
344.114
340.666
345.374
345.555
341.844
344.168
341.303
340.702
344.804
343.385
343.972
343.828
344.677
342.5
343.972
342.055
342.78
341.198
339.577
344.072
338.165
341.92
340.682
342.567
341.49
345.009
343.386
341.094
343.291
342.502
340.957
340.66
342.486
342.116
341.209
343.433
343.574
340.943
343.092
343.514
341.706
338.566
338.308
338.247
340.246
339.441
341.683
341.32
339.717
344.092
341.727
339.021
343.504
341.182
343.989
342.404
339.883
343.029
342.348
346.313
345.122
340.943
343.227
343.129
344.502
342.47
343.974
341.87
344.683
341.776
342.949
341.508
343.241
340.261
340.958
339.361
341.58
340.347
337.72
342.98
340.34
340.454
342.705
339.304
340.671
341.953
342.486
342.652
342.708
344.707
341.494
340.178
342.322
345.172
340.013
340.699
344.157
340.803
339.542
344.864
342.924
340.573
339.87
340.129
345.243
338.995
342.932
341.727
341.186
340.653
342.339
344.237
343.603
340.856
342.731
341.758
340.187
342.579
341.516
342.201
340.778
343.727
339.754
340.067
346.089
343.747
342.347
344.802
343.323
341.966
344.159
344.858
343.099
342.217
342.36
342.183
338.94
343.863
344.832
343.122
340.973
340.21
341.062
339.509
340.676
344.279
340.539
338.829
345.16
345.981
341.809
343.817
344.351
345.291
343.216
342.118
339.232
343.208
342.005
340.584
341.991
344.133
340.83
341.921
340.491
342.491
340.583
339.246
341.98
340.281
344.095
342.624
345.717
340.854
338.663
340.811
338.93
341.68
342.905
341.488
344.778
344.647
344.196
340.819
340.868
340.052
341.224
338.926
343.988
340.794
340.677
342.25
341.607
346.115
342.165
341.095
340.893
343.748
340.619
342.493
343.164
344.454
340.718
344.069
342.786
342.196
341.102
342.643
345.72
343.119
343.527
339.961
342.573
341.302
342.725
342.561
341.114
343.818
339.497
341.123
340.366
347.781
345.704
348.793
347.167
343.376
344.928
343.082
341.374
340.317
342.103
341.808
339.456
341.202
341.458
343.706
339.608
343.279
341.654
344.833
342.549
342.37
343.335
341.713
344.274
342.051
340.456
343.085
345.727
342.148
342.374
343.186
341.44
343.19
341.957
345.751
341.636
344.876
340.052
342.676
339.725
339.939
343.881
344.447
342.351
344.926
341.118
341.596
341.488
345.052
341.45
340.365
341.503
339.686
342.128
340.534
343.595
340.713
340.388
338.833
344.521
342.866
343.304
342.085
343.186
344.054
341.569
342.199
343.307
341.959
343.082
341.035
342.953
342.421
341.685
342.869
340.779
341.139
342.301
343.02
344.275
343.853
341.446
343.304
341.265
343.079
342.53
341.514
342.473
338.985
340.951
343.52
342.256
342.961
341.739
342.035
341.225
340.434
344.392
342.379
341.707
341.026
340.752
343.327
343.651
339.261
344.739
341.271
340.732
343.64
340.308
340.059
344.088
344.484
342.058
343.133
340.96
338.856
343.21
342.912
341.785
343.852
341.522
344.212
341.459
343.995
341.9
339.857
342.518
341.294
344.117
339.247
340.876
342.443
340.836
344.585
343.018
340.901
343.063
340.319
339.608
341.619
341.839
343.613
344.225
343.036
343.357
345.854
343.487
341.035
339.341
341.365
340.804
341.258
339.679
341.098
341.729
344.399
345.028
339.806
342.64
340.153
340.418
340.715
341.51
340.983
340.974
342.127
342.177
341.478
342.445
342.056
339.647
342.083
341.825
342.787
342.045
340.638
343.189
342.988
343.127
340.743
340.781
338.978
340.457
339.443
339.42
343
342.328
342.386
342.312
342.082
338.958
339.542
340.627
343.412
342.447
342.196
341.654
341.973
342.491
344.714
342.613
338.092
342.164
344.851
342.361
340.354
343.204
343.232
340.176
341.534
342.296
343.508
346.457
341.273
342.052
342.559
341.898
343.878
337.761
342.836
343.019
345.342
342.44
344.07
341.409
344.531
340.52
341.752
342.836
343.262
339.99
340.937
345.083
342.823
337.346
341.114
341.946
338.639
341.497
338.794
343.285
341.583
342.239
344.504
342.272
345.374
341.291
341.271
342.238
336.921
340.678
340.81
341.305
342.277
341.546
344.307
341.105
343.846
343.46
343.084
340.374
345.184
343.263
343.972
346.612
345.502
339.58
341.384
342.152
343.474
344.67
344.878
345.154
344.454
341.048
341.628
340.951
343.726
342.405
339.688
344.167
346.465
343.74
343.204
340.139
341.062
343.277
342.074
342.166
340.33
341.061
341.404
340.004
344.26
344.4
340.578
339.767
341.386
342.164
342.4
340.462
342.389
341.694
340.191
341.561
342.823
343.533
341.953
343.198
344.286
343.433
345.108
344.59
344.723
339.561
340.686
342.962
341.371
343.546
344.063
341.112
340.702
340.428
342.314
341.689
342.051
342.096
342.325
344.257
341.235
341.713
340.504
339.972
343.495
340.248
343.077
342.13
339.537
343.195
345.085
340.109
344.037
341.389
341.864
341.481
340.27
339.526
343.182
343.331
342.589
346.647
344.563
344.454
343.361
343.402
340.721
343.677
336.804
337.215
342.452
340.091
347.384
343.102
340.634
339.4
341.754
341.393
338.683
339.659
339.951
340.204
340.035
342.267
341.825
342.866
343.708
345.842
340.701
341.552
341.099
341.507
340.995
343.207
341.694
343.152
344.901
342.13
347.184
345.824
344.046
345.283
345.738
344.79
345.742
344.241
347.078
347.064
343.186
342.264
344.196
344.108
343.517
341.918
345.434
346.739
343.748
344.093
345.236
344.675
342.576
342.796
346.654
342.12
343.434
343.584
345.23
344.318
342.929
340.678
347.265
345.748
346.286
344.828
346.25
346.037
345.082
340.695
341.281
346.979
347.346
345.641
344.704
343.738
341.438
342.911
343.57
342.236
342.12
343.825
345.012
344.417
343.273
344.912
343.825
342.369
340.785
342.574
342.039
341.183
339.412
342.52
340.097
342.962
342.881
345.54
342.63
345.203
343.717
346.014
345.991
342.746
342.723
339.599
343.454
342.05
343.338
339.211
339.166
342.738
341.622
342.224
344.076
342.47
343.788
342.696
344.91
345.257
343.3
346.885
341.182
342.396
344.733
343.735
342.976
344.158
344.966
340.812
343.15
344.454
343.611
343.965
342.667
341.193
341.725
344.926
344.874
344.905
347.094
343.184
344.576
345.265
341.018
340.811
341.054
342.107
341.532
343.31
341.867
342.431
345.128
343.2
342.657
341.44
346.646
341.321
343.124
343.091
342.614
342.232
341.281
343.969
343.028
344.999
341.864
342.121
343.684
343.506
342.769
343.931
341.439
338.618
341.301
344.222
344.353
344.676
343.612
346.81
343.417
344.857
341.837
343.288
342.768
342.931
339.975
343.405
339.268
342.877
341.26
341.339
341.636
340.178
344.173
344.752
348.822
347.054
341.731
343.448
341.835
346.979
344.066
345.438
345.722
340.921
344.503
343.141
341.485
344.92
344.57
346.168
344.345
343.042
345.464
344.283
345.861
342.194
345.265
343.474
342.977
345.048
344.939
347.655
343.667
346.035
343.948
347.167
346.095
342.747
342.509
342.987
347.029
340.647
343.558
342.758
341.305
342.149
342.322
343.118
344.615
343.621
345.628
344.9
345.278
339.264
342.763
341.514
340.819
342.998
345.035
344.357
345.365
344.034
342.639
344.029
346.24
343.618
341.797
344.761
345.256
344.659
348.248
342.994
344.654
344.548
346.699
345.526
342.258
346.881
345.784
345.234
345.14
345.111
345.364
342.679
340.528
343.028
341.514
341.95
345.446
343.292
344.662
347.427
345.131
343.892
344.741
342.365
345.803
346.709
346.243
344.515
344.174
346.49
345.711
343.778
344.733
346.705
345.817
341.887
345.698
344.983
341.503
342.755
345.919
342.161
345.551
345.832
342.351
345.041
346.154
342.207
342.485
341.037
343.3
342.915
343.328
344.143
341.223
343.009
342.565
342.602
343.163
344.549
342.401
342.372
343.679
343.392
347.404
343.078
342.622
343.379
343.766
343.866
342.55
342.575
344.131
343.489
345.062
342.382
344.093
344.975
342.667
343.037
345.217
346.684
345.695
345.733
343.569
342.047
343.165
341.833
342.87
342.078
344.427
344.47
345.053
342.903
342.477
343.067
340.671
344.649
342.663
340.852
342.982
342.568
345.991
343.11
343.689
341.36
342.058
344.833
339.799
341.9
345.145
347.423
345.009
346.696
343.06
343.065
343.313
345.101
342.096
345.943
346.099
342.719
346.203
346.131
345.434
344.884
345.977
343.819
343.063
344.151
342.615
343.163
340.533
342.455
344.36
344.744
343.041
341.805
342.878
342.656
341.311
342.933
341.892
340.342
340.256
343.123
340.543
342.749
346.327
342.192
343.502
342.041
344.841
346.958
343.283
340.741
342.951
347.706
344.324
342.199
340.622
341.796
342.815
344.943
343.463
341.673
341.849
344.013
340.601
340.762
344.56
343.279
342.842
342.488
341.207
344.634
343.104
342.586
346.656
343.051
346.13
341.545
342.011
343.634
341.005
340.087
340.769
341.04
343.252
341.735
341.164
342.386
339.344
343.425
343.031
343.19
342.392
344.047
344.148
346.412
342.262
342.554
342.211
341.294
344.538
343.279
343.561
344.295
341.066
341.884
343.108
339.27
343.941
344.339
344.565
342.389
341.737
343.836
340.441
337.97
343.269
338.893
341.243
339.863
341.8
341.906
342.01
339.637
342.584
343.379
345.511
344.082
344.562
343.078
345.397
341.908
341.564
341.33
342.884
342.426
342.274
344.245
343.294
344.153
342.714
342.415
343.573
342.504
343.401
342.437
343.065
346.177
347.361
344.028
349.097
345.082
345.37
343.117
344.02
341.865
340.839
346.553
343.046
344.806
343.874
342.19
342.013
344.247
343.827
347.083
344.617
347.867
343.962
344.708
343.467
341.079
342.519
343.256
342.258
340.035
339.67
340.074
340.756
340.786
343.397
339.799
342.785
342.789
345.221
344.188
344.414
342.637
343.694
344.436
343.086
343.587
343.442
343.027
342.99
343.92
344.179
343.807
347.209
342.928
345.44
343.083
343.983
345.233
346.467
342.683
342.338
340.435
343.124
343.129
343.745
342.204
341.183
343.325
345.028
342.846
341.688
343.894
343.931
345.277
345.108
344.212
344.86
340.471
341.654
342.636
343.8
341.766
342.119
338.37
342.981
345.504
342.346
341.464
342.706
345.81
343.266
342.346
342.928
345.75
342.82
345.396
341.038
343.524
342.307
345.138
343.006
344.389
343.248
343.365
345.205
346.382
346.008
344.618
341.067
342.681
345.124
345.962
341.9
345.205
345.905
344.239
345.889
346.59
346.988
343.102
343.892
345.653
342.347
347.973
345.971
346.9
346.882
345.903
348.422
345.986
341.922
344.376
344.937
345.65
339.001
344.009
344.553
345.791
345.788
345.116
344.392
342.208
343.464
340.259
341.183
341.865
342.648
343.978
342.249
342.128
343.481
342.016
341.276
344.072
345.309
346.74
345.699
344.986
344.574
347.231
344.921
345.088
341.751
342.481
341.758
341.742
343.001
343.838
339.749
343.356
344.101
342.011
342.373
339.441
342.189
340.629
343.135
342.598
342.881
344.559
342.632
340.015
341.038
342.571
342.424
342.221
341.02
343.448
343.449
342.355
343.38
343.451
341.361
345.909
343.229
344.722
344.414
342.302
343.858
344.92
342.801
342.849
344.999
342.553
342.891
342.902
344.8
339
345.758
342.16
340.089
342.811
341.185
345.34
341.181
343.055
344.902
342.569
342.227
342.665
344.6
343.976
339.127
340.141
341.504
344.032
342.002
341.988
342.069
340.811
341.051
340.435
340.848
341.661
343.403
344.165
345.042
345.232
344.834
342.343
345.118
345.35
339.698
343.623
342.832
342.366
345.731
344.984
342.777
345.034
343.239
341.293
343.304
340.17
342.755
345.989
342.438
341.434
343.645
342.389
342.236
344.152
344.454
341.753
341.803
346.004
344.89
339.71
343.811
340.787
342.625
341.004
346.553
345.966
343.461
343.576
341.791
342.382
344.258
344.362
343.219
342.501
342.766
342.683
342.294
342.674
342.113
339.696
338.475
341.281
344.533
341.922
343.053
343.56
344.381
343.189
342.696
342.235
344.475
341.054
342.173
340.997
343.385
343.158
339.866
342.434
343.475
341.721
343.038
343.17
342.414
343.26
341.49
339.723
341.096
341.577
342.967
341.169
342.326
343.685
341.943
344.286
340.387
339.564
343.396
341.602
340.951
341.673
342.865
341.086
341.047
343.07
341.585
345.394
341.544
340.665
340.474
344.461
345.443
338.885
341.667
341.026
341.892
341.447
338.902
341.835
342.798
341.006
344.716
340.835
342.475
343.895
345.109
345.871
341.392
343.798
341.196
344.936
342.275
339.17
341.661
342.052
342.05
343.835
341.9
341.197
342.395
344.468
341.027
344.88
340.877
341.552
340.589
342.154
341.797
343.213
341.419
343.366
338.771
341.217
342.203
343.856
341.62
342.746
344.402
345.374
342.887
344.5
342.745
342.409
343.324
340.664
341.508
339.701
341.917
343.1
341.133
344.64
343.231
347.784
343.233
340.207
344.412
349.941
345.897
342.554
340.939
343.268
343.861
340.627
344.395
342.94
344.314
340.939
341.517
344.693
345.408
341.779
341.255
341.601
338.975
343.268
337.524
341.365
340.819
340.9
341.962
343.046
339.109
339.968
342.438
341.72
342.638
339.893
342.913
341.455
341.945
341.16
341.419
341.3
340.863
339.317
343.829
341.797
345.04
340.003
342.663
339.858
343.109
344.315
343.393
346.548
342.807
343.988
344.185
343.298
346.522
342.63
340.929
339.884
342.132
343.297
341.512
342.329
339.969
344.047
343.163
340.684
338.863
340.151
344.843
345.986
342.709
342.299
343.792
342.294
340.381
341.316
344.094
340.198
339.942
342.313
342.316
343.741
343.374
341.458
344.571
346.241
347.589
345.688
342.007
344.329
340.72
344.151
341.133
343.945
340.326
341.915
343.927
342.513
344.045
344.161
345.891
344.226
344.981
346.766
343.023
344.41
345.815
346.322
344.989
345.282
343.741
345.231
343.212
342.036
343.931
345.68
344.791
345.413
343.719
343.566
340.395
342.147
338.349
341.386
343.757
342.915
343.565
342.071
345.749
344.146
343.278
343.792
340.955
342.876
343.838
343.217
343.591
345.884
339.465
342.205
346.145
342.56
345.006
344.764
343.414
344.121
342.869
342.3
342.951
346.675
344.224
344.892
341.141
344.793
345.536
344.527
345.757
342.645
344.365
341.277
343.103
344.141
345.032
345.282
348.628
346.152
347.02
346.403
346.587
345.163
344.834
345.269
343.644
347.063
345.262
345.415
346.483
345.838
342.274
344.926
346.074
344.228
341.786
346.114
343.196
342.532
345.374
343.768
344.073
346.017
346.671
346.436
344.26
344.562
347.275
345.218
343.635
342.1
346.249
345.367
343.986
346.977
347.319
344.92
343.883
346.545
345.445
345.849
342.886
340.456
345.42
346.024
342.967
343.869
344.526
344.399
344.821
343.329
343.158
342.605
345.136
347.023
341.613
342.828
344.324
343.939
341.072
342.436
343.955
341.554
341.395
344.152
343.06
344.515
340.683
342.402
343.891
346.004
343.173
340.728
343.205
345.682
345.221
346.503
345.299
345.47
345.249
344.387
342.146
346.726
346.494
344.059
342.271
342.859
343.513
340.067
342.359
341.83
341.267
343.369
344.68
344.804
348.078
349.226
347.974
343.449
343.012
347.1
345.184
344.859
346.03
342.844
342.62
344.366
345.478
346.497
345.446
348.273
346.425
347.428
346.306
348.374
345.293
345.689
346.74
346.277
347.215
346.579
347.872
345.168
345.459
340.853
344.409
346.898
344.584
346.199
346.51
344.528
345.792
342.108
344.387
344.187
343.116
344.601
343.938
344.08
342.034
345.466
342.278
344.892
344.771
342.984
344.882
344.838
342.57
345.551
342.255
343.429
345.669
344.737
344.646
345.619
344.699
343.768
342.417
342.576
342.611
343.417
341.619
339.934
340.709
344.721
346.632
344.727
342.387
347.351
342.81
345.372
346.584
344.331
343.328
344.586
342.916
342.146
343.916
344.298
344.95
344.268
343.947
343.505
343.623
344.712
340.528
344.324
346.19
345.708
347.269
344.322
346.914
348.377
350.322
349.177
348.619
346.089
345.569
349.209
347.868
348.347
349.276
347.576
343.806
345.976
347.129
345.292
346.379
345.724
343.615
346.351
347.731
346.988
345.22
349.67
349.857
346.77
346.897
344.736
347.364
350.644
347.133
350.614
348.841
344.799
348.413
346.316
348.141
345.85
348.217
348.56
346.148
347.638
348.012
345.275
345.512
345.307
348.201
348.577
343.225
341.975
342.984
347.398
347.158
351.185
347.992
347.725
347.164
347.469
349.509
346.655
346.349
346.558
349.403
345.02
345.461
346.474
346.924
346.066
346.014
347.446
347.24
347.581
347.748
345.438
348.079
348.288
346.76
347.419
348.019
344.446
346.616
343.725
347.109
345.097
343.429
344.635
348.093
343.11
343.95
342.058
341.716
344.816
343.494
345.239
345.555
344.465
346.429
343.33
344.844
345.8
344.446
343.398
344.485
342.782
345.054
348.573
347.314
344.366
347.149
346.195
344.337
342.057
342.499
344.966
340.635
345.992
345.554
348.95
345.176
346.127
346.403
344.075
347.58
345.162
344.786
344.186
343.523
345.921
344.044
343.67
345.919
345.366
344.952
344.093
342.611
343.73
344.744
343.787
343.527
343.731
345.427
342.507
342.942
345.612
346.487
346.576
344.744
346.471
341.989
342.38
343.208
344.571
342.125
343.419
348.596
344.454
341.79
343.975
342.58
341.904
345.285
343.624
344.403
346.07
340.203
342.01
344.637
341.721
344.058
343.695
341.905
344.991
345.37
342.93
344.957
343.978
339.673
342.594
343.131
345.145
343.038
343.621
343.958
345.99
345.697
345.079
344.246
346.666
341.645
345.383
346.694
344.77
345.886
345.191
346.944
349.045
347.206
347.815
348.316
343.729
342.304
346.177
347.76
349.898
347.716
346.034
348.249
346.888
346.261
348.168
348.807
344.187
344.782
343.28
343.201
344.421
346.852
344.624
342.314
344.687
342.394
342.611
344.938
345.084
343.616
344.086
347.457
343.511
346.75
343.939
344.018
345.42
348.594
344.79
345.515
346.738
345.604
344.893
342.285
343.734
347.262
345.202
345.23
342.04
344.09
342.898
344.851
344.108
344.598
346.251
342.984
345.755
343.837
346.581
347.915
345.561
347.117
345.247
345.935
344.724
342.87
347.678
344.481
349.281
344.951
343.805
345.388
344.094
345.091
346.109
347.041
345.97
343.729
345.823
344.17
343.485
343.473
342.075
344.827
346.925
344.516
344.533
349.325
347.004
344.453
345.917
344.287
345.197
345.542
346.419
348.406
345.722
342.411
344.621
345.834
345.311
344.096
346.59
347.577
345.892
346.811
345.571
347.154
345.079
345.368
347.848
344.974
344.634
343.378
345.877
344.439
346.913
346.022
345.047
350.165
345.908
345.487
342.484
347.847
349.086
349.805
346.401
343.113
346.738
346.183
344.22
343.969
342.709
344.651
343.909
345.245
346.155
345.864
346.964
348.101
344.889
346.74
345.398
344.29
344.927
343.467
345.218
343.453
346.247
347.322
349.14
347.043
346.291
343.47
344.297
343.127
343.8
341.8
344.957
341.66
344.83
345.247
348.453
347.032
345.68
346.861
345.303
345.68
343.533
345.301
343.207
343.671
343.401
344.134
343.476
341.819
344.49
343.682
342.07
343.642
344.88
342.858
341.451
339.063
344.58
345.809
343.842
344.265
344.32
343.993
340.594
345.995
343.123
343.808
341.698
344.742
346.669
344.914
346.293
344.832
344.151
346.583
345.853
342.913
344.671
344.732
346.076
346.362
343.348
342.706
345.993
342.312
345.16
346.216
349.028
346.677
347.881
345.13
344.671
343.297
345.253
345.331
345.948
344.448
346.298
347.444
344.864
348.491
345.939
346.674
345.088
343.998
345.154
346.332
345.569
344.649
346.666
343.783
348.167
346.985
345.917
344.859
343.809
345.551
346.062
342.762
343.143
344.878
345.154
344.972
344.01
343.529
343.483
345.823
345.774
344.897
348.408
346.967
349.049
345.09
346.252
344.43
347.648
342.694
346.216
345.017
345.259
348.714
348.052
344.606
344.57
344.389
344.953
345.224
343.496
345.763
342.228
344.266
346.219
345.257
346.737
345.719
345.267
346.261
344.237
347.778
344.128
344.512
344.65
344.792
347.912
345.506
346.282
343.699
347.51
346.383
346.514
344.743
343.417
342.692
341.38
341.147
343.633
346.811
345.374
345.051
344.192
343.232
346.246
345.457
342.068
346.809
343.874
342.935
343.96
342.127
343.941
346.453
345.625
343.216
345.215
345.984
341.52
345.434
346.489
344.209
345.112
345.388
343.377
344.874
341.649
340.899
341.863
340.084
342.417
342.014
345.7
346.193
339.344
342.39
345.181
344.859
343.067
345.239
346.233
347.669
341.498
345.036
344.997
347.695
344.813
344.081
343.47
343.699
346.366
348.463
345.41
346.971
345.615
344.882
346.118
347.091
343.094
345.89
345.978
344.536
347.5
345.838
348.121
346.592
344.488
344.607
347.201
344.329
343.732
344.708
343.918
345.361
344.173
345.221
344.939
342.778
344.243
343.706
345.42
345.586
345.573
348.135
342.56
347.153
344.545
343.819
344.488
342.673
345.328
347.619
345.315
343.52
343.779
342.7
343.669
345.565
342.851
342.551
344.843
342.682
341.259
344.736
347.328
345.034
343.487
346.545
344.904
344.553
343.25
346.729
344.918
341.564
346.97
346.584
347.308
346.903
345.389
346.003
348.082
348.117
347.448
346.886
344.02
342.779
343.127
344.897
342.129
347.061
342.738
347.226
343.137
344.812
344.184
342.673
341.288
343.774
345.087
346.571
343.536
344.855
344.031
344.724
344.316
345.671
343.664
344.945
345.673
347.129
344.162
342.742
347.582
344.587
344.323
345.16
342.444
341.868
342.156
342.116
342.695
344.955
347.926
346.509
347.579
346.608
343.046
342.615
342.743
343.921
346.912
342.911
342.714
339.76
343.85
347.837
343.575
344.26
345.137
342.199
344.436
345.677
345.17
342.241
341.967
343.482
344.331
344.754
344.323
343.034
344.62
341.653
344.869
347.656
343.304
344.017
339.954
344.77
344.343
345.137
347.452
346.167
346.773
342.902
342.019
346.557
346.767
346.404
345.27
348.919
347.92
341.528
343.812
344.669
343.154
347.669
344.935
347.38
344.901
345.034
345.895
345.535
347.764
347.281
345.135
346.237
346.247
342.671
344.131
344.976
344.308
346.331
345.363
343.731
345.983
342.858
343.779
347.186
346.49
343.753
347.833
343.038
343.341
347.329
344.628
344.101
343.559
343.141
343.937
342.799
342.431
344.941
345.194
345.425
345.779
345.123
344.591
347.758
346.642
345.788
344.311
345.571
344.551
344.832
345.525
346.296
344.643
346.591
345.241
347.882
344.149
345.711
348.184
346.15
344.178
344.659
343.62
343.18
344.224
346.07
347.634
343.506
343.035
344.245
345.076
346.037
344.241
344.436
343.255
344.579
344.39
343.119
343.027
342.781
343.573
344.148
345.04
347.691
345.76
341.822
346.627
347.991
343.925
345.143
348.345
347.96
345.311
343.782
344.366
345.008
348.147
347.776
343.433
342.387
345.616
343.281
346.136
344.739
347.062
345.472
344.721
343.234
342.765
347.341
345.64
345.633
346.591
345.71
346.548
348.261
343.201
345.981
346.004
344.205
348.963
346.458
347.405
346.723
346.273
343.89
342.313
346.81
347.843
344.453
340.983
345.49
344.975
343.603
342.796
344.028
343.974
345.101
343.631
345.328
345.373
347.53
345.881
347.05
344.571
345.212
344.745
342.32
346.243
345.109
343.299
345.961
341.769
341.799
345.605
345.458
343.364
342.495
343.392
346.493
347.791
344.599
344.168
347.423
342.733
344.782
340.276
343.23
346.731
342.843
344.74
344.285
342.91
345.569
345.437
346.157
349.103
345.136
345.513
345.644
345.92
344.721
348.28
345.505
345.02
342.535
341.902
346.291
342.207
344.38
345.327
345.927
346.386
341.946
345.973
346.579
346.058
344.141
346.6
345.811
349.758
345.759
348.109
347.331
347.592
344.738
344.515
347.985
346.227
346.348
346.573
346.129
345.981
345.912
345.832
342.971
341.546
347.176
343.035
342.533
347.358
342.086
344.113
344.658
343.431
343.814
344.904
347.414
346.752
342.27
341.922
343.6
339.269
343.743
344.66
342.601
343.736
342.39
342.173
341.924
344.125
342.377
343.665
341.017
344.131
344.315
341.761
344.291
343.991
344.217
344.736
341.398
346.339
347.035
343.619
346.762
344.422
347.06
346.674
343.99
345.011
348.207
343.456
345.265
344.8
343.444
344.604
343.041
341.332
344.797
345.57
345.322
345.668
346.392
344.857
343.646
345.9
343.959
343.494
342.253
341.39
343.091
345.103
342.569
346.518
345.269
343.284
343.271
344.808
345.419
346.426
344.71
344.19
347.266
342.436
345.839
344.954
348.941
344.753
342.97
345.61
342.732
344.471
342.375
344.144
344.984
345.387
343.972
344.828
341.054
343.02
342.848
342.259
342.222
344.386
342.249
345.273
341.891
341.873
341.839
346.157
345.02
344.751
344.56
343.849
342.353
346.476
342.712
343.22
344.553
344.682
343.643
345.142
342.565
343.29
343.95
345.723
343.943
344.286
341.686
342.635
343.432
341.047
342.212
342.838
344.516
343.85
342.361
344.03
343.93
346.245
345.329
340.768
345.066
347.452
348.035
345.645
344.928
344.791
346.723
347.012
345.543
343.92
347.202
346.1
347.045
347.975
344.53
343.585
346.235
347.481
344.669
343.233
344.167
345.064
344.522
344.664
344.11
341.305
345.795
344.209
344.757
341.339
340.912
343.923
345.889
343.033
341.991
345.038
346.286
344.304
344.738
343.384
343.587
342.719
343.521
342.59
343.359
341.159
343.587
342.409
343.841
346.913
348.178
345.343
350.627
347.646
344.528
346.804
344.923
346.357
345.331
342.335
343.786
345.051
341.698
344.92
342.846
343.415
343.036
340.146
344.886
342.291
339.594
341.358
340.571
346.449
342.551
345.215
342.86
340.983
340.143
344.106
345.765
343.121
343.971
343.708
341.097
343.294
343.366
340.783
343.06
347.654
344.689
343.878
340.929
346.674
344.671
347.732
344.493
342.069
342.378
341.977
340.824
344.15
345.174
346.552
346.107
344.994
339.003
341.816
341.427
344.905
344.364
344.136
344.896
343.903
342.912
343.716
346.157
347.282
343.565
344.826
343.155
343.313
345.942
348.222
343.456
342.613
346.504
347.389
340.62
347.46
343.41
343.516
343.338
350.741
346.835
345.495
344.247
343.739
341.249
344.35
345.755
347.274
346.524
341.062
342.716
345.196
343.897
344.617
345.657
345.18
345.402
344.705
344.996
342.316
344.135
343.554
346.374
344.652
344.947
344.694
344.245
343.175
342.204
345.946
344.938
345.489
344.356
344.105
347.596
345.054
343.68
345.442
344.433
342.178
341.654
345.366
344.125
345.767
342.733
342.821
342.791
342.056
342.389
343.958
346.158
345.601
342.984
341.766
342.744
346.488
346.217
344.316
344.599
342.071
344.503
345.601
343.276
342.697
343.774
342.644
345.095
344.804
344.958
342.706
342.605
345.064
343.71
343.386
342.46
344.829
340.879
345.202
345.248
341.909
342.882
345.594
342.513
340.295
343.306
342.703
348.617
343.58
340.96
342.643
345.402
340.764
346.704
344.64
343.989
342.055
344.573
341.317
344.925
344.45
346.93
344.592
340.038
340.676
343.499
345.302
341.663
344.28
345.797
340.997
342.933
345.537
341.593
342.712
341.608
343.718
341.603
344.826
347.397
345.906
343.673
344.891
345.158
343.887
343.916
343.759
344.961
344.684
347.112
343.755
343.569
340.789
344.479
343.228
342.781
341.317
345.322
341.858
345.042
345.764
343.815
343.74
341.718
344.843
342.364
342.417
343.631
343.369
345.557
344.868
342.283
342.124
345.867
343.182
345.048
345.4
343.887
343.443
344.497
340.111
341.25
342.803
344.942
340.396
344.736
344.849
339.849
338.7
342.538
342.18
343.351
345.213
344.525
345.035
342.792
343.046
343.382
344.884
341.043
342.831
342.761
342.375
342.753
344.803
342.508
343.646
343.617
343.087
345.116
342.143
341.222
341.434
345.035
346.095
344.008
347.335
343.916
341.87
346.186
344.18
342.634
344.155
342.876
343.388
341.205
340.333
345.728
346.777
343.54
346.013
349.676
342.386
344.641
344.696
344.001
341.426
341.82
345.013
341.858
342.455
343.873
344.813
345.862
342.17
344.066
342.461
339.916
342.618
343.749
342.128
340.941
343.126
338.932
340.965
343.386
344.968
341.049
342.166
344.155
342.819
343.762
345.009
340.797
342.164
345.577
346.694
343.225
342.948
342.975
345.781
344.63
344.834
345.035
346.01
345.712
342.237
344.833
342.35
343.102
347.391
342.843
342.782
344.613
343.503
342.153
343.639
344.179
343.141
337.93
344.132
344.843
343.49
346.331
344.13
344.885
342.36
344.24
344.756
341.598
344.257
345.606
346.52
342.526
341.818
345.972
343.569
344.04
344.46
342.156
341.666
344.426
343.692
343.436
343.636
345.153
343.193
342.222
341.479
346.645
344.324
344.07
340.344
344.665
344.304
346.069
346.61
342.535
344.48
342.209
344.683
341.897
341.99
341.692
342.849
342.257
343.584
341.932
345.012
342.498
345.04
343.021
343.658
342.478
344.009
342.759
338.603
345.281
340.413
341.317
343.358
345.55
346.082
347.033
343.405
344.38
344.275
346.063
342.013
342.793
343.712
342.862
341.688
342.879
346.758
346.629
344.087
343.483
342.93
345.582
346.865
344.648
344.827
346.785
346.709
341.948
344.117
342.251
340.991
343.85
344.587
342.733
344.104
347.056
345.735
346.105
340.944
346.673
346.242
343.694
342.187
344.566
344.446
344.662
343.798
346.249
346.112
345.044
341.82
344.366
343.111
345.305
344.343
344.176
345.985
344.867
343.606
342.664
344.468
344.399
346.931
345.69
345.29
342.579
345.641
343.084
346.705
343.775
344.012
345.417
346.484
345.969
346.403
342.803
345.945
345.824
343.296
344.918
343.073
345.976
345.194
343.128
345.386
342.376
343.059
344.812
343.302
344.159
347.692
344.001
342.122
343.783
343.766
346.897
344.32
345.912
344.745
344.264
341.97
345.066
342.064
340.886
343.503
344.503
342.525
345.613
344.532
343.806
344.308
342.676
342.177
344.717
343.498
345.149
344.153
343.29
345.52
342.794
343.764
344.437
344.441
345.651
342.206
343.376
343.062
343.593
341.144
344.062
347.226
344.569
344.878
344.598
341.592
343.191
343.047
347.609
345.299
345.293
342.57
345.653
341.991
339.669
342.02
342.319
344.259
343.468
346.823
342.238
348.157
342.107
341.921
343.565
343.145
344.081
342.083
343.671
343.123
344.652
345.827
345.285
347.402
343.233
341.233
344.594
342.414
345.858
342.67
343.358
345.222
345.177
345.283
343.635
342.975
343.84
347.035
345.204
344.505
345.41
340.758
342.436
345.042
344.011
343.797
342.51
345.931
346.843
343.159
348.631
349.296
346.922
347.851
344.744
343.701
347.953
348.813
345.801
344.825
346.432
348.581
348.012
345.544
346.745
344.105
345.668
348.979
344.066
345.802
344.133
342.516
343.969
344.344
347.436
345.78
343.883
347.517
345.821
347.163
344.333
344.14
344.047
345.214
341.058
344.046
344.052
343.627
347.766
346.4
346.479
347.285
345.583
344.757
347.131
342.909
341.977
346.03
344.995
344.628
344.965
343.486
346.21
343.041
344.743
345.032
343.012
345.141
347.271
342.471
345.097
341.412
344.274
