480.981
436.585
426.956
387.814
359.168
358.048
317.564
335.862
327.82
335.223
324.483
317.549
329.007
317.184
317.685
317.342
317.966
314.848
310.609
312.403
309.66
312.403
306.82
308.093
310.608
308.737
309.463
309.651
307.29
307.319
292.746
304.532
300.875
305.997
303.442
303.442
303.702
301.599
299.202
300.98
302.896
302.9
302.9
298.687
299.502
299.502
296.543
289.718
295.673
297.296
300.249
297.195
307.061
305.283
307.694
305.283
297.649
297.692
297.538
287.8
297.177
292.073
298.432
297.604
298.1
295.176
286.043
293.66
293.456
294.546
288.729
291.622
285.388
291.622
291.622
286.73
287.568
295.834
298.463
304.286
306.625
302.775
306.537
307.381
304.161
306.019
307.381
307.381
305.714
304.869
306.742
304.358
303.726
291.697
298.289
292.903
295.335
295.335
295.335
293.562
294.767
295.003
293.83
290.647
293.047
290.058
294.762
301.219
303.304
301.072
302.478
300.688
293.242
295.418
293.547
296.942
288.965
297.311
298.447
298.684
298.684
296.882
298.684
293.043
296.648
283.996
290.434
284.812
290.53
284.549
289.23
286.769
288.712
289.622
289.835
294.814
288.593
295.128
295.128
295.128
295.128
291.793
293.484
288.593
292.961
288.593
292.228
287.067
291.179
293.546
296.142
289.102
294.02
295.728
296.235
294.445
294.863
292.065
292.148
278.716
285.082
284.908
285.291
281.717
282.452
276.678
275.966
275.966
281.154
273.789
278.896
277.523
278.896
278.896
278.896
274.167
278.023
278.896
278.896
273.789
278.528
273.388
275.204
278.775
273.664
273.664
273.664
273.664
273.664
272.562
273.664
273.664
273.057
272.697
272.866
273.549
273.549
273.549
273.549
273.549
273.549
273.549
273.549
273.549
273.549
273.549
273.5
273.549
275.477
271.709
274.672
275.477
278.423
276.64
266.321
266.321
266.321
265.943
266.321
259.843
259.257
261.898
259.605
259.828
259.735
256.81
257.182
255.869
255.869
255.168
255.869
256.277
255.784
256.277
256.277
255.869
256.277
245.802
252.889
253.38
252.795
254.301
254.301
254.301
251.597
254.301
253.642
251.837
250.849
252.092
254.222
254.301
254.301
254.301
251.837
254.301
254.301
254.301
254.301
254.301
254.301
254.301
254.301
251.837
253.758
254.301
254.301
254.301
254.301
253.733
254.301
254.301
254.301
254.222
254.301
253.629
254.301
254.301
254.301
251.837
254.301
254.301
250.849
253.629
253.629
253.51
253.629
253.629
250.177
253.629
250.177
253.629
253.629
253.629
253.629
253.629
253.629
250.177
252.971
253.086
253.086
253.086
248.92
253.252
253.252
254.052
254.661
254.495
254.661
254.521
254.003
254.377
252.197
253.826
251.363
251.363
253.826
253.826
253.826
253.826
253.826
253.109
231.172
253.826
253.826
253.826
253.826
253.826
251.363
253.826
253.826
253.826
253.826
253.826
253.754
253.456
253.826
253.826
247.225
251.559
251.363
253.826
253.109
253.826
253.826
253.826
251.363
253.826
253.661
253.805
253.826
253.826
253.826
253.826
253.826
253.826
253.826
253.826
253.661
251.363
253.661
253.826
253.826
253.148
251.363
253.826
253.826
253.826
253.826
253.109
253.826
251.363
253.109
253.826
253.826
253.826
254.542
253.685
253.133
253.703
253.826
253.661
253.109
251.363
252.012
253.534
253.534
253.641
252.075
253.641
250.948
253.641
253.101
253.567
253.641
253.641
253.641
252.075
252.613
252.073
253.641
253.641
253.641
253.641
253.101
253.641
253.322
253.641
253.641
253.641
253.332
252.837
252.075
251.783
252.075
252.075
249.383
251.106
250.217
251.91
251.106
251.91
251.91
251.91
251.106
251.91
251.91
251.91
251.91
251.37
251.91
251.91
251.91
251.106
249.383
251.91
251.91
251.91
251.91
251.91
251.91
251.91
251.91
251.106
251.91
251.91
251.91
251.91
251.602
251.91
251.91
250.217
250.882
251.91
249.713
251.91
251.91
251.91
251.375
251.91
250.217
251.91
249.217
251.91
251.124
251.37
249.848
250.566
251.354
251.37
250.566
251.37
251.37
251.37
250.342
248.677
249.848
250.566
251.37
251.37
249.848
249.848
249.848
249.848
249.848
249.848
249.848
249.848
249.848
249.848
249.848
249.848
243.793
249.848
249.101
249.848
245.992
249.607
249.848
249.848
249.235
249.848
249.848
249.848
249.848
249.848
245.992
249.848
249.848
250.506
250.506
250.506
250.506
250.506
250.506
250.506
250.506
249.848
243.083
250.506
249.848
250.388
249.848
246.65
249.89
249.89
249.89
248.987
247.57
249.89
249.89
249.89
249.89
249.89
249.89
249.89
246.2
249.89
249.89
249.89
249.729
249.353
249.89
249.353
249.89
246.034
248.695
249.89
249.89
249.602
249.89
249.89
249.89
249.731
249.731
249.89
249.89
249.89
249.89
249.89
249.89
249.89
249.235
249.89
249.89
249.89
249.602
249.602
249.89
249.89
249.89
249.89
249.729
249.536
249.89
249.89
249.89
250.294
250.294
250.294
249.607
250.294
250.294
250.294
250.294
250.294
250.294
249.731
250.294
250.294
250.294
250.294
250.294
250.294
250.294
250.294
249.602
249.731
250.294
250.294
250.294
250.294
250.294
249.607
250.294
250.294
250.294
250.294
250.294
250.294
249.731
250.294
250.294
250.294
250.294
250.294
249.607
250.294
250.294
250.294
249.607
250.294
249.353
250.294
250.294
250.294
249.607
249.731
249.731
249.731
249.731
245.875
249.353
249.353
249.353
249.353
249.353
249.353
249.353
249.353
249.353
249.235
249.731
249.731
249.731
249.731
245.875
249.731
249.731
249.731
248.695
249.731
249.731
248.695
249.235
245.875
245.497
249.353
249.353
249.353
249.353
249.353
249.353
249.353
249.353
251.817
249.353
249.353
252.982
249.99
252.982
252.982
250.338
249.99
252.982
252.982
252.982
252.982
254.548
252.982
255.374
255.374
252.381
252.463
252.463
252.463
252.463
252.463
252.463
252.463
252.463
250.071
251.805
252.463
252.463
250.052
251.637
251.637
250.071
251.637
251.637
251.637
250.071
250.071
250.975
250.32
250.975
245.282
250.209
250.209
250.209
250.209
250.209
247.002
250.209
249.62
249.62
247.002
250.209
250.209
250.209
250.209
250.209
250.209
250.209
250.209
250.209
250.209
248.197
250.209
250.209
250.209
251.279
250.209
250.594
251.279
248.601
250.209
250.623
237.787
248.035
247.002
245.224
233.896
221.283
225.211
225.211
225.211
223.127
225.211
225.211
223.127
219.184
224.671
222.1
225.211
225.211
225.193
225.211
225.211
225.211
224.671
224.05
224.51
224.51
224.51
213.224
225.866
222.755
223.127
223.783
223.127
221.931
223.127
223.127
223.127
223.127
223.127
222.583
220.439
220.439
223.127
220.439
223.127
215.772
223.127
220.998
221.931
221.931
222.453
223.127
224.598
225.726
224.847
225.726
222.69
224.16
216.805
221.472
220.797
221.472
221.472
221.472
221.472
220.439
221.472
221.472
221.472
212.132
221.472
221.472
220.932
221.472
221.472
221.472
221.472
220.751
220.304
220.304
219.764
220.304
220.304
220.304
217.9
220.304
218.216
219.957
219.957
220.304
220.304
220.304
220.304
219.764
216.555
220.304
219.012
213.91
217.477
219.625
219.625
219.625
214.075
214.075
219.625
219.625
219.415
216.408
219.154
219.415
219.625
216.408
219.625
216.408
219.088
218.877
219.088
219.088
219.088
218.713
219.088
219.088
216.781
219.088
218.548
218.877
219.088
215.944
218.713
218.805
219.088
218.713
219.088
219.088
213.538
218.945
218.548
218.877
213.328
218.877
218.877
218.734
218.877
214.35
216.974
217.673
217.673
217.673
217.673
217.673
217.673
217.673
217.673
217.673
217.673
217.673
217.673
214.529
217.199
214.529
216.217
216.097
216.425
216.425
216.425
216.425
215.908
216.425
216.326
216.425
216.425
216.425
216.425
216.425
214.529
216.425
216.425
215.885
216.425
216.425
216.425
216.097
216.425
216.425
216.425
216.425
214.969
216.425
216.425
214.969
216.425
216.425
216.425
215.885
216.425
214.755
215.908
216.425
214.969
216.425
216.425
216.425
216.425
216.425
215.885
216.425
216.425
214.969
216.425
216.425
216.425
216.425
216.425
216.425
216.097
216.425
216.425
216.425
216.425
216.425
216.425
216.425
215.908
216.425
216.425
216.425
216.425
214.529
216.425
216.425
216.425
215.885
216.425
215.908
216.425
216.425
216.425
216.097
216.097
216.425
216.425
216.425
214.969
216.425
216.425
216.425
216.097
216.425
216.425
216.425
216.425
216.425
216.425
216.425
216.425
216.425
215.885
216.425
216.425
216.425
216.425
216.425
216.425
216.425
216.425
216.425
215.742
216.425
214.969
216.425
216.425
216.425
215.885
216.425
216.425
216.425
216.425
216.425
216.425
216.425
216.425
216.425
216.425
216.425
216.425
214.529
214.969
216.425
216.425
216.425
216.425
215.885
215.809
215.908
215.908
215.908
215.143
215.908
214.901
215.908
215.908
215.58
215.908
215.908
215.58
215.908
215.908
215.908
215.908
215.908
215.908
215.908
214.901
215.908
215.908
215.908
215.908
215.908
215.908
215.908
215.908
215.908
215.908
214.453
215.908
215.486
214.901
215.908
215.908
215.908
215.58
215.908
215.908
215.908
215.908
215.908
215.908
215.908
215.908
215.908
215.908
215.908
215.908
215.908
215.908
215.908
215.908
214.819
215.908
215.908
215.908
214.901
215.908
215.908
215.908
215.908
213.446
215.908
215.908
215.908
215.908
215.908
215.908
215.908
215.908
215.908
215.908
214.992
215.908
215.908
215.908
215.908
215.908
214.453
214.453
215.908
215.908
214.453
215.58
215.58
215.908
215.908
215.143
215.908
215.908
215.143
215.908
215.908
215.908
215.908
215.908
217.099
217.099
219.907
219.579
219.88
219.907
219.907
219.907
219.907
219.907
215.908
219.907
219.907
219.907
219.3
218.452
215.143
216.807
218.263
218.815
215.365
216.807
217.498
215.934
217.498
216.043
217.002
217.498
217.17
216.043
216.043
216.921
216.921
216.921
216.921
216.425
216.543
216.921
216.921
216.543
216.921
216.921
216.918
216.921
216.921
216.425
215.465
214.989
215.088
215.088
216.543
216.543
216.543
216.425
216.543
216.543
216.215
216.543
216.543
215.088
216.326
216.425
216.425
216.326
216.425
214.969
216.425
216.425
216.425
215.908
216.425
214.969
215.885
214.882
215.885
215.885
215.885
215.885
212.025
214.43
215.885
215.885
215.885
214.43
215.885
216.381
216.658
216.658
216.658
216.658
216.658
216.658
214.954
216.658
216.658
216.658
216.658
215.885
216.381
216.423
216.658
216.658
216.658
215.202
216.559
215.103
216.559
215.786
213.891
216.559
216.559
216.559
216.559
216.559
215.103
215.103
216.559
216.559
216.559
216.559
216.559
216.559
216.559
216.559
216.559
216.559
216.559
216.559
216.559
216.559
216.282
216.559
215.103
216.324
216.559
216.559
216.324
216.559
216.559
216.559
215.786
216.559
216.559
216.559
216.559
216.559
216.282
216.559
216.559
216.559
216.559
216.559
216.559
216.559
216.559
216.559
216.559
216.559
216.559
216.559
215.456
215.946
216.559
216.559
216.559
216.559
216.559
216.559
216.559
216.559
216.559
216.559
216.559
216.559
216.559
215.786
216.559
216.559
216.559
216.324
216.559
215.103
216.559
216.559
216.579
217.217
217.217
215.761
217.217
217.217
217.217
215.761
216.559
216.559
216.559
215.103
216.559
215.103
216.559
216.559
216.559
216.324
216.559
216.559
216.324
216.559
216.559
216.559
216.559
216.559
216.559
216.282
216.559
215.786
216.282
216.282
216.282
216.282
213.891
216.282
216.282
216.282
216.282
216.282
216.282
216.282
216.282
216.282
216.282
216.282
216.282
216.282
216.282
216.282
216.282
216.282
213.891
214.257
213.891
216.282
216.282
216.282
216.282
216.282
216.282
216.282
213.99
216.282
216.282
213.891
216.282
216.282
216.282
214.827
216.282
216.282
216.282
213.809
216.282
216.282
216.282
216.282
216.282
216.282
216.282
215.456
214.827
214.827
216.282
216.282
214.827
213.891
216.282
216.282
216.282
216.282
212.422
216.282
212.256
212.256
212.256
212.256
212.256
212.256
212.256
212.256
209.865
212.256
212.256
212.256
212.256
212.256
212.256
212.256
212.256
212.256
211.895
212.256
212.256
209.865
212.256
212.256
212.256
212.256
212.256
212.256
212.256
212.256
212.256
212.256
212.256
212.256
212.256
209.865
212.256
212.256
209.865
209.865
212.256
212.256
212.256
212.256
212.256
212.256
212.256
212.256
212.256
212.256
213.443
212.256
213.887
213.887
213.887
213.887
213.887
212.355
213.887
213.887
213.887
212.355
213.887
213.887
213.887
213.887
211.495
213.887
212.69
213.887
213.887
213.887
213.887
213.887
213.887
211.495
211.495
211.495
213.39
213.887
213.887
213.887
213.887
213.887
213.887
213.887
213.887
213.887
213.887
213.887
213.887
213.887
213.887
212.355
213.887
213.887
213.887
213.887
213.887
213.061
213.887
213.887
211.495
213.887
212.897
213.887
213.887
213.887
213.887
213.887
213.887
213.887
213.887
212.355
213.887
213.887
213.887
213.887
213.887
213.887
213.061
213.887
213.887
213.887
213.887
213.887
213.887
213.887
213.887
213.887
213.887
213.887
211.495
212.355
213.887
213.887
213.061
213.887
213.887
211.495
213.887
213.887
213.887
213.887
213.887
213.887
213.061
213.854
212.521
213.887
213.887
213.887
213.887
213.887
213.887
213.887
213.887
213.887
213.887
213.061
213.887
213.887
213.887
213.887
213.887
213.887
212.355
213.887
213.887
213.887
213.887
213.887
213.887
213.887
213.887
213.887
213.887
213.887
213.887
213.887
213.887
213.887
213.887
213.887
213.887
213.887
213.887
213.887
213.887
213.887
213.887
213.887
213.887
213.887
213.887
213.887
213.887
213.887
212.355
212.355
212.355
212.355
212.355
212.355
212.355
212.355
212.355
212.355
211.384
212.256
212.355
209.964
209.964
209.964
209.964
209.964
209.964
209.964
209.964
209.964
209.964
209.964
209.964
209.964
209.964
209.964
209.964
209.964
209.964
209.964
209.964
209.964
209.964
209.865
209.964
209.964
209.964
210.33
210.33
210.33
210.33
210.33
210.33
210.33
210.33
210.33
210.33
210.33
210.33
210.33
210.33
210.33
210.33
210.33
210.33
210.33
210.33
210.33
209.964
210.33
210.33
210.231
210.33
210.33
210.33
210.33
210.33
210.33
210.33
210.33
209.964
210.33
210.33
210.33
210.33
209.964
210.33
210.33
210.33
210.33
210.33
210.33
210.33
210.33
210.33
210.33
210.33
210.33
210.33
210.33
210.231
210.33
210.33
210.33
210.33
210.33
210.33
210.33
210.33
210.33
210.33
210.33
210.33
210.33
210.33
210.33
210.33
210.33
210.33
210.33
210.33
209.964
210.33
210.33
210.33
210.33
209.964
210.33
210.33
210.33
210.33
210.33
210.33
210.33
210.33
210.33
210.33
210.33
210.33
210.33
210.33
210.33
210.33
210.33
210.33
210.33
210.33
210.33
210.33
210.33
210.33
210.33
210.33
210.33
210.33
210.33
209.964
210.33
210.33
210.33
210.33
210.33
210.33
210.33
210.33
210.33
210.33
210.33
210.33
210.33
210.33
210.33
210.33
210.33
210.33
210.33
210.33
209.964
210.33
210.794
212.275
212.275
212.275
211.909
212.275
211.909
212.275
211.909
212.275
212.275
212.275
212.275
212.275
212.275
212.275
212.275
212.275
212.275
212.275
212.275
211.241
212.275
212.275
211.892
212.275
212.176
212.275
211.241
211.909
211.909
211.909
211.909
211.909
211.909
211.909
211.909
210.875
211.909
211.909
211.909
211.909
211.809
210.875
210.875
211.909
211.909
211.909
211.909
211.909
211.909
211.909
211.909
211.909
211.909
211.909
211.909
211.909
211.909
211.909
211.909
211.909
211.526
211.909
211.237
211.909
211.909
211.909
210.875
211.909
211.909
211.909
211.909
211.909
211.909
211.909
210.875
211.526
211.909
211.909
211.909
211.909
209.964
211.909
211.909
211.909
211.909
211.909
211.909
210.871
209.964
211.909
211.909
211.909
211.909
211.909
211.909
211.909
211.909
210.875
211.526
211.909
210.875
211.526
211.526
211.526
211.526
211.526
210.503
210.503
211.526
210.875
210.871
211.526
211.526
211.526
211.427
211.526
211.526
211.427
211.526
211.526
210.871
211.526
211.526
211.526
211.526
211.526
211.526
211.526
211.526
211.526
211.526
210.871
211.526
211.526
211.526
211.526
211.526
211.526
211.526
210.871
210.622
211.526
211.526
211.526
210.871
210.503
211.526
211.526
211.526
211.526
210.871
211.526
211.526
211.526
211.526
211.159
211.526
211.526
211.526
211.526
211.526
211.563
211.526
211.563
211.563
211.563
211.563
211.563
211
211.563
211.563
211.563
210.875
210.875
210.622
211
210.503
211
211
211
210.997
211
209.964
210.622
210.901
210.901
210.901
210.901
210.404
210.404
210.898
210.898
210.898
210.898
210.898
210.898
210.898
210.523
210.898
210.776
210.776
209.865
209.865
209.865
209.865
209.865
209.865
209.865
209.865
209.865
209.865
209.865
209.865
209.865
209.865
209.865
209.865
209.865
209.865
209.865
209.865
209.865
209.865
209.865
209.865
209.865
209.865
209.865
209.865
209.865
209.865
209.865
209.865
209.865
209.865
209.865
209.865
209.865
209.865
209.865
209.865
209.865
209.865
209.865
209.865
209.865
209.865
209.865
209.865
209.865
209.865
209.865
209.865
209.865
209.865
209.865
209.865
209.865
209.865
209.865
209.865
209.865
209.865
209.865
209.865
209.865
209.865
209.865
209.865
209.865
209.865
209.865
209.865
209.865
209.865
209.865
209.865
209.865
209.865
209.865
209.865
209.865
209.865
210.523
210.523
210.523
210.523
210.523
210.523
210.523
210.523
210.523
210.523
209.865
210.523
210.523
209.865
210.523
210.523
210.523
210.523
210.523
210.523
210.523
210.523
210.523
209.865
210.523
210.523
210.523
210.523
210.523
210.523
210.523
210.523
210.404
210.523
210.523
210.523
210.523
210.523
210.523
210.523
210.523
209.865
209.865
210.523
210.523
210.523
210.523
210.523
210.523
210.523
210.523
210.523
209.865
210.523
210.523
210.523
210.523
209.865
209.865
210.523
210.523
210.523
210.523
209.865
210.523
210.523
210.523
210.523
210.523
210.523
210.523
210.523
210.523
210.523
210.523
210.523
210.523
210.523
210.523
210.523
210.523
210.523
210.523
210.523
210.523
210.523
210.523
210.523
210.523
210.523
210.523
210.523
210.523
210.523
209.865
210.523
210.523
210.523
210.523
210.523
210.523
209.865
210.523
210.523
210.523
210.523
210.523
210.523
210.523
210.523
210.523
210.523
210.523
210.523
210.523
210.523
210.523
210.523
210.523
210.523
210.523
210.404
210.523
210.523
210.523
210.523
210.523
210.523
210.523
209.865
210.523
210.523
210.523
210.523
210.523
210.523
210.523
210.523
211.267
212.088
210.889
212.454
212.454
210.889
210.523
212.088
212.088
212.088
212.088
212.088
210.523
211.43
211.43
211.43
211.43
211.43
211.43
211.43
211.43
211.43
211.43
209.865
211.43
211.43
211.43
211.43
211.43
211.43
211.43
211.43
211.43
211.43
211.43
211.43
211.43
211.43
209.865
211.43
211.43
211.43
211.43
211.43
211.43
211.43
211.43
211.43
211.43
211.43
211.43
211.43
211.43
211.43
211.43
211.43
211.796
211.796
211.796
211.796
211.796
211.43
211.796
211.796
211.796
211.796
211.796
211.796
211.796
211.43
211.796
211.796
211.796
211.796
211.796
211.796
211.796
211.796
211.796
211.796
211.796
211.796
211.796
211.796
211.796
211.796
211.796
211.796
211.796
211.796
211.796
211.796
211.796
211.43
211.796
211.796
211.796
211.796
211.796
211.796
211.796
211.796
211.796
211.796
210.231
211.796
211.796
211.796
211.796
211.796
211.796
211.796
211.796
211.142
211.796
211.796
210.231
211.43
211.43
211.43
211.43
211.43
211.43
211.43
211.43
211.43
211.43
211.43
211.43
211.43
209.865
211.43
211.43
211.43
211.43
211.43
211.43
211.43
211.43
211.43
209.865
211.43
211.43
211.43
211.43
211.43
211.43
211.43
211.43
211.43
211.43
211.43
211.43
211.43
211.43
211.43
211.43
211.43
211.43
211.43
211.43
211.43
213.947
213.947
213.947
212.381
213.947
213.947
212.381
212.381
212.381
212.381
211.809
212.381
212.381
212.381
212.381
214.687
214.687
214.687
214.687
214.687
214.687
214.687
216.253
214.194
213.769
216.812
214.213
216.812
216.812
216.812
215.537
216.122
216.812
216.812
216.65
214.341
212.213
215.227
215.124
215.617
213.145
211.384
215.227
210.404
215.227
213.914
214.687
215.227
215.227
215.227
215.227
215.227
215.227
215.227
214.734
213.223
215.227
214.734
210.771
210.503
213.02
211.159
210.87
213.02
213.02
213.02
213.02
212.893
213.02
213.02
213.02
213.02
213.02
213.02
213.02
213.02
213.02
213.02
213.02
213.02
213.02
213.02
213.02
213.02
213.02
213.02
213.02
213.02
213.02
213.02
212.782
212.893
213.02
213.02
213.02
213.02
213.02
213.02
213.02
213.02
213.02
213.02
213.02
213.02
218.849
216.94
217.925
215.367
213.244
216.101
216.267
215.087
213.65
213.392
214.33
214.33
214.33
214.33
214.33
214.33
218.308
214.33
214.794
214.33
215.417
214.329
214.79
213.425
213.704
213.326
213.425
213.425
212.482
213.425
213.425
213.425
213.425
213.326
212.307
212.307
212.307
213.027
213.027
212.928
213.027
213.027
211.909
211.909
213.027
211.994
211.909
210.875
211.909
211.909
211.909
211.909
211.909
211.909
211.909
211.909
211.561
211.909
211.909
211.909
211.909
211.909
211.909
211.909
210.871
211.909
209.964
210.875
210.776
210.875
210.875
210.875
210.875
210.875
210.875
210.875
210.875
210.875
210.875
210.875
210.875
210.875
211.909
210.669
213.293
210.776
213.293
210.776
213.293
213.293
211.142
213.293
213.293
213.293
213.293
213.293
213.039
213.288
213.293
213.293
213.19
213.293
213.293
213.293
213.293
213.293
213.293
213.293
213.293
213.293
213.293
213.293
213.293
213.145
213.293
213.288
213.293
213.166
210.776
213.293
212.921
210.776
213.166
213.166
213.166
213.166
213.166
211.142
213.166
213.166
213.166
213.161
213.166
213.166
210.776
211.142
211.142
211.142
211.138
210.776
210.771
211.138
210.771
211.142
211.142
211.142
211.142
211.142
211.142
211.142
210.776
211.142
211.142
211.138
211.142
211.142
211.142
211.142
211.142
211.142
211.142
211.142
211.142
210.776
211.142
211.142
210.771
210.776
211.142
211.142
211.142
211.142
211.142
210.771
210.776
211.142
211.142
211.142
211.142
210.776
211.142
211.142
211.142
210.776
211.142
210.771
210.776
211.142
211.142
211.142
211.142
210.776
211.142
211.142
210.776
211.142
211.142
211.142
211.142
211.138
211.142
211.142
210.771
211.138
211.142
211.142
211.142
211.142
210.771
211.142
211.142
210.776
211.142
211.142
210.771
211.142
211.142
211.142
211.142
211.142
211.142
211.138
211.138
211.142
210.776
211.142
211.142
211.142
211.142
211.142
210.776
211.142
211.142
211.142
211.142
211.142
211.142
211.138
210.771
211.138
211.138
210.772
211.138
210.772
211.138
211.138
211.138
211.138
211.138
211.138
211.138
211.138
211.138
211.138
211.138
211.138
211.138
211.138
211.138
211.138
211.138
211.138
211.138
211.138
211.138
211.138
211.138
211.138
211.138
211.138
211.138
211.138
214.431
211.426
215.047
214.176
211.267
213.852
211.06
215.047
211.83
213.44
213.616
211.06
214.681
214.681
214.681
214.141
211.06
214.681
214.681
211.06
213.616
213.616
213.616
211.557
214.127
214.127
212.193
214.127
214.456
214.456
213.919
214.327
209.865
212.482
214.327
211.238
214.327
210.329
214.327
214.327
214.327
214.327
213.373
210.523
214.327
212.495
210.523
214.327
213.919
214.327
213.731
214.327
214.327
214.327
214.302
212.683
214.327
212.235
214.327
212.495
212.893
211.06
212.893
212.893
212.187
212.683
212.893
212.893
211.464
212.235
212.893
212.893
212.893
212.893
212.893
212.893
212.893
212.893
212.893
212.893
212.187
209.865
212.893
212.893
212.893
209.865
212.495
212.495
211.06
212.495
212.495
212.235
212.495
212.495
212.495
212.495
212.495
212.087
212.495
212.087
212.861
212.661
215.587
212.495
215.709
215.709
213.893
215.709
215.709
213.893
215.709
213.893
215.337
215.709
213.364
215.515
215.591
215.591
211.809
215.591
213.742
215.591
215.705
213.742
215.705
215.705
212.991
212.054
213.742
213.742
213.742
213.742
212.618
212.618
212.618
212.323
212.618
212.618
212.618
212.618
212.618
212.618
212.618
212.618
212.618
212.618
212.618
212.618
212.618
210.772
212.618
212.618
212.618
212.618
212.618
212.618
212.618
212.618
212.618
212.618
212.618
212.618
212.323
212.618
212.618
212.618
212.618
212.618
212.618
212.618
212.618
212.618
212.618
212.618
212.618
212.618
212.618
212.618
212.618
212.618
212.618
212.618
212.618
212.618
212.618
212.618
212.618
212.618
212.618
212.618
212.618
212.618
212.618
212.618
212.618
212.618
212.618
212.618
212.618
211.76
212.618
212.618
212.323
212.618
212.618
212.618
212.618
212.618
212.618
212.618
212.618
212.618
212.618
212.618
212.618
212.618
212.254
212.337
212.618
212.618
212.618
212.618
212.618
211.427
212.618
212.618
211.464
212.441
212.441
212.323
212.441
212.441
212.441
212.441
212.441
212.441
212.441
212.441
212.441
212.441
212.441
212.441
211.783
212.441
211.676
212.441
212.441
212.441
212.441
212.441
212.441
212.441
212.441
212.441
212.441
212.441
212.441
212.441
212.441
212.441
212.441
212.441
211.464
212.441
212.441
212.441
212.441
212.323
212.441
212.441
212.441
212.441
212.441
212.441
212.441
212.441
211.783
212.441
212.441
212.441
212.441
212.441
212.441
212.441
212.441
212.441
211.464
211.676
211.783
211.783
211.783
211.783
211.783
211.783
211.783
211.783
211.783
211.783
211.783
211.783
211.783
211.783
211.783
211.018
211.783
211.783
211.783
211.783
211.783
211.783
211.783
211.783
211.783
211.783
211.783
211.783
211.783
211.783
211.783
211.783
211.783
211.783
211.783
211.783
211.783
211.783
211.783
211.783
211.783
211.783
211.783
211.783
211.783
211.783
211.783
211.783
211.783
211.783
211.783
211.783
211.783
211.783
211.783
211.783
211.783
211.783
211.783
211.783
211.783
211.783
211.783
211.783
211.783
211.783
211.783
211.783
211.783
211.783
211.783
212.376
212.376
212.376
212.376
212.376
212.376
212.376
212.376
212.376
212.376
212.376
212.376
212.376
212.376
212.376
212.376
212.376
212.376
212.376
212.376
212.376
212.376
212.376
212.376
212.376
212.376
212.376
212.376
212.376
212.376
212.376
212.376
212.376
212.376
212.376
212.376
212.376
212.376
212.376
212.376
212.376
212.376
212.376
212.376
212.376
212.376
212.376
212.376
212.376
212.376
212.376
212.376
212.376
212.376
212.376
212.376
212.376
212.376
212.376
212.376
212.376
212.376
212.376
212.376
212.376
212.376
212.376
212.376
212.376
212.376
212.376
212.376
212.376
212.376
212.376
212.376
212.376
212.376
212.376
212.376
212.376
212.376
212.376
212.376
212.376
212.376
212.376
212.376
212.342
212.376
212.376
212.376
212.376
212.376
212.376
212.376
211.018
212.376
212.376
212.376
212.376
212.376
212.376
212.376
212.376
212.376
212.376
211.783
212.376
212.376
212.376
212.376
212.376
212.376
211.783
212.376
212.376
212.376
212.376
212.376
212.376
212.376
212.376
212.376
212.376
212.376
212.376
212.376
212.376
212.376
212.376
212.376
212.376
212.376
212.376
212.376
212.376
212.376
212.376
212.376
212.376
212.376
212.376
212.376
212.376
212.376
212.376
212.376
212.376
212.376
212.376
212.376
212.376
212.376
212.376
212.376
212.376
212.376
212.376
212.376
212.376
212.376
212.376
212.376
212.376
212.376
212.916
213.444
213.444
212.51
213.444
213.368
213.44
213.44
213.44
213.44
213.206
213.44
213.44
213.049
213.44
213.44
213.44
213.44
213.44
213.115
213.44
213.29
213.44
212.916
213.44
212.618
213.44
213.44
213.44
213.44
213.44
213.44
212.337
213.44
213.44
213.44
213.44
213.44
213.44
210.772
212.618
212.618
212.618
212.618
212.618
212.618
212.618
212.618
212.618
212.618
212.618
212.618
212.618
212.618
212.618
212.618
212.618
212.618
212.618
212.618
213.62
213.027
213.62
213.62
213.62
213.62
213.62
213.62
213.62
213.62
212.979
213.62
213.62
212.695
212.618
213.62
213.62
212.695
212.323
212.695
212.695
212.695
212.695
212.695
212.695
212.695
212.695
212.695
212.695
212.695
212.695
212.695
212.695
212.695
212.695
209.865
209.865
210.404
210.404
210.404
210.404
210.404
210.404
210.404
210.404
210.404
209.865
210.404
210.404
210.404
210.404
209.865
210.404
210.404
210.404
210.404
210.404
210.404
210.404
210.869
210.404
210.404
211.06
211.06
211.06
211.06
211.06
211.06
210.772
211.06
211.06
211.06
211.06
211.06
210.901
210.329
210.404
210.404
210.523
210.523
210.523
210.523
210.523
210.523
211.642
211.642
211.642
211.642
210.523
211.642
211.642
211.642
211.642
211.642
211.642
211.642
211.642
211.642
211.642
211.642
211.642
211.642
210.523
211.642
211.642
211.642
211.642
211.642
211.642
211.642
211.642
211.642
211.642
211.642
211.642
211.642
211.642
211.642
211.642
211.642
212.96
212.96
211.891
211.895
212.96
212.676
212.96
212.928
212.96
212.017
212.96
212.96
211.642
211.891
211.842
212.96
212.96
212.96
212.96
211.895
212.96
212.583
211.842
211.842
211.891
211.891
211.891
211.891
211.891
211.891
211.891
211.891
211.891
211.891
211.891
211.891
211.891
210.772
211.891
211.891
210.772
210.772
211.891
211.891
211.891
211.891
211.891
210.984
211.891
211.891
211.891
211.891
211.891
211.891
211.891
211.891
211.891
210.772
210.984
211.891
211.891
210.772
211.891
211.891
211.891
211.891
211.891
211.891
211.891
211.891
211.891
211.891
211.891
211.891
211.891
211.891
211.891
211.891
211.891
211.891
210.984
211.891
211.891
211.891
211.891
211.891
211.891
211.891
211.891
211.891
211.891
211.891
211.891
211.891
210.984
211.891
211.891
211.891
211.891
211.891
211.891
211.891
211.891
211.891
211.891
210.772
211.891
211.891
211.138
211.891
211.891
211.891
211.891
211.891
211.891
211.891
211.891
211.891
211.891
211.891
211.891
211.891
211.891
211.891
211.891
211.891
211.891
210.772
210.772
211.891
211.891
211.891
211.891
211.891
211.891
211.891
211.891
211.891
211.891
211.891
211.891
211.891
211.891
211.891
210.772
211.891
211.891
211.891
211.891
211.891
211.891
211.891
211.891
211.891
211.891
210.984
211.891
211.891
211.891
211.891
211.891
211.891
218.193
218.193
218.193
214.168
211.891
214.407
218.149
214.407
217.074
217.074
216.209
217.074
214.773
213.049
213.288
213.288
213.288
213.288
213.288
213.288
212.916
212.554
213.288
213.288
213.288
213.288
212.533
212.533
212.533
213.288
213.288
213.288
213.288
213.288
213.288
213.288
213.288
213.288
213.288
213.288
213.288
213.288
213.288
213.288
213.288
213.288
213.288
213.288
213.288
213.288
213.288
213.288
213.288
213.288
213.288
213.288
213.288
213.288
213.288
213.288
213.288
212.554
213.288
213.288
213.288
213.288
213.283
212.916
213.288
213.288
213.288
213.288
213.288
213.288
212.916
212.695
212.695
213.288
213.288
213.288
213.288
213.288
213.288
213.288
213.288
213.288
213.288
213.288
213.288
213.288
212.333
213.288
215.74
215.968
215.968
212.376
213.288
213.288
213.288
213.288
213.288
213.288
213.288
213.288
213.288
212.916
213.288
213.288
213.283
213.288
213.288
213.288
213.288
213.288
212.916
213.288
213.288
212.916
213.288
213.288
213.288
213.283
213.283
213.288
213.288
213.288
213.288
212.554
213.288
213.288
213.288
213.288
213.288
213.288
213.288
213.288
213.288
213.288
213.288
213.288
213.288
213.38
213.747
213.747
213.747
212.997
213.747
213.747
213.747
213.747
213.747
213.747
213.747
213.747
213.747
213.747
213.747
213.747
213.747
213.747
213.747
213.747
213.747
213.747
213.537
213.747
213.747
213.283
213.747
213.747
213.747
213.747
213.747
213.747
213.723
213.747
213.747
213.747
213.747
213.747
213.747
213.747
213.747
213.747
213.747
213.747
213.747
212.84
213.154
213.747
213.283
213.537
213.283
213.747
213.747
213.747
213.747
213.747
213.558
213.747
213.747
213.537
213.747
213.747
213.747
213.747
213.747
213.283
213.747
213.747
213.747
212.84
213.283
213.283
213.747
213.537
212.84
213.747
213.747
213.747
213.747
213.747
213.747
213.747
213.747
213.747
213.747
213.747
213.747
213.747
213.747
213.747
213.747
213.747
213.747
213.747
213.747
213.537
213.283
213.747
213.747
213.747
213.747
212.764
213.747
213.747
213.747
213.537
213.283
213.747
213.747
213.283
213.382
213.747
213.747
213.747
213.747
213.747
213.283
213.747
213.747
213.747
213.436
213.747
213.747
213.747
213.747
213.747
214.333
214.333
214.333
214.333
214.333
214.333
213.433
213.509
214.007
214.007
214.007
213.281
214.007
214.007
214.007
213.632
211.703
213.632
214.007
214.007
214.007
214.007
214.007
214.007
213.908
214.007
214.007
213.281
212.906
212.974
212.51
212.974
212.974
213.34
212.974
212.974
212.974
212.974
212.974
212.974
212.247
212.974
212.974
212.974
214.669
214.669
214.669
214.749
214.749
214.749
214.749
214.749
214.749
213.593
214.749
213.054
214.749
214.749
214.615
214.749
214.749
214.749
214.699
214.749
214.684
214.749
214.749
214.749
213.054
214.749
214.285
214.285
214.22
214.285
212.755
214.285
214.285
214.285
214.285
214.279
214.285
214.151
214.171
214.235
214.235
214.235
214.235
214.235
213.272
214.235
214.235
214.235
214.235
214.235
214.235
214.235
214.235
214.235
214.235
214.151
214.235
214.235
214.235
214.235
214.235
214.235
214.235
214.235
214.235
214.235
214.235
214.235
214.235
214.235
214.235
214.235
215.797
215.797
215.146
215.797
215.797
215.797
215.797
215.797
215.482
215.797
215.713
215.797
215.797
215.797
215.797
215.797
216.179
220.268
218.14
216.163
220.349
215.797
220.13
215.604
217.982
218.601
218.601
218.766
218.766
218.766
218.766
218.194
218.4
218.4
218.4
217.378
217.534
217.07
216.241
217.534
217.534
217.534
217.369
215.839
215.807
215.973
215.509
212.729
213.101
212.265
213.385
213.385
213.225
212.921
213.385
213.097
213.219
213.223
213.385
213.223
213.385
213.219
213.219
213.097
213.385
212.729
213.06
212.921
213.219
212.755
213.219
213.219
213.219
213.219
212.682
213.154
213.154
213.154
212.564
213.219
213.219
213.219
213.219
213.219
213.219
211.524
213.219
211.524
213.154
213.219
212.931
213.057
213.219
213.06
212.755
212.564
213.219
213.219
212.024
213.154
213.219
213.219
213.219
213.219
213.219
213.219
212.564
213.219
213.219
215.231
215.231
213.587
212.564
213.219
214.642
214.642
214.177
213.986
214.177
214.029
214.642
214.642
214.642
214.642
212.946
214.642
214.642
212.946
214.642
214.576
212.946
213.868
213.77
214.246
212.893
214.642
214.642
214.642
213.986
214.642
214.642
213.835
213.986
213.986
213.06
213.522
213.522
213.986
213.986
213.986
213.986
213.986
213.986
213.986
213.398
213.522
213.868
213.868
213.868
213.868
213.522
213.868
213.868
213.868
213.868
213.868
213.868
213.868
213.868
213.868
213.404
213.868
213.868
213.803
213.868
213.868
213.404
212.173
213.868
213.868
212.173
213.404
213.803
213.868
213.868
213.398
213.868
213.967
213.868
216.232
215.767
216.232
216.232
216.232
216.232
216.191
216.232
216.232
216.232
216.232
216.232
216.232
215.767
215.537
215.767
215.767
215.767
215.367
215.767
215.073
215.073
215.073
215.767
215.071
215.073
215.073
215.073
212.934
212.934
212.934
212.934
212.934
212.934
212.934
212.934
212.934
212.934
212.934
212.934
212.934
212.934
212.024
212.934
212.934
211.56
212.934
212.934
212.934
212.934
212.934
212.934
212.934
212.934
212.934
212.467
212.934
212.934
211.238
212.934
212.934
212.934
212.934
212.934
212.934
212.934
211.56
212.934
212.934
212.934
212.934
212.934
212.934
212.934
212.934
212.934
212.934
212.934
212.934
212.934
212.934
212.934
212.934
212.934
212.934
212.869
212.934
212.934
212.934
212.934
212.371
212.934
212.934
212.934
212.934
212.934
211.238
212.934
212.934
212.934
212.934
212.934
212.934
212.934
212.934
212.934
212.934
212.934
212.934
212.934
212.934
212.934
212.934
211.238
212.934
212.934
212.934
212.934
211.238
212.934
212.934
212.934
212.934
212.934
211.238
212.804
212.934
212.934
212.934
212.934
212.934
212.934
212.934
212.934
212.934
218.227
220.128
218.433
218.379
220.128
218.904
220.128
220.128
220.128
219.822
220.128
220.128
219.591
217.482
219.342
220.128
219.122
219.645
219.645
218.433
218.343
219.645
217.23
219.645
219.645
219.645
217.23
217.23
217.23
217.23
217.23
217.23
217.23
217.23
213.253
216.69
216.69
216.69
216.69
216.69
214.995
216.69
216.69
217.726
217.23
217.726
213.749
213.749
213.749
212.054
213.537
212.467
211.842
213.159
213.537
213.537
212.007
213.537
213.537
213.537
213.159
213.159
213.472
213.472
213.472
213.472
213.472
213.094
213.472
213.472
213.472
213.472
213.472
213.44
213.472
213.472
213.057
213.472
213.472
213.472
213.472
213.472
213.472
213.472
213.472
213.472
213.472
212.218
212.153
213.472
213.472
213.472
213.472
213.472
213.472
213.537
214.799
214.457
211.941
215.134
214.065
215.134
215.3
214.922
214.922
214.922
214.587
213.738
214.551
214.587
214.587
214.587
211.629
213.738
213.738
213.738
212.885
211.629
213.738
211.629
213.175
213.738
213.738
213.738
213.738
213.738
213.738
213.572
213.175
213.572
213.738
213.738
213.05
213.05
213.326
213.326
213.572
213.572
213.572
213.572
213.572
212.885
212.885
213.572
211.464
213.572
212.583
213.572
213.572
212.885
213.094
213.16
213.16
213.536
211.464
212.885
213.006
213.572
213.171
211.464
213.009
213.572
213.536
213.572
213.572
213.572
213.572
213.572
213.572
213.009
213.536
213.536
211.464
213.572
213.572
213.572
213.738
212.037
213.572
213.572
213.572
213.572
213.572
213.572
211.464
211.563
213.572
213.572
213.572
213.572
213.572
213.572
212.885
213.572
214.036
214.104
213.572
214.104
211.995
213.416
213.416
213.416
213.416
213.416
215.352
215.352
215.352
214.245
214.986
213.126
215.352
215.352
215.352
213.983
215.352
215.352
215.352
215.352
214.528
214.774
214.774
214.361
214.408
214.774
214.774
214.774
214.774
214.408
214.774
214.774
214.774
214.774
214.408
214.774
214.774
214.774
214.774
214.362
214.774
214.774
214.774
214.362
214.774
214.774
214.774
214.258
214.235
213.996
214.362
214.362
214.362
213.996
212.765
214.362
214.362
214.362
214.362
214.115
214.361
212.765
213.206
214.362
214.362
214.362
213.261
214.362
214.362
214.362
214.362
214.362
214.361
214.362
214.362
213.996
214.362
214.362
214.362
213.846
213.823
212.399
213.996
213.996
212.399
213.996
212.399
213.995
213.995
213.995
213.995
213.455
213.995
212.3
213.455
213.455
213.455
213.455
213.455
213.455
213.39
213.455
213.455
214.489
214.489
214.489
214.489
213.455
213.455
213.39
213.455
213.455
213.455
213.455
213.455
213.455
213.455
213.455
213.952
211.56
213.952
213.952
213.952
213.952
213.952
211.56
213.952
213.952
213.952
212.256
213.952
213.952
213.952
216.853
215.893
216.853
215.132
216.853
214.461
216.853
216.853
216.848
216.853
216.848
214.461
211.56
216.197
213.952
214.117
216.853
216.853
216.853
216.848
216.853
215.49
216.848
216.853
216.853
216.853
216.853
216.853
216.853
216.853
220.389
222.699
222.781
219.481
222.781
222.781
220.393
222.781
218.632
219.897
220.393
220.393
220.015
220.163
217.772
214.922
220.163
220.163
220.163
219.667
219.785
219.785
219.785
219.477
219.785
219.785
219.785
219.785
219.785
219.127
218.25
219.667
219.337
219.127
219.667
216.193
217.275
219.667
219.667
214.592
219.667
214.426
213.887
219.127
219.127
214.052
213.887
214.426
219.08
219.127
219.127
219.127
219.127
219.127
219.127
214.052
214.052
214.052
214.052
215.61
215.61
213.69
214.244
214.079
214.244
215.775
215.775
214.052
214.61
214.61
214.445
214.61
214.497
212.887
214.244
211.695
211.695
211.695
214.244
214.244
214.244
214.244
214.244
214.244
214.244
214.244
214.244
214.244
214.244
214.244
214.244
212.025
214.079
214.079
214.079
214.079
211.529
214.079
214.079
214.079
214.079
214.079
214.079
214.079
214.079
214.079
214.079
214.079
214.079
213.98
214.079
214.079
214.079
214.079
217.694
216.067
212.48
211.909
212.48
212.48
212.48
212.48
212.48
212.48
212.48
212.48
212.48
212.48
212.353
212.353
212.353
212.353
212.353
212.353
212.353
212.353
212.353
212.353
212.353
212.353
212.353
212.353
212.353
212.353
212.353
212.353
212.353
212.353
212.353
212.353
212.353
212.353
212.353
212.353
212.353
212.353
212.353
212.353
209.964
212.353
210.33
212.353
212.353
212.353
212.353
209.964
212.353
212.353
211.366
212.353
212.353
212.353
212.353
212.353
212.353
212.353
212.353
212.353
212.353
212.353
212.353
212.353
212.275
212.353
212.353
212.353
210.33
212.353
212.353
212.353
212.353
212.353
212.353
212.353
212.353
212.353
212.353
212.353
212.353
212.353
212.353
211.449
212.353
213.389
213.389
214.293
214.293
214.293
214.293
214.293
214.293
214.293
214.293
214.293
214.293
214.293
214.293
214.293
214.293
214.293
214.293
214.293
214.293
214.293
214.293
212.48
214.293
214.293
214.293
206.73
212.34
214.046
214.046
214.046
212.48
213.571
213.571
213.444
213.39
213.571
213.571
213.571
213.571
213.571
213.571
213.39
213.444
213.444
213.39
213.444
213.571
213.571
213.571
213.571
213.571
212.712
212.613
213.571
213.571
213.571
213.571
213.571
213.571
213.571
214.478
213.55
214.248
213.571
213.755
214.248
214.121
214.121
213.389
214.248
214.248
214.121
214.248
213.755
214.164
214.248
214.248
214.248
214.248
213.755
214.248
214.248
214.248
214.248
214.248
214.248
214.248
214.248
214.248
214.248
214.248
214.248
214.248
214.248
214.248
213.389
213.39
214.022
213.656
214.022
214.022
214.022
214.022
214.022
213.727
214.022
214.022
214.022
214.022
213.656
214.022
214.022
214.022
214.022
214.022
214.022
214.022
214.022
214.022
213.656
214.022
214.022
