628.772
582.433
541.964
496.696
470.324
438.859
426.194
412.416
401.653
394.491
388.396
384.475
382.013
380.762
377.101
375.413
374.359
372.494
370.419
366.926
365.413
362.906
362.381
361.465
359.165
358.647
356.509
357.975
357.674
357.805
357.805
354.521
352.06
356.924
354.302
356.257
352.383
349.933
348.888
347.999
350.218
349.471
348.272
348.448
351.173
352.215
350.105
347.974
346.72
349.802
347.27
347.75
347.24
346.875
348.104
346.912
350.859
349.212
348.891
345.316
345.316
343.758
344.435
345.778
345.916
347.283
348.422
343.968
343.078
347.289
346.282
346.776
346.296
346.209
345.095
345.698
348.693
347.628
348.696
346.151
347.324
346.752
347.466
347.782
343.666
345.2
343.176
347.869
348.107
349.772
349.862
340.539
347.496
342.572
346.051
348.314
342.347
345.844
344.762
341.432
344.512
345.767
339.308
344.222
342.51
341.585
341.888
344.739
344.363
347.22
346.742
343.081
347.374
341.147
342.788
345.466
343.764
348.036
344.938
342.593
342.593
343.927
345.397
346.781
343.311
343.684
345.628
344.624
344.736
342.942
342.353
344.371
345.139
345.621
344.363
342.348
342.629
342.426
341.454
343.921
340.051
343.711
344.653
344.484
344.243
343.822
341.584
342.644
343.982
340.079
340.079
342.903
343.478
341.645
343.806
344.853
345.697
341.794
347.228
344.354
343.393
344.686
342.863
344.394
345.334
346.602
345.505
346.213
342.464
340.986
340.618
345.476
345.258
342.651
345.318
344.758
349.237
343.521
342.995
342.967
342.967
342.375
346.775
345.409
341.225
344.918
347.806
344.754
342.851
342.823
346.656
346.263
344.745
343.75
345.639
343.744
341.658
343.617
341.467
344.499
345.949
342.942
342.831
345.894
345.946
345.862
345.39
346.472
347.945
343.887
343.887
342.883
343.591
343.337
343.59
344.274
342.197
342.228
346.995
345.386
344.412
345.51
345.665
342.912
342.097
343.446
346.263
348.574
346.824
350.562
346.883
345.627
344.697
345.668
345.277
344.613
346.517
346.313
346.697
345.22
345.22
345.061
345.606
344.458
343.35
344.415
345.41
343.819
341.569
344.382
345.061
343.168
346.47
340.458
343.896
343.369
342.476
344.903
346.472
344.059
342.194
343.502
344.882
344.176
345.315
341.861
342.049
344.846
343.455
341.478
341.478
344.724
348.432
346.291
346.245
342.134
344.253
342.626
343.637
341.235
343.118
345.61
343.045
343.912
345.652
344.127
344.435
342.464
348.522
344.381
345.154
344.463
343.609
343.833
344.055
343.671
344.413
344.964
345.289
348.083
348.083
343.958
343.21
344.995
348.071
347.719
345.455
345.32
343.05
343.032
345.48
343.851
343.155
341.514
344.228
345.283
342.554
345.537
343.978
341.705
341.669
342.25
343.916
342.222
347.329
344.516
344.587
345.446
348.49
341.954
341.954
346.006
344.477
342.672
345.263
345.003
343.947
344.769
345.123
342.91
343.333
343.272
345.539
345.826
347.756
344.645
342.892
343.693
344.615
341.924
344.095
342.295
341.802
339.886
345.513
345.767
345.28
344.612
346.274
344.837
344.925
345.869
343.693
345.275
345.801
347.174
344.906
342.661
344.512
344.35
346.843
342.219
343.77
342.17
344.463
344.599
346.721
343.851
342.832
346.72
342.126
345.015
344.37
343.523
345.979
344.771
342.669
342.08
341.487
341.075
341.161
341.25
344.785
345.191
345.66
345.001
341.978
339.527
343.431
345.699
343.571
344.933
340.11
343.013
344.264
344.081
342.603
341.721
341.675
345.402
343.9
346.66
344.957
345.178
342.644
344.731
345.953
347.185
344.359
344.093
344.093
346.189
342.984
345.615
343.39
346.146
343.786
342.407
343.978
346.9
344.355
343.635
341.278
344.442
345.787
343.109
341.477
347.108
344.603
344.962
345.48
347.885
344.704
341.516
345.732
345.263
344.551
347.412
345.65
345.536
345.624
342.952
344.691
342.685
345.091
344.815
344.462
347.063
344.887
345.168
346.347
346.904
347.029
351.746
343.028
347.409
344.641
343.409
346.609
345.598
344.464
344.768
345.048
343.21
345.101
343.731
348.579
344.692
346.714
347.392
347.48
345.487
344.215
345.036
342.522
342.612
345.35
344.278
347.597
345.605
348.755
346.571
347.012
343.786
346.484
342.634
346.248
345.498
344.297
345.447
344.311
345.53
344.327
344.902
346.189
346.308
346.546
345.027
345.031
341.769
341.855
344.549
345.085
342.684
344.776
346.927
345.102
344.462
347.808
348.431
343.838
344.845
345.894
343.145
345.594
346.05
346.077
344.048
340.741
342.969
344.034
345.927
345.443
346.31
345.544
345.977
343.276
342.861
344.912
346.338
346.338
346.89
344.146
345.495
347.798
344.743
348.151
345.616
344.331
344.778
343.146
345.849
345.101
343.148
344.798
343.426
346.327
344.114
344.516
342.161
348.167
343.896
348.799
346.74
344.398
343.692
344.575
342.218
342.685
342.999
342.999
342.006
343.238
342.812
344.997
343.396
347.124
345.945
345.109
345.567
342.459
344.68
343.577
343.6
340.677
345.991
342.47
342.574
343.467
339.806
342.003
341.565
343.913
345.926
341.581
345.334
345.595
347.041
346.577
344.5
344.5
345.281
344.417
347.22
346.258
346.781
347.587
344.634
347.134
344.557
344.3
346.755
343.889
346.231
343.303
344.555
345.245
340.472
342.626
343.328
344.266
344.91
342.963
343.969
343.684
346.956
345.958
343.349
347.123
344.003
344.003
342.667
341.579
344.211
343.68
346.266
348.114
342.58
343.725
347.213
346.765
342.366
342.169
345.4
343.744
347.451
345.989
347.968
348.005
343.644
340.435
340.4
347.153
345.488
349.968
346.949
347.621
345.432
345.749
343.626
343.713
346.068
346.722
344.46
345.08
341.257
345.127
345.21
344.361
343.255
344.06
345.14
344.903
345.459
345.61
343.833
341.407
342.037
342.548
345.023
341.369
343.282
345.088
345.157
342.803
343.157
345.656
341.36
346.247
347.353
347.44
348.876
343.802
342.526
343.035
346.191
342.96
341.122
345.007
343.261
342.038
343.987
344.378
341.386
344.972
344.199
342.267
342.97
346.236
344.918
343.206
345.557
346.107
341.419
345.252
342.914
343.813
342.06
343.564
342.363
342.45
348.75
342.907
342.428
344.123
344.155
342.775
344.28
344.948
345.926
346.722
344.748
345.232
345.901
343.624
345.288
346.368
346.145
344.919
344.422
346.125
346.382
349.014
342.442
343.953
349.177
346.506
345.563
348.469
347.37
347.37
342.504
341.53
344.713
346.483
347.807
347.114
345.808
346.063
347.508
344.971
348.009
344.998
349.194
344.281
347.216
344.013
344.224
349.18
350.382
347.13
349.346
348.303
349.876
348.274
348.566
351.523
347.161
346.473
347.897
347.897
347.61
346.58
344.659
345.713
343.946
345.865
345.833
344.03
346.003
344.435
347.862
345.207
345.078
347.679
342.806
346.917
350.097
347.868
347.064
346.588
349.437
347.21
346.938
347.724
345.465
346.495
349.287
345.777
347.052
347.052
349.011
345.976
345.51
344.452
347.606
344.447
345.85
345.878
344.673
344.54
345.804
345.875
346.581
341.898
342.612
342.436
345.173
346.116
342.717
344.345
345.206
341.081
344.239
342.391
343.437
345.529
345.341
341.954
339.981
340.067
345.987
345.633
343.324
347.156
345.668
346.214
343.126
342.754
342.344
343.297
344.896
345.571
343.218
342.994
342.398
346.072
346.804
346.73
345.712
346.629
345.926
344.689
344.592
343.385
345.88
340.679
343.429
345.395
344.024
344.111
347.592
345.363
345.599
345.419
346.349
343.964
345.005
341.61
345.592
345.345
343.607
347.056
345.171
345.692
342.343
347.441
347.473
343.741
340.757
342.014
343.984
343.205
345.369
342.159
346.87
345.384
343.525
344.303
345.497
345.584
342.693
344.212
345.618
347.419
345.725
343.945
344.34
344.538
340.473
345.125
343.007
342.558
344.739
345.903
345.039
344.213
344.992
345.255
345.352
343.836
344.419
345.399
343.664
345.914
345.955
344.428
345.131
345.016
343.219
343.307
343.656
344.088
341.437
344.685
340.801
341.156
344.508
344.276
346.029
342.561
340.407
343.365
343.819
343.813
345.065
341.048
343.993
345.534
341.586
344.532
345.012
342.71
346.061
345.655
344.825
345.618
342.615
348.068
344.228
344.228
344.659
343.624
343.08
345.045
343.469
342.582
342.229
347.039
345.072
345.804
343.506
345.189
343.483
345.033
343.222
340.992
343.303
344.277
344.375
344.622
342.353
343.482
341.275
342.867
347.759
347.404
340.944
345.561
343.753
343.839
340.367
342.729
344.533
343.521
344.486
345.387
344.567
344.417
342.729
346.542
347.105
343.353
342.455
344.83
346.083
345.332
342.113
342.981
345.671
343.178
344.864
346.696
347.734
341.949
346.109
344.237
340.734
344.323
345.192
345.192
340.983
342.646
344.283
342.934
343.591
344.289
343.026
343.884
343.506
344.42
343.955
341.641
347.097
344.217
347.954
343.109
345.08
344.677
344.429
347.736
344.231
345.649
343.399
347.428
343.813
346.176
347.615
345.051
346.601
346.689
347.343
344.722
344.729
347.096
345.564
345.747
345.79
344.388
346.059
342.444
342.984
344.264
344.999
344.212
344.664
345.379
344.584
343.049
343.776
345.159
344.77
344.251
345.988
345.67
342.278
344.714
343.314
343.984
344.279
344.279
342.278
345.883
345.546
343.841
342.49
345.344
344.198
343.539
342.682
342.765
344.603
344.83
346.683
342.039
344.346
345.042
344.505
344.147
344.233
343.316
344.783
345.499
346.409
343.015
344.65
345.308
344.991
344.305
345.129
345.129
343.289
344.695
342.678
345.761
346.011
344.406
345.927
346.438
341.336
345.54
343.654
340.557
344.634
344.203
346.176
342.193
342.38
346.015
342.649
343.22
343.757
344.182
347.021
345.661
344.152
343.381
346.55
343.541
343.215
343.215
344.04
345.492
342.247
341.609
343.801
345.975
348.499
346.896
343.263
345.307
345.449
346.198
343.793
344.256
345.89
343.3
343.205
344.644
347.533
342.721
342.446
344.156
342.709
343.851
346.197
345.481
343.078
344.33
344.235
344.235
344.581
346.528
344.54
345.475
345.214
345.737
342.366
341.15
344.257
342.737
343.957
346.742
344.605
342.131
341.355
343.42
344.238
345.393
343.059
343.527
344.916
345.876
344.467
344.512
345.74
343.155
343.897
344.436
345.446
345.446
345.8
342.901
345.487
346.556
346.961
344.484
342.413
344.648
343.807
342.971
346.338
347.474
345.567
343.71
343.781
343.648
346.491
342.912
343.205
339.309
347.268
342.861
345.216
345.91
343.537
344.532
345.442
344.225
346.039
346.039
346.066
341.223
344.367
343.034
344.866
343.997
344.893
345.156
347.016
347.517
339.792
343.949
345.838
342.628
344.29
342.059
345.029
346.874
340.874
343.504
345.157
343.61
342.144
343.717
345.092
344.82
344.097
345.546
345.78
345.78
342.856
347.098
346.069
344.509
341.765
344.712
341.424
344.612
340.94
343.143
345.468
344.095
342.524
345.343
343.231
343.433
341.978
343.688
346.727
346.666
343.564
346.591
347.256
343.585
341.943
342.002
344.496
342.661
344.826
344.914
347.054
341.253
346.784
342.863
345.567
343.542
344.703
346.143
342.423
345.31
341.684
345.586
344.081
346.682
346.99
346.478
346.415
342.024
342.446
341.869
345.784
344.046
341.115
344.117
342.678
343.223
344.024
344.516
347.126
347.126
346.299
346.768
345.111
348.139
350.015
346.792
348.068
347.178
347.562
346.325
344.479
345.019
345.657
344.629
343.91
343.989
346.481
348.642
347.628
343.139
345.363
346.633
344.359
347.805
343.231
343.772
344.69
341.805
344.318
344.318
344.765
346.485
346.402
347.945
342.723
343.921
342.075
347.071
341.917
343.318
344.388
345.36
342.052
343.874
342.869
345.775
345.764
346.764
343.989
342.369
341.825
339.215
343.787
343.271
343.1
340.171
343.171
341.484
343.124
343.124
342.362
341.713
342.354
342.934
343.936
344.154
344.673
342.931
343.045
343.572
344.738
343.117
343.692
343.445
346.072
342.594
343.126
342.823
344.122
343.767
344.549
343.338
347.168
343.812
344.56
343.302
342.479
343.153
344.559
344.559
345.458
342.903
343.406
342.247
344.106
341.191
345.195
346.464
342.302
344.316
341.629
341.099
344.866
343.366
344.251
345.009
345.644
343.693
344.874
343.407
344.485
343.396
340.651
345.752
339.919
343.961
341.838
344.008
342.809
342.809
346.02
345.072
342.402
344.187
343.79
342.236
341.78
344.019
343.754
342.294
343.636
344.466
341.674
344.02
344.7
342.895
340.266
340.358
340.198
342.075
340.953
344.04
342.924
341.214
345.061
343.262
340.778
344.846
342.832
342.921
345.007
343.939
341.988
344.077
343.355
348.212
346.952
343.608
344.154
344.509
345.977
342.547
344.582
342.816
345.875
343.025
343.68
342.652
343.861
341.158
342.275
340.916
343.127
341.753
339.113
343.942
341.813
341.967
344.401
344.49
340.146
341.287
342.927
344.209
344.054
343.733
345.567
342.47
341.316
343.536
346.733
341.239
341.769
345.952
342.877
340.743
346.683
344.783
341.776
341.043
341.461
346.294
340.05
343.707
343.89
343.324
342.454
343.672
345.343
345.343
343.632
341.903
343.183
343.013
341.328
343.154
341.48
343.01
341.403
344.838
340.737
341.571
347.264
344.267
343.282
346.332
344.694
343.68
345.565
346.038
344.379
343.241
343.504
343.488
339.95
344.621
346.253
344.247
342.611
342.611
341.361
342.378
340.804
342.304
345.191
342.074
340.3
346.035
347.405
343.228
344.452
345.586
345.951
344.326
344.313
340.666
343.698
343.243
342.278
343.825
345.714
342.64
342.745
341.617
343.976
341.714
340.328
342.885
341.709
341.795
346.004
344.165
347.523
342.731
340.369
343.098
341.001
343.162
344.072
344.03
347.11
345.78
346.222
343.627
343.711
342.79
344.156
342.214
346.671
342.712
343.177
344.993
344.225
349.384
344.52
343.723
344.236
346.698
343.903
343.903
345.863
346.666
347.215
343.957
347.034
345.078
344.671
342.947
345.29
348.319
346.113
346.144
342.183
345.418
343.371
344.74
344.763
343.455
346.196
341.717
343.805
342.909
350.333
348.55
349.988
349.363
345.678
346.285
344.512
344.6
343.276
341.725
343.835
343.479
341.575
342.779
343.047
345.298
341.484
345.172
343.261
346.841
344.759
344.801
344.702
343.713
345.605
343.421
342.051
345.11
347.411
343.46
343.485
345.202
343.11
345.294
344.906
347.799
344.764
344.764
346.916
342.692
344.93
341.519
341.162
345.572
346.584
344.089
346.888
343.367
343.514
343.737
347.245
344.252
342.42
343.18
341.788
343.078
341.88
344.586
341.951
341.575
340.565
346.285
344.024
343.633
343.752
344.491
345.45
345.538
343.719
343.947
345.257
343.64
345.074
343.006
344.557
343.676
343.022
344.67
342.486
343.572
343.621
345.289
346.527
345.522
343.134
344.464
343.188
344.704
343.403
342.829
343.836
340.038
342.442
345.007
343.819
344.396
343.312
343.312
343.799
342.757
341.764
345.84
343.467
342.897
342.784
342.157
345.271
344.668
340.864
345.694
342.422
341.972
344.399
341.151
341.169
344.812
346.787
343.219
343.414
341.824
339.948
344.661
344.318
342.516
345.362
343.292
345.242
345.33
343.252
345.192
343.469
341.206
344.13
342.557
344.654
340.157
342.444
343.44
341.985
346.411
344.253
342.28
344.547
342.236
341.295
343.041
343.478
345.167
345.748
344.275
344.883
347.161
345.061
342.066
340.867
342.72
342.089
342.176
342.805
341.176
342.62
342.829
345.509
345.825
341.213
343.679
341.34
341.508
341.408
342.816
342.291
342.056
344.116
344.093
342.4
343.894
343.545
340.889
343.645
343.506
344.132
343.634
342.036
344.696
344.289
344.575
342.368
342.368
342.13
339.993
341.728
340.982
340.523
344.298
343.412
343.371
343.185
343.149
339.831
340.761
342.042
344.952
343.724
343.465
342.059
343.05
343.443
345.516
343.825
339.755
343.284
345.894
343.72
341.833
345.015
344.755
341.4
341.4
342.964
344.006
344.74
347.194
342.848
343.53
343.591
343.051
344.593
338.892
344.382
344.211
346.253
344.409
345.609
342.85
346.191
341.996
343.335
343.764
344.838
341.661
341.917
346.165
343.61
338.129
342.698
343.463
340.484
340.484
343.102
340.352
344.61
343.423
343.444
345.713
343.488
347.144
342.726
342.577
343.421
338.121
341.734
342.175
342.338
343.43
342.981
345.346
342.42
345.443
344.98
344.638
341.439
345.808
344.587
344.751
347.391
346.349
341.186
341.274
343.664
343.35
344.68
345.824
346.014
347.151
344.967
342.612
342.523
341.872
344.627
343.969
341.02
345.592
347.694
344.413
343.873
340.826
342.217
344.819
343.523
343.899
343.402
343.156
342.705
341.171
345.137
345.748
341.649
341.737
341.32
343.361
346.42
347.043
346.255
347.83
347.289
345.634
346.445
347.524
347.824
346.847
347.853
348.651
348.836
349.236
348.871
349.609
344.748
346.132
348.04
345.847
347.861
348.844
346.898
346.148
344.875
347.352
346.77
346.77
347.348
347.024
347.335
349.566
346.045
346.492
345.546
344.252
347.181
344.804
347.661
346.77
344.155
348.065
349.476
344.335
348.643
345.692
347.282
346.654
345.474
344.512
348.272
348.477
347.596
350.7
348.521
348.588
347.234
347.32
347.916
344.596
347.168
339.942
340.327
345.615
342.859
349.598
345.831
343.318
342.22
344.536
344.136
341.663
342.406
343.1
343.257
343.003
344.656
344.498
345.669
346.256
348.862
343.787
344.128
343.086
343.84
342.902
345.265
345.265
343.795
345.75
346.899
343.38
348.386
346.367
344.563
345.796
345.988
344.557
345.76
344.806
347.837
347.196
342.985
341.457
342.842
342.615
341.716
340.256
344.062
345.439
342.305
343.28
345.092
343.805
340.813
341.452
345.589
345.589
341.269
341.976
342.184
343.822
342.694
341.747
339.274
346.257
344.415
345.41
343.678
344.103
343.574
344.103
340.128
340.165
345.832
346.236
345.198
343.87
343.455
340.975
343.331
343.676
342.554
342.299
344.093
344.583
344.098
344.187
343.387
344.795
344.373
343.102
341.06
342.28
342.356
341.48
339.441
342.663
339.878
342.958
343.257
345.216
342.255
344.596
343.674
346.488
345.626
342.217
342.001
339.088
343.237
341.938
343.703
338.958
338.593
341.964
341.1
341.188
341.206
343.355
342.365
343.512
341.533
343.416
345.158
343.829
346.522
340.627
341.695
344.023
343.317
341.587
343.118
344.916
340.26
342.702
343.436
342.282
342.675
341.663
340.255
341.092
343.968
343.839
344.253
346.01
342.498
342.498
344.252
344.133
340.317
340.015
340.309
341.612
341.48
342.858
341.461
342.23
344.715
343.064
342.326
340.524
345.551
340.631
342.326
342.012
342.046
341.842
340.754
343.489
342.546
344.636
341.471
341.799
343.862
343.984
342.753
342.753
343.358
341.161
338.278
340.802
344.119
344.077
344.15
342.597
346.422
342.915
343.928
341.867
343.334
342.945
343.373
340.417
343.942
339.828
343.204
341.863
341.864
342.298
340.854
344.812
346.336
348.659
347.613
342.339
344.365
344.453
342.774
347.383
344.688
345.991
346.588
341.306
344.889
343.58
341.725
345.467
345.244
346.301
344.515
343.271
345.263
344.433
345.722
342.43
345.302
343.529
343.614
345.339
345.206
348.386
344.106
346.583
344.357
347.492
346.407
346.495
344.504
343.416
344.292
348.789
342.279
345.484
344.315
342.823
343.783
344.054
343.95
345.7
345.379
346.81
346.048
346.758
341.372
344.243
342.837
342.669
344.216
346.482
346.217
347.084
345.726
345.242
346.816
348.493
346.066
346.066
344.117
347.031
347.562
347.174
349.787
345.307
346.386
346.117
348.265
347.603
344.159
348.604
348.345
347.004
346.935
347.544
347.342
344.371
342.494
344.737
343.445
344.211
346.803
344.299
345.748
349.19
346.621
345.458
345.725
345.725
343.236
345.804
347.276
347.309
345.033
344.223
346.777
346.512
344.165
345.261
346.782
346.099
342.926
346.192
345.044
342.026
343.403
346.527
342.609
345.789
346.454
343.287
346.558
347.259
344.281
344.396
343.05
344.951
344.462
344.462
344.804
345.129
343.063
344.395
343.873
344.149
344.936
346.614
344.209
344.391
344.799
344.405
349.525
345.277
344.057
345.266
345.498
345.536
344.772
344.611
346.044
345.532
347.245
344.044
344.699
345.862
343.816
343.863
346.719
346.719
347.722
348.605
347.319
345.495
343.491
344.503
343.107
343.979
343.156
345.192
345.366
345.736
343.495
343.909
344.668
341.511
346.076
343.971
342.194
344.313
344.327
347.251
344.442
344.803
342.584
343.236
346.382
341.923
342.708
342.793
346.621
348.582
345.843
348.41
343.809
343.564
344.93
345.882
343.309
346.469
347.86
344.473
347.099
347.451
347.524
346.23
346.985
345.21
344.412
345.598
343.81
344.036
342.715
343.812
346.004
346.006
344.642
343.665
344.767
344.767
343.863
342.946
344.305
343.123
341.162
342.269
344.701
341.745
343.776
347.283
344.179
345.535
343.773
346.558
348.622
346.073
343.876
345.189
349.858
347.301
344.517
343.606
344.72
345.713
346.819
345.226
344.416
344.168
346.055
346.143
343.49
343.645
347.385
345.568
345.459
345.03
343.576
346.968
345.923
344.937
349.727
345.753
348.705
344.785
344.711
346.69
344.044
342.954
343.364
343.704
345.473
344.697
343.356
345.197
341.959
345.779
345.805
345.542
344.883
344.883
346.253
345.582
348.076
344.455
344.975
344.855
343.965
346.757
345.868
346.268
346.823
344.01
344.358
344.842
341.561
347.021
346.573
346.284
344.327
344.404
346.169
342.995
340.101
344.744
341.382
343.802
342.672
343.64
344.904
344.904
344.575
342.532
344.995
345.961
347.285
345.792
346.047
345.213
347.548
344.905
344.166
344.171
345.001
344.953
344.379
346.536
346.03
346.715
345.262
345.028
346.04
344.892
345.418
344.788
345.068
348.906
348.536
345.314
350.64
350.64
346.255
346.583
345.14
345.982
343.649
343.376
347.775
344.686
346.827
345.723
344.036
343.357
345.55
345.085
348.222
346.3
349.079
345.099
345.998
345.733
343.366
344.542
345.441
344.854
342.499
341.73
342.414
342.758
342.966
343.052
346.079
342.252
345.039
344.828
346.786
345.862
346.252
345.461
345.228
346.033
344.214
344.586
345.606
345.468
345.204
347.069
346.821
346.627
349.491
345.11
348.091
344.84
345.338
346.748
348.418
344.444
344.019
342.978
345.492
345.492
344.925
345.302
344.431
343.581
345.02
346.729
345.255
344.113
345.961
345.99
347.455
347.087
346.025
346.925
342.976
343.984
344.286
345.497
343.34
344.043
340.543
344.762
347.341
344.369
343.185
344.263
347.852
345.288
344.913
345
346.101
348.758
344.948
347.648
343.317
345.325
344.171
346.647
345.116
346.31
345.404
344.927
347.05
347.755
347.065
345.366
341.969
344.143
346.445
347.099
342.416
346.162
347.215
344.972
346.861
347.084
347.752
343.305
344.844
344.844
346.442
343.272
349.108
346.38
346.826
346.869
346.502
349.135
346.479
342.918
345.35
345.253
346.267
339.918
345.234
345.603
346.958
346.915
346.134
345.789
343.315
345.023
341.676
343.105
343.722
344.78
345.774
344.302
344.076
344.163
345.393
344.061
343.084
346.328
347.346
348.815
348.503
347.871
347.577
349.476
347.142
346.784
344.391
344.343
344.264
344.153
345.171
346.155
342.338
345.927
345.745
344.387
344.811
342.676
344.527
343.596
345.419
344.525
345.754
345.843
346.998
344.402
341.463
342.266
344.346
343.519
343.8
342.251
344.565
344.81
343.834
344.248
344.428
343.03
346.991
344.064
345.56
345.574
343.782
345.098
346.57
344.276
343.991
346.463
344.161
344.754
344.397
345.424
340.569
340.569
348.372
343.783
342.558
343.91
342.913
346.909
342.727
344.366
345.616
343.957
344.49
344.355
345.967
344.565
340.387
341.443
342.833
345.536
342.967
343.814
343.081
341.925
342.044
341.867
342.587
343.247
345.166
346.056
346.396
346.396
347.023
345.535
343.61
346.153
346.617
341.551
344.845
344.096
344.102
346.665
346.453
344.206
347.143
344.261
342.412
344.729
341.35
344.037
347.484
343.316
342.53
344.782
343.162
343.653
345.388
345.117
343.756
343.837
347.281
347.37
345.739
341.321
345.017
341.947
343.698
342.642
348.151
346.844
344.494
344.796
343.47
344.291
345.745
345.881
344.382
344.748
344.733
343.78
343.779
344.493
343.302
341.143
340.346
342.849
346.656
344.622
345.93
346.453
346.996
347.084
346.563
345.157
344.379
347.004
343.258
344.708
343.415
345.705
344.904
341.765
344.121
345.179
344.062
345.544
344.671
344.658
345.335
343.665
341.286
342.993
343.63
344.482
343.72
344.869
345.284
343.851
347.556
342.266
341.705
341.792
345.51
343.297
342.913
343.755
344.75
342.647
342.432
344.675
342.795
346.965
342.79
342.931
342.288
345.214
346.391
339.76
343.275
342.408
342.572
342.636
340.16
343.373
344.622
341.795
346.016
341.981
343.656
344.783
345.607
345.607
347.464
342.767
344.544
343.087
346.375
344.555
340.75
342.725
343.276
343.49
345.072
342.394
342.059
343.452
345.617
343.059
346.053
342.434
342.701
341.944
343.926
342.771
344.388
343.169
344.998
340.128
342.525
343.684
345.188
345.188
342.74
345.53
347.426
348.035
344.89
346.434
344.489
344.843
344.849
341.938
342.846
341.158
342.486
344.142
341.444
345.15
343.788
348.967
343.988
340.747
345.835
351.361
346.939
343.474
342.628
344.799
345.926
342.567
345.902
345.991
344.354
345.765
341.828
342.835
345.203
346.216
342.932
342.489
343.015
340.077
344.993
339.159
342.168
341.893
342.433
343.512
343.868
340.744
341.466
343.458
342.449
343.94
341.076
343.948
342.239
342.13
342.561
342.419
342.571
342.571
342.014
340.164
345.34
343.274
346.399
341.661
343.844
340.606
344.225
345.69
344.063
347.735
344.015
345.661
345.201
343.746
345.937
342.556
341.158
340.776
343.122
343.503
341.659
343.184
341.02
344.987
344.043
341.609
340.001
340.001
341.309
346.112
346.693
344.032
343.743
344.914
343.156
341.474
341.643
344.859
341.392
341.514
343.432
343.564
344.153
343.853
343.244
345.377
347.675
348.932
347.126
343.729
345.549
342.336
345.871
342.18
345.111
341.628
343.25
343.337
346.103
344.174
345.166
345.428
346.917
344.486
345.416
347.615
343.488
344.769
346.986
346.481
345.473
345.392
344.108
345.977
343.927
342.607
344.917
346.254
345.424
346.212
343.653
343.946
341.33
343.355
338.859
343.084
345.087
345.087
344.032
344.463
342.492
346.289
344.788
344.215
344.677
341.805
343.348
344.331
343.795
343.755
345.629
339.736
341.79
345.856
342.458
345.128
344.333
342.79
343.434
342.222
342.006
342.395
346.482
343.229
344.415
340.465
343.51
343.598
345.933
345.382
345.62
342.475
343.863
341.468
343.162
343.559
344.313
344.408
348.169
345.12
345.584
345.732
345.004
344.349
344.073
344.908
344.06
346.569
344.261
343.587
345.286
344.619
340.532
343.32
344.668
343.533
340.172
340.257
345.436
341.942
341.428
344.687
343.119
343.146
345.465
346.991
345.388
343.526
343.701
346.581
343.961
342.755
341.644
344.837
344.67
343.414
345.705
346.346
344.28
343.449
346.035
344.522
345.484
341.766
339.809
344.352
345.376
345.465
342.231
342.431
343.758
343.8
343.758
342.493
342.646
341.864
344.096
345.62
340.346
341.867
343.924
342.854
341.135
342.072
344.09
341.429
340.856
343.808
342.881
343.937
340.4
341.957
343.009
345.459
342.626
340.094
343.034
343.121
344.799
345.354
345.552
344.254
344.598
344.658
344.225
341.922
346.031
346.179
343.698
341.716
342.418
343.112
339.618
342.495
342.143
341.586
343.205
344.68
345.158
346.79
348.357
345.536
342.256
340.591
345.506
343.662
343.202
343.202
344.582
341.334
340.857
342.761
344.185
344.557
343.083
347.089
344.236
345.524
344.839
346.621
343.971
343.904
345.134
345.07
345.645
344.582
345.507
342.698
343.104
338.83
342.388
344.471
342.175
343.956
344.946
343.108
344.435
344.435
340.325
342.914
342.976
341.477
342.785
342.438
343.135
340.59
344.19
340.984
343.083
343.757
341.731
344.983
344.185
341.305
344.947
341.676
342.768
344.657
344.781
344.722
344.164
344.531
344.289
342
341.569
341.595
343.12
343.12
340.989
339.556
340.739
343.128
345.509
344.675
344.027
348.434
343.3
345.674
346.708
344.102
343.475
343.845
342.52
342.712
343.263
344.957
344.228
343.999
344.368
343.22
342.828
344.391
340.641
344.331
345.404
345.491
346.763
346.852
344.362
346.572
344.72
346.79
344.54
344.312
342.471
342.401
345.661
344.183
344.844
346.131
345.371
341.854
342.68
343.734
341.803
344.086
342.743
340.304
343.836
344.626
343.974
343.019
347.634
348.065
344.505
343.917
341.447
341.534
344.577
347.761
344.761
347.655
346.057
341.845
345.296
344.35
345.073
343.76
346.015
345.944
343.612
344.82
344.951
342.967
342.964
342.451
345.009
346.468
340.293
339.24
340.348
344.686
344.994
348.113
344.288
343.988
344.091
344.091
344.236
347.214
343.933
343.264
342.97
346.101
341.923
342.805
343.804
344.475
343.747
343.438
345.14
344.854
345.423
345.169
343.407
345.306
346.244
345.079
345.139
346.228
342.397
345.064
342.031
345.11
343.087
342.231
343.404
343.491
347.476
342.905
343.72
340.796
340.406
344.568
342.895
343.978
344.602
343.522
344.881
341.778
343.707
344.044
342.591
342.521
343.164
341.524
343.943
347.674
345.927
343.067
345.835
345.046
342.952
341.637
341.844
343.739
339.077
339.164
345.161
344.739
347.971
344.095
344.993
345.319
342.977
346.264
344.628
344.087
343.088
343.268
344.343
342.816
343.129
344.5
344.661
344.563
342.933
341.693
342.993
344.602
343.453
342.559
342.851
344.134
342.145
342.47
344.406
344.406
346.336
345.699
343.591
345.637
341.093
341.777
342.076
343.731
341.514
342.598
348.929
344.626
341.422
343.377
341.356
341.315
344.485
343.209
343.863
345.787
339.654
341.743
344.495
340.93
342.705
342.252
341.64
344.703
344.971
345.06
342.997
344.573
343.992
338.446
342.435
342.672
344.255
342.373
342.926
343.553
345.148
344.644
344.698
343.741
345.44
340.65
344.25
345.044
343.519
341.912
341.313
344.8
347.066
345.008
345.669
346.267
340.821
339.884
343.656
343.743
345.305
347.285
345.64
342.901
346.138
344.149
343.485
345.587
346
341.446
342.388
341.258
340.485
342.451
344.602
342.826
340.668
343.119
341.146
341.396
343.387
343.059
342.196
343.293
345.865
342.281
345.166
342.045
342.379
342.379
343.647
347.084
343.022
344.626
345.683
344.73
343.392
341.281
342.37
346.171
344.001
343.973
340.307
342.584
340.786
343.569
342.237
342.531
344.254
341.55
343.734
342.152
345.177
345.257
342.995
345.941
342.114
344.426
342.604
342.604
341.447
345.151
341.532
347.669
343.38
341.317
343.585
342.598
342.926
344.918
345.649
344.282
341.85
343.643
342.553
341.588
342.334
340.929
342.925
345.308
343.29
343.196
347.295
345.465
342.254
343.603
342.846
343.596
343.634
343.634
344.027
346.657
344.125
340.511
342.776
344.204
343.886
342.275
345.065
345.282
344.303
345.613
344.249
344.972
343.624
343.672
346.003
343.402
343.878
341.282
343.601
341.946
344.176
343.372
342.982
347.171
342.818
342.642
339.978
339.978
344.734
346.228
347.133
344.935
341.207
344.052
343.066
341.9
341.475
340.544
342.262
342.373
342.801
344.022
343.336
344.66
345.585
342.839
344.794
343.501
341.983
342.482
341.815
343.03
341.878
344.726
344.264
346.799
345.221
345.221
344.328
341.414
341.985
340.995
341.551
339.721
343.371
340.059
342.533
342.765
346.622
345.148
343.963
345.205
343.049
344.651
341.194
343.506
341.185
341.789
342.253
342.582
342.422
340.8
342.529
342.736
340.723
342.641
342.993
342.993
341.894
340.556
338.288
344.087
345.114
342.032
343.123
343.644
343.117
339.925
345.621
341.925
342.901
340.786
344.222
345.546
343.708
344.926
344.111
343.564
345.762
344.984
341.643
343.372
344.018
345.931
346.011
342.168
341.927
341.927
345.248
341.862
343.294
344.855
347.646
345.542
346.28
344.141
343.219
342.219
343.672
343.713
343.821
343.497
344.681
345.911
343.755
347.333
344.219
345.455
342.825
342.601
343.5
344.288
343.477
343.218
345.173
342.119
346.231
346.231
345.896
345.068
343.669
342.155
344.364
344.338
341.899
342.154
344.042
343.263
343.978
341.953
342.015
342.419
344.386
344.157
342.701
346.663
344.721
347.576
343.299
344.806
343.259
346.18
341.09
345.939
344.099
343.968
346.169
346.169
345.096
342.913
342.818
343.254
344.752
344.607
342.886
344.911
342.176
342.905
344.524
343.72
346.07
344.519
344.706
345.132
342.74
345.725
342.511
343.041
342.929
343.643
347.612
343.798
345.557
343.098
346.126
344.932
345.098
345.098
342.949
342.168
341.883
340.113
340.211
342.618
345.568
344.861
343.987
342.978
341.972
344.611
343.846
340.78
345.591
342.59
342.261
343.236
341.554
342.82
345.575
345.521
342.087
343.508
344.389
340.916
343.981
345.191
342.898
342.898
344.604
344.43
342.524
343.571
340.708
339.678
340.758
339.093
341.51
341.381
344.791
344.161
338.874
341.307
343.607
343.705
341.518
343.734
345.345
346.806
341.305
343.205
343.408
346.143
343.712
342.923
342.298
342.126
344.911
344.911
347.701
344.108
346.124
344.947
344.418
344.964
346.259
342.159
344.658
345.257
342.48
345.716
345.351
345.962
345.844
343.303
343.445
346.961
343.629
342.999
343.575
342.318
343.584
342.823
344.063
343.565
341.434
342.884
342.67
342.67
343.752
344.618
344.407
346.46
341.089
346.017
342.819
342.807
343.204
341.779
343.513
346.541
343.265
341.352
342.213
341.122
341.834
344.662
340.957
341.318
343.022
340.909
340.449
344.175
345.799
343.678
342.08
345.271
343.149
343.237
342.689
341.511
344.929
343.393
340.354
345.356
344.992
345.656
345.022
344.465
345.475
345.565
345.742
344.804
344.197
342.269
340.804
341.698
344.582
340.809
346.333
342.194
346.875
342.291
344.088
343.546
342.584
340.704
343.57
343.57
344.554
346.394
342.718
344.314
344.018
344.246
343.36
345.123
342.281
343.045
344.654
346.09
343.158
341.999
347.44
343.546
344.584
345.059
341.7
341.334
341.589
341.743
341.962
343.844
346.786
346.178
346.738
346.223
342.735
342.735
342.485
343.415
343.312
345.538
342.622
342.925
339.802
343.057
345.903
342.905
343.411
344.391
341.351
343.395
345.267
345.378
342.726
341.453
343.213
343.708
344.061
343.517
342.922
343.412
340.738
344.736
347.674
343.657
343.687
343.773
340.098
344.41
343.572
344.297
346.012
344.401
345.545
341.691
341.172
345.613
346.057
345.055
344.287
347.405
345.736
340.038
342.57
343.692
342.678
345.311
343.484
345.83
343.734
343.706
344.937
343.765
345.662
345.209
343.275
343.275
344.786
345.22
342.565
343.764
342.672
342.557
344.705
343.289
341.582
344.902
341.625
342.729
346.247
345.047
342.285
345.282
341.03
341.649
344.759
343.273
342.674
342.186
341.107
342.558
341.294
340.931
343.136
343.397
343.351
343.351
343.792
342.714
343.126
344.99
345.15
343.205
342.842
343.961
343.226
344.141
343.914
344.304
343.128
344.162
343.489
345.889
342.371
342.795
346.136
345.4
343.984
343.93
342.934
341.858
342.725
343.811
346.616
342.756
340.791
340.879
342.598
343.055
345.369
342.83
343.119
341.852
342.778
342.965
341.468
341.472
341.386
342.07
342.647
343.084
345.306
343.914
339.853
345.205
345.732
342.403
344.034
345.688
345.96
342.925
341.779
343.661
344.874
347.791
347.051
347.139
343.114
340.827
344.706
342.051
344.662
343.916
345.19
342.924
342.345
341.304
341.574
346.062
343.304
344.458
345.512
345.327
345.077
347.089
342.226
345.493
344.398
342.92
347.501
344.334
345.936
344.673
344.261
343.052
341.675
341.675
345.189
345.408
342.462
339.836
344.491
343.363
341.502
341.206
342.391
342.932
343.581
342.124
343.632
344.022
346.253
344.326
346.257
344.521
343.782
343.496
340.547
344.867
344.024
342.153
344.435
340.001
340.425
343.985
344.525
344.613
342.485
341.472
341.561
344.442
346.049
343.262
342.823
345.742
340.91
343.298
339.025
341.892
346.12
342.407
343.567
342.953
341.464
344.479
344.308
344.186
347.161
343.564
343.853
344.844
344.311
343.507
346.383
343.669
343.632
343.632
341.434
340.898
344.668
340.949
343.222
344.573
345.185
345.551
341.105
345.305
345.454
345.371
343.542
347.301
345.994
348.842
343.643
346.61
345.733
345.498
342.685
343.179
345.982
344.381
344.731
345.487
344.974
344.267
343.352
343.352
343.967
341.43
339.063
345.526
342.125
341.42
346.401
340.944
343.352
344.048
342.995
343.826
344.139
346.985
346.46
343.1
341.806
343.739
339.665
343.329
344.332
342.994
343.674
342.828
342.373
342.396
345.016
342.531
342.968
343.058
340.995
343.45
344.366
341.028
343.623
342.78
343.174
343.274
341.14
345.745
347.711
342.82
345.891
343.513
345.701
345.668
343.705
345.434
348.617
343.113
345.009
344.438
343.855
345.24
343.77
341.399
345.608
346.634
345.548
345.548
346.014
345.754
344.952
343.165
344.874
343.546
343.243
342.1
341.593
342.704
345.736
343.508
346.131
344.924
343.579
343.24
344.639
345.427
346.496
344.228
344.15
346.576
342.764
344.46
345.318
347.877
344.566
342.082
345.367
345.454
343.705
344.779
343.26
345.014
345.848
345.524
344.43
345.705
342.817
344.341
342.982
343.036
343.084
344.608
342.305
345.248
341.643
343.024
342.306
347.063
344.935
345.09
344.457
344.522
342.993
346.822
343.546
343.11
344.807
344.807
345.174
343.736
344.758
342.868
344.269
343.788
345.341
344.138
343.733
341.769
342.503
342.875
340.61
342.135
342.243
344.411
343.654
342.26
343.48
344.236
346.12
345.69
340.893
344.639
347.492
347.563
345.576
344.881
344.713
344.801
346.783
347.803
346.594
343.393
346.584
346.315
347.059
347.988
344.377
343.681
346.629
346.773
343.725
342.607
344.239
344.415
344.742
343.28
343.446
340.555
345.678
344.103
344.587
341.834
341.504
343.923
345.178
342.807
342.005
342.093
345.839
347.002
344.288
344.13
343.39
343.092
343.257
343.455
342.5
343.094
340.809
342.834
341.777
343.223
347.46
347.943
344.79
349.15
346.58
344.209
345.072
343.475
344.768
344.796
342.602
344.174
345.288
342.062
345.622
345.622
343.387
343.584
343.273
340.611
346.189
343.369
340.34
342.339
341.455
346.979
343.38
345.882
343.632
340.868
340.604
344.418
346.255
344.204
344.362
343.889
341.597
343.325
344.21
341.194
343.478
349.056
345.452
345.755
343.302
343.388
348.512
346.837
349.661
346.125
343.304
344.726
344.62
343.051
346.334
347.875
349.865
347.317
347.339
342.113
345.03
344.303
347.397
346.992
347.356
349.057
347.52
345.641
346.526
348.885
350.717
347.152
349.184
346.821
347.559
347.559
348.786
351.418
347.702
345.568
349.121
350.04
344.178
350.131
346.647
346.244
346.256
352.34
349.299
348.156
346.674
346.535
344.037
346.568
347.554
349.351
349.306
343.764
344.967
347.788
346.459
347.801
348.305
347.483
347.877
347.966
347.464
346.925
345.225
346.237
346.247
349.105
347.348
346.889
346.063
346.235
344.362
343.609
346.975
346.298
347.076
345.251
344.83
348.173
345.887
345.807
347.287
345.883
343.293
342.849
346.584
345.324
347.091
344.176
344.362
344.362
344.107
343.506
343.446
344.902
346.778
346.768
343.821
342.906
343.531
346.916
346.444
344.873
344.123
342.635
346.039
347.048
344.496
343.8
344.716
343.555
346.089
346.045
346.697
344.089
344.028
346.396
344.795
345.03
344.123
344.123
346.489
343.106
346.674
347.313
343.829
344.3
346.604
343.492
341.536
344.862
344.352
350.328
344.661
342.131
343.9
346.745
341.377
347.689
345.646
345.802
343.655
345.944
342.588
346.313
345.965
348.558
346.543
342.047
342.707
342.794
344.833
346.126
342.809
346.026
347.087
342.274
344.61
346.698
342.662
343.287
342.639
344.819
342.302
346.003
348.118
346.605
345.451
346.443
346.385
345.69
345.503
344.875
345.882
345.504
348.33
344.866
344.652
342.362
345.587
345.677
344.423
343.819
342.034
346.74
343.386
346.677
346.651
344.286
344.926
342.947
345.837
343.35
343.285
345.525
344.712
346.741
345.889
343.425
343.361
347.331
344.094
346.169
346.415
344.73
344.636
345.519
341.395
342.427
344.384
344.384
345.83
341.83
346.231
346.737
341.41
340.369
344.299
343.547
344.403
346.193
345.809
346.498
343.717
343.997
344.697
345.508
341.801
344.121
343.754
343.606
344.212
346.039
343.46
345.101
345.33
343.962
346.214
343.316
342.649
342.649
342.688
345.977
347.451
345.728
348.644
345.324
342.743
347.472
345.36
344.482
345.795
344.407
344.366
342.941
341.933
347.101
347.893
344.682
346.378
350.049
343.385
345.633
346.27
345.749
342.951
343.213
346.616
343.143
343.779
343.779
344.831
345.344
346.864
343.466
345.746
343.7
341.237
344.122
345.475
343.773
342.621
344.518
340.527
342.044
344.55
346.579
342.21
343.132
345.353
344.02
345.076
345.971
341.958
343.223
347.129
348.209
344.973
344.888
344.151
344.151
346.078
344.467
345.004
345.395
346.077
345.61
342.275
344.864
342.598
343.412
347.842
342.939
343.018
344.356
343.573
341.723
343.409
344.105
342.735
337.739
344.008
344.726
343.399
346.018
344.069
344.427
341.713
343.41
344.687
344.687
341.687
344.467
345.76
346.194
341.917
341.343
345.688
343.399
344.15
344.605
341.398
341.384
343.952
343.146
342.78
343.279
345.072
343.545
341.769
341.293
346.44
343.854
343.615
340.083
344.187
344.066
346.215
345.879
342.46
342.46
344.184
341.987
344.485
342.122
341.738
341.918
342.935
342.259
343.289
341.689
345.096
342.646
344.657
342.927
343.173
342.643
343.776
342.345
338.132
344.966
340.229
340.816
342.647
345.251
345.231
346.143
343.639
344.229
343.302
343.391
345.825
342.617
343.119
344.246
343.193
341.662
342.52
346.256
346.897
343.414
342.77
342.908
345.448
346.621
344.542
344.683
346.664
346.214
341.63
344.004
341.988
340.632
343.301
344.566
342.288
343.758
346.885
345.639
346.017
346.017
340.861
346.607
345.819
343.403
341.714
344.375
345.111
344.646
343.555
345.79
345.621
344.854
341.294
344.593
343.07
345.283
344.55
344.056
346.003
344.609
343.356
342.6
343.582
343.618
346.053
345.086
344.671
342.119
345.006
345.006
342.456
345.945
343.07
343.344
345.136
346.046
345.431
345.718
342.158
345.073
345.271
342.522
343.783
342.645
345.418
344.685
342.428
344.834
341.805
