497.205
453.483
424.85
373.732
353.117
343.664
340.359
325.02
322.124
320.691
319.696
309.507
306.713
301.505
298.029
285.704
294.284
294.528
295.239
294.8
273.606
286.435
277.218
279.464
281.292
281.292
279.464
279.216
277.601
266.795
279.254
279.254
279.254
277.814
277.457
277.337
269.025
272.526
273.693
272.106
271.067
267.183
272.244
271.564
272.244
268.481
268.945
270.04
266.952
268.071
269.239
268.863
268.686
267.456
267.927
269.117
266.742
263.825
262.164
269.117
267.206
268.344
259.905
268.344
268.344
268.344
266.339
267.154
262.416
262.745
265.757
266.739
266.739
266.739
258.944
266.739
264.815
266.739
260.441
263.168
266.739
266.739
266.739
266.739
266.739
266.739
266.739
263.809
266.739
266.739
263.809
266.739
266.739
266.739
266.739
266.739
266.739
266.739
266.739
266.739
266.739
266.739
266.739
266.739
265.986
266.739
263.308
266.739
265.757
266.173
266.739
266.739
263.944
266.739
266.739
266.295
265.14
266.367
258.944
266.739
266.739
264.21
266.125
266.125
267.201
268.92
268.24
267.176
262.33
268.92
266.739
264.634
264.001
268.791
268.791
268.563
264.066
264.001
263.633
264.078
264.001
267.297
268.7
267.047
267.876
267.621
266.307
266.81
263.172
260.354
264.408
262.774
263.944
264.408
264.408
262.248
263.208
261.284
263.09
260.73
263.09
260.295
259.9
263.09
260.604
261.065
260.552
260.172
260.266
261.41
261.41
259.694
261.41
260.87
260.87
261.41
261.41
260.487
261.41
260.382
260.87
260.956
258.608
261.41
259.336
259.228
259.346
259.346
258.73
259.346
258.688
259.346
259.346
259.379
258.909
259.497
259.313
254.188
259.033
259.033
258.337
258.445
258.915
258.445
258.555
258.915
258.915
258.915
258.445
258.915
258.915
255.595
258.915
254.922
257.729
258.731
258.731
258.731
258.731
258.731
258.915
258.915
258.915
258.915
258.915
258.915
258.445
254.544
253.136
257.749
256.539
257.749
257.749
257.749
257.749
257.749
257.749
257.749
257.749
257.749
257.668
252.44
256.375
256.375
257.668
257.668
257.668
257.668
257.668
257.668
257.668
256.074
257.668
256.213
254.743
256.253
257.668
257.668
257.668
257.668
257.668
257.668
257.668
253.476
253.476
256.253
256.253
254.659
256.253
256.253
254.659
256.253
256.253
256.253
255.604
256.253
256.253
254.797
252.397
256.253
252.397
256.253
256.095
256.253
256.22
256.253
256.253
256.253
256.253
255.486
256.253
256.253
255.48
254.797
256.253
256.095
256.253
256.253
256.253
256.253
256.253
256.253
252.397
256.112
256.253
254.245
254.659
254.797
256.253
256.253
256.095
256.253
254.659
256.253
256.253
256.253
256.253
254.797
256.253
256.253
254.797
254.797
250.942
254.797
254.797
254.146
254.659
254.797
254.19
254.797
254.797
254.797
254.797
254.797
254.797
254.797
253.153
253.43
253.43
250.942
250.942
252.099
252.099
252.099
252.099
252.099
252.099
252.099
250.454
252.099
252.099
252.099
250.454
252.099
252.099
252.099
249.611
252.099
252.099
252.099
252.099
252.099
252.099
252.099
252.099
252.099
249.611
249.611
252.099
252.099
252.099
252.099
252.099
252.099
252.099
252.099
252.099
249.611
252.099
251.448
251.448
251.912
252.099
252.099
252.099
252.099
252.099
252.099
249.611
247.966
249.611
249.611
249.611
249.611
249.611
249.611
249.611
249.611
250.359
250.359
249.09
249.767
249.767
249.767
249.767
249.767
250.425
250.803
252.355
252.355
252.355
252.355
252.355
251.858
252.355
251.812
251.646
251.797
251.693
251.693
251.693
251.693
251.693
251.693
251.693
251.693
251.15
250.76
251.15
251.15
251.15
251.15
250.086
250.76
251.15
251.15
251.15
251.15
251.15
251.15
251.12
250.086
251.15
248.689
251.15
251.15
251.15
251.15
250.803
251.15
250.086
250.61
250.61
250.961
250.086
251.15
251.12
250.086
251.15
251.15
251.15
250.086
250.961
250.086
251.15
251.15
251.15
251.15
251.15
250.961
251.15
250.61
250.961
250.086
251.15
250.76
251.15
251.15
251.15
251.12
251.15
251.15
251.15
251.15
251.15
251.15
251.15
250.76
250.086
251.15
251.15
250.61
250.318
250.76
250.76
250.76
247.593
250.76
250.76
250.76
249.696
249.696
250.76
249.696
249.696
250.76
250.76
250.76
250.76
250.76
250.76
249.696
249.928
250.76
250.347
250.76
250.76
250.76
249.135
249.696
250.76
250.76
249.696
249.696
250.76
250.76
250.414
249.696
249.621
249.696
249.696
249.696
249.696
249.696
249.696
249.696
249.696
249.696
249.696
249.696
249.696
249.696
249.696
249.696
251.34
250.243
251.34
251.34
251.34
251.34
251.34
251.34
251.34
251.34
251.34
249.696
249.696
251.34
251.34
251.34
251.34
251.34
251.34
251.34
249.696
249.696
249.157
249.696
249.696
249.696
249.696
249.696
249.696
249.696
249.696
249.696
249.696
249.696
249.696
249.696
249.696
249.696
249.696
249.696
249.696
249.696
249.696
249.696
249.696
249.696
249.157
249.696
249.696
249.334
249.696
249.696
249.696
249.696
249.696
249.696
249.696
249.696
249.696
249.696
249.696
249.696
249.696
249.696
249.696
249.696
249.696
249.696
249.696
249.696
249.696
249.696
249.696
249.696
249.696
249.696
249.696
249.696
250.347
249.696
250.347
250.347
250.347
250.347
250.347
250.347
250.347
250.347
250.347
249.928
250.347
250.347
250.347
250.347
250.347
249.696
250.347
250.347
250.347
250.347
250.347
250.737
250.841
250.841
250.841
250.841
250.841
250.841
250.841
250.841
250.197
250.841
249.808
250.841
250.841
250.841
250.841
250.841
250.841
250.841
250.841
250.841
250.352
250.841
250.841
250.841
250.841
250.841
250.841
250.841
250.841
250.841
250.347
250.841
250.841
250.841
250.841
250.19
250.719
250.841
250.841
250.841
250.841
250.841
250.841
249.808
248.738
250.068
250.19
250.19
250.19
250.19
249.157
250.19
250.19
250.19
250.19
249.696
250.19
250.19
250.19
250.19
250.19
250.19
250.19
250.19
249.696
250.841
250.193
250.193
250.193
250.193
245.294
250.193
249.815
250.193
250.193
250.193
248.337
249.696
249.696
250.193
250.193
250.193
250.193
250.193
249.815
250.193
250.193
250.193
250.193
250.193
250.193
250.193
250.193
250.193
250.19
250.193
250.193
250.193
250.193
250.193
250.193
249.696
250.193
250.193
250.193
250.193
250.193
250.19
250.193
250.193
250.193
250.193
250.193
250.193
249.157
250.19
249.696
250.193
250.193
250.193
250.193
249.815
250.193
250.193
250.193
250.193
250.193
250.193
250.193
249.815
250.193
249.815
250.193
250.193
250.193
250.193
250.193
250.19
250.19
250.19
249.696
250.086
251.16
252.193
252.193
252.193
252.193
252.193
252.193
252.193
252.193
252.193
252.193
252.193
252.193
252.193
253.155
253.155
253.155
252.193
253.155
253.155
253.155
253.155
253.155
252.586
252.586
252.586
253.155
253.155
253.155
253.155
252.586
253.155
253.155
253.155
253.155
253.155
253.155
253.155
251.818
253.155
253.155
253.155
253.155
253.155
253.155
249.188
253.155
253.155
253.155
253.155
252.586
253.155
253.155
253.155
253.155
253.155
253.155
253.155
251.571
253.155
253.155
253.155
253.155
253.155
252.586
253.155
251.818
253.155
253.155
253.155
253.155
253.155
253.155
253.155
253.155
253.155
253.003
253.155
252.586
253.155
253.155
253.155
253.155
253.155
253.155
252.586
253.155
253.044
253.044
253.155
253.155
251.818
253.155
252.62
253.155
253.155
249.188
252.586
253.155
251.818
249.188
253.155
253.155
253.155
253.155
253.155
253.155
251.766
252.586
252.586
252.586
252.586
251.16
252.586
252.586
252.586
252.586
252.586
252.586
252.586
252.586
252.586
248.697
252.586
252.586
252.586
252.586
252.586
252.586
252.586
251.16
252.586
252.412
252.586
252.586
252.345
252.586
252.586
252.586
248.697
252.586
252.586
252.586
252.586
252.586
252.586
252.586
252.586
252.586
248.697
252.586
252.586
248.697
252.586
252.586
252.586
252.586
252.586
253.624
252.586
253.624
250.229
252.586
253.263
253.624
249.421
251.16
252.586
252.586
252.586
252.586
249.879
251.041
251.041
251.041
251.041
251.041
251.041
252.104
252.104
252.104
254.3
253.717
255.722
255.516
255.722
252.104
252.513
253.549
251.205
253.549
253.549
253.549
251.923
253.549
253.549
253.202
253.549
253.543
253.549
251.903
251.712
251.742
253.549
253.549
252.485
252.485
254.257
252.485
253.528
251.378
252.051
253.698
251.564
252.984
253.698
250.533
251.25
251.378
251.378
251.018
251.378
251.378
251.378
249.045
251.378
251.378
251.378
249.277
251.378
248.387
249.045
251.378
251.378
251.378
251.378
248.213
248.213
251.378
251.378
249.423
251.378
251.378
251.378
251.378
251.378
249.423
249.045
250.922
250.922
250.922
250.922
250.922
250.922
247.301
247.301
247.301
247.301
247.301
247.301
247.301
247.301
247.301
247.301
247.301
247.301
247.301
247.301
247.301
247.301
247.301
247.301
247.301
247.301
247.301
247.301
247.301
247.301
247.301
247.301
246.713
247.301
247.301
247.301
247.301
247.301
247.301
247.301
247.301
247.301
247.301
247.301
247.301
247.301
247.301
247.301
247.301
247.301
247.301
247.301
247.301
247.301
247.301
247.301
247.301
247.301
247.301
247.301
247.301
247.301
247.301
247.301
247.301
247.301
247.301
247.301
247.301
247.301
247.301
247.301
247.301
247.301
247.301
247.301
247.301
247.301
247.301
247.301
247.301
247.301
247.301
247.959
247.841
247.301
247.959
247.959
247.959
247.959
247.301
247.959
247.301
247.959
247.959
247.959
250.351
247.959
247.959
247.959
247.959
247.959
247.959
247.959
247.959
247.959
247.959
247.959
247.959
247.959
247.959
247.959
247.959
247.959
247.959
247.959
247.959
247.301
247.959
247.959
247.959
247.959
247.959
247.959
247.959
247.959
247.959
247.301
247.959
247.959
247.301
247.959
247.959
247.959
247.959
247.301
247.301
247.301
247.301
247.301
247.301
247.301
247.301
247.301
247.301
247.301
247.301
247.301
247.301
247.301
247.301
247.301
247.301
247.301
247.301
247.301
247.301
247.301
247.301
247.301
247.301
247.301
247.301
247.301
247.301
247.301
247.301
247.301
247.301
247.301
247.301
247.301
247.301
247.301
247.301
247.301
247.301
247.301
247.301
247.301
247.301
247.301
247.301
247.301
247.301
247.301
247.301
247.301
247.301
247.301
247.301
247.301
247.301
247.301
247.301
247.301
247.301
247.301
247.301
247.301
247.301
247.301
247.301
247.301
247.301
247.301
247.301
247.301
247.301
247.301
247.301
247.301
247.301
247.301
247.301
247.301
247.301
247.301
247.301
247.301
247.301
247.301
247.301
247.301
247.301
247.301
247.301
247.301
247.301
247.301
247.301
247.301
247.301
247.301
247.301
247.301
247.301
247.301
247.301
247.301
247.301
247.301
247.301
247.301
247.301
247.301
247.301
247.301
247.301
247.301
247.301
247.301
247.301
247.301
247.301
247.301
247.301
247.301
247.301
247.301
247.301
247.301
247.301
247.301
247.301
247.301
247.301
247.301
247.301
247.301
247.301
247.301
247.301
247.301
247.301
247.301
247.301
247.301
247.301
247.301
247.301
247.301
247.765
250.684
250.684
250.684
250.684
247.952
250.684
250.684
250.684
247.301
250.684
247.301
250.684
250.684
250.684
250.684
250.684
250.684
250.684
250.684
245.147
250.684
250.684
250.684
250.684
250.684
250.684
250.684
247.301
250.684
250.684
250.684
250.684
250.684
250.684
250.684
247.301
250.684
250.684
250.684
250.684
250.684
250.684
250.684
250.684
250.684
250.684
250.684
250.684
247.301
250.684
250.684
250.684
250.684
250.684
250.684
250.684
250.684
247.301
250.684
250.684
250.684
250.684
250.684
250.684
250.684
250.684
250.684
250.684
250.684
250.684
250.684
247.301
250.684
250.684
250.684
250.684
250.684
250.684
250.684
250.684
250.684
250.684
250.684
250.684
247.301
250.684
250.915
251.335
251.335
250.684
251.335
250.684
250.075
251.335
251.335
251.335
251.335
251.335
247.952
250.684
250.684
250.684
250.684
250.684
250.684
250.915
250.684
250.915
250.915
250.915
250.915
250.915
250.915
250.915
250.915
250.915
250.915
250.915
250.915
250.915
247.533
250.915
250.915
250.915
250.915
250.915
250.915
250.915
250.915
250.915
251.401
251.822
250.915
251.591
251.822
251.822
251.822
250.915
251.822
248.44
251.822
251.822
251.822
251.822
248.44
251.591
251.822
251.822
251.822
251.822
251.379
251.591
251.591
251.591
251.591
251.591
251.591
251.591
251.591
251.591
251.591
248.208
251.591
251.591
250.684
251.591
251.591
251.591
251.591
251.591
251.591
251.591
248.208
251.591
251.591
252.654
251.591
252.242
249.272
249.272
249.272
249.272
249.272
248.859
249.272
248.859
248.859
248.208
249.272
249.272
249.272
249.272
248.365
249.272
249.272
248.44
247.646
247.646
247.646
247.646
247.646
247.646
247.646
247.646
247.646
247.646
247.646
247.646
247.646
247.646
247.646
247.646
247.646
247.646
247.62
247.646
247.646
247.646
247.646
247.646
247.646
247.646
247.646
247.646
247.62
247.646
247.646
247.646
247.646
247.646
247.646
246.739
247.646
247.646
247.646
247.646
247.646
247.646
247.646
247.646
247.646
247.646
247.646
247.646
247.646
247.646
247.646
247.646
247.646
247.646
247.646
247.646
247.646
247.646
247.646
247.646
247.646
247.646
247.646
247.646
247.646
247.646
247.646
247.646
247.646
247.646
247.646
247.646
247.646
247.646
247.646
247.646
247.646
247.646
246.739
247.646
247.646
247.646
247.646
247.646
247.646
247.646
247.646
247.646
247.646
247.646
247.646
247.646
247.646
247.646
247.646
247.646
247.646
247.646
247.646
247.646
251.365
253.565
247.646
251.024
255.709
256.019
256.019
256.019
256.019
256.019
256.019
256.019
254.069
252.629
256.019
256.019
256.019
256.019
254.298
256.019
256.019
256.019
250.679
256.019
256.019
256.019
256.019
252.629
256.019
256.019
256.019
256.019
256.019
255.112
253.562
254.069
254.069
254.069
254.069
254.069
254.069
254.069
254.069
254.069
254.069
254.069
254.069
254.069
250.679
254.069
254.069
253.162
253.999
254.069
254.069
252.348
252.447
254.069
254.069
252.348
253.162
254.069
253.418
254.069
254.069
254.069
254.069
254.069
254.069
254.069
254.069
254.069
254.069
254.069
250.679
250.679
254.069
254.069
254.069
254.069
254.069
254.069
254.069
254.064
254.069
254.069
253.76
254.069
253.162
254.069
254.069
254.069
254.069
254.069
250.679
250.679
254.069
254.069
254.069
251.335
254.725
254.725
254.725
254.725
254.069
254.725
254.725
254.725
254.725
254.725
254.725
254.725
254.725
254.725
254.069
254.725
254.725
253.789
253.318
254.069
254.069
254.069
254.069
252.447
252.361
252.447
252.447
252.447
252.447
252.447
252.447
252.447
252.447
252.447
252.447
252.447
252.447
252.447
252.447
252.447
252.447
252.447
252.447
252.447
252.447
252.447
252.447
252.348
252.447
252.447
252.442
252.447
252.447
252.447
252.447
252.447
252.447
255.115
255.115
252.447
253.538
255.115
254.293
255.115
254.949
255.115
254.591
255.115
255.115
255.115
253.538
255.115
254.591
254.208
254.724
254.724
254.724
253.147
254.626
254.724
254.724
254.185
254.724
254.724
254.724
254.185
254.724
254.724
254.724
254.724
254.724
253.147
254.724
254.724
254.724
254.208
254.591
254.724
254.724
254.724
254.724
254.208
254.724
254.724
254.724
254.724
254.724
254.724
254.724
254.724
254.724
254.724
254.724
254.724
253.147
254.185
254.724
254.724
254.724
254.724
254.724
254.724
254.724
254.208
254.724
254.724
254.724
254.443
254.724
254.566
254.591
254.591
252.005
254.591
254.591
254.591
254.591
254.591
254.591
251.252
254.229
254.591
254.591
254.591
254.591
254.229
254.591
251.252
251.647
254.591
254.591
254.591
254.591
254.493
254.591
254.591
254.591
254.591
254.591
254.591
252.005
254.591
254.591
254.591
254.591
254.591
254.591
254.591
254.051
254.591
254.591
254.591
251.252
251.252
254.493
254.493
252.824
253.953
251.154
253.953
253.953
253.953
253.953
253.953
250.614
253.953
253.953
253.953
253.953
253.953
253.953
253.953
253.953
253.953
253.953
253.953
253.953
253.953
253.953
253.953
253.613
253.953
253.953
253.953
253.953
253.953
253.953
253.953
253.953
253.953
253.953
253.953
253.01
251.272
253.953
253.953
253.36
253.953
253.953
252.388
253.91
253.91
252.284
253.613
253.91
254.417
254.568
252.928
254.568
254.568
255.395
259.71
257.349
254.568
254.568
255.683
255.683
255.683
255.683
255.683
255.336
255.642
255.683
255.683
255.683
255.683
255.683
255.336
255.683
255.336
254.057
255.683
255.683
255.683
255.683
255.683
255.685
255.683
255.685
254.294
255.272
255.685
255.685
255.685
255.685
255.685
252.957
255.685
255.685
255.685
256.615
254.989
254.989
255.451
255.085
254.837
254.837
254.621
255.164
256.149
257.92
257.92
257.494
258.787
259.82
258.567
258.787
258.787
254.065
258.76
257.855
258.413
258.44
255.716
258.413
258.046
258.413
258.413
258.413
258.413
258.413
258.413
258.413
258.413
258.413
258.347
257.316
257.928
254.62
255.249
254.629
255.249
254.785
255.249
255.249
250.435
252.291
254.781
254.785
253.688
251.477
254.785
254.785
254.785
253.856
254.095
254.785
254.785
254.785
254.785
254.785
252.81
254.785
254.554
253.712
253.874
254.781
254.781
254.781
249.966
251.473
253.683
252.519
253.753
252.846
253.753
253.721
253.753
253.753
253.898
253.753
253.753
254.31
255.969
255.681
255.681
257.329
257.329
257.329
256.34
257.329
253.561
256.075
257.329
256.678
257.329
256.656
257.329
256.422
257.329
257.329
256.656
257.329
256.656
257.329
257.329
257.329
257.329
257.329
257.329
257.329
257.329
257.329
257.329
257.329
257.329
253.692
253.837
257.329
255.749
255.486
254.105
257.329
257.329
256.678
257.329
257.329
256.909
257.329
257.329
256.656
257.329
257.329
257.329
257.329
257.329
256.678
257.329
257.329
257.329
257.329
255.253
253.98
256.678
255.771
254.835
256.678
256.678
256.678
253.041
256.678
256.678
256.678
256.678
256.678
256.678
256.678
256.469
254.835
256.678
256.678
256.678
253.041
256.678
256.678
256.678
256.678
256.678
256.678
255.771
256.678
256.678
256.678
256.678
255.808
257.333
256.31
256.31
256.31
256.31
256.31
256.31
256.31
256.31
256.31
256.31
252.674
256.31
256.31
256.31
254.467
255.637
256.31
256.31
256.31
256.31
256.31
256.31
256.31
256.31
256.31
256.31
256.31
256.31
256.31
256.31
256.31
256.31
256.31
256.288
256.31
256.31
256.31
256.31
256.31
255.637
252.674
256.31
256.31
256.31
256.31
256.31
256.31
256.31
256.31
256.31
256.31
256.31
256.31
256.31
252.674
256.31
256.31
255.771
256.31
256.31
256.31
255.771
254.467
255.637
255.637
255.637
255.637
255.098
255.637
255.637
255.637
255.637
255.637
255.637
255.637
255.637
255.637
255.637
255.098
255.637
255.637
255.637
255.637
255.637
255.637
255.637
255.637
255.637
255.637
252.001
255.637
255.637
252.001
255.637
255.637
255.637
255.637
255.637
252.001
255.637
255.637
255.637
254.641
255.637
255.637
252.001
255.098
255.098
255.098
255.098
255.098
255.098
255.098
254.12
255.098
255.098
255.098
251.461
252.77
251.461
254.844
254.844
251.461
254.844
254.844
251.461
254.844
254.844
254.844
254.844
254.844
254.844
254.658
254.658
254.844
254.844
254.658
254.844
254.844
254.844
254.844
254.844
254.844
254.844
254.844
254.844
254.844
254.844
254.844
254.844
254.844
254.844
254.844
254.844
254.844
254.844
254.844
254.844
254.844
254.844
254.844
251.461
251.461
252.169
252.169
252.169
252.169
252.169
252.169
252.169
251.831
252.169
252.169
252.169
252.169
252.169
252.169
251.831
252.169
252.169
252.169
252.169
252.169
252.169
252.169
252.169
252.169
252.169
252.169
252.169
252.169
252.821
252.821
252.821
252.821
252.821
252.821
252.821
249.504
252.169
252.821
252.821
252.821
252.821
252.821
252.821
252.821
252.821
252.169
252.548
252.821
252.821
252.887
252.821
251.906
248.491
249.438
252.169
252.169
252.169
252.169
252.169
252.169
252.169
252.169
252.169
252.169
252.169
252.169
252.169
252.169
252.169
252.169
252.169
252.169
252.169
252.169
252.169
252.169
252.169
252.169
252.169
252.169
252.169
252.169
248.787
252.169
252.169
252.169
252.169
252.169
252.169
252.169
252.169
252.169
252.169
252.169
252.169
252.169
252.169
252.169
252.169
252.169
252.169
252.169
252.169
252.169
252.169
252.169
252.169
252.169
252.169
248.787
248.787
252.169
248.787
252.169
252.169
252.169
252.169
252.169
252.169
252.169
252.169
248.787
252.169
252.169
252.169
252.169
248.787
250.798
250.798
250.798
250.798
250.798
250.798
260.14
250.798
250.798
250.798
250.798
250.798
250.798
250.798
249.517
250.798
250.798
250.684
250.798
250.798
250.798
250.714
250.798
250.714
250.798
250.798
250.798
250.798
250.798
250.798
250.798
250.798
250.798
250.798
250.798
251.457
251.832
250.798
250.798
251.707
251.832
251.832
251.832
251.747
251.832
251.457
251.832
251.832
251.832
251.832
251.705
251.832
251.832
251.832
251.832
251.71
251.832
251.508
251.832
251.39
251.832
251.832
251.338
251.338
251.832
249.82
251.832
251.832
251.832
251.832
251.832
251.832
251.832
251.832
251.832
251.832
251.832
251.832
250.798
251.832
251.832
251.832
251.832
251.832
251.832
251.832
251.832
251.832
251.832
251.832
251.832
251.832
251.832
251.832
251.457
251.832
251.71
251.832
251.832
251.832
251.832
251.832
251.832
251.832
251.832
251.45
251.832
251.832
251.832
251.71
251.832
251.832
251.832
251.832
251.707
251.832
251.832
251.832
251.832
251.29
251.832
252.816
254.298
254.42
254.42
254.42
254.081
252.775
252.775
254.42
254.42
254.42
254.42
254.42
254.383
253.8
254.42
252.397
254.005
252.826
254.005
254.005
252.724
254.005
254.005
250.798
254.005
254.005
254.005
254.005
254.005
254.005
254.201
254.005
254.201
250.798
254.328
254.117
254.157
254.201
254.201
254.201
254.201
252.48
250.115
254.157
251.832
254.201
253.452
254.201
254.201
254.201
254.201
254.201
252.574
254.201
254.201
250.735
254.201
249.274
254.157
254.201
254.201
254.432
254.432
251.03
253.878
252.404
253.878
250.413
253.878
253.878
253.834
252.157
250.476
253.878
253.878
253.878
252.404
253.878
253.878
250.002
253.834
253.834
253.834
250.794
250.476
252.868
253.834
253.569
252.379
253.834
252.157
253.569
253.834
253.834
253.834
253.569
253.834
252.749
250.517
250.794
250.526
252.868
253.834
253.834
253.834
250.476
250.794
250.794
251.05
251.315
251.315
251.315
251.315
251.315
251.315
251.315
251.586
251.586
251.586
251.586
251.586
251.586
250.411
251.586
251.586
251.586
250.411
250.411
251.336
251.336
251.336
250.822
251.336
251.336
251.336
251.336
251.336
251.336
251.336
251.336
251.336
251.336
251.336
251.336
251.336
251.336
251.336
251.336
251.336
250.822
251.336
251.336
251.336
251.336
251.159
251.336
251.336
251.336
251.336
251.336
251.336
251.336
251.336
251.336
251.26
251.336
251.336
251.336
251.336
251.336
251.336
251.336
251.315
250.794
251.1
251.336
250.794
250.822
251.336
251.336
251.336
251.336
251.336
251.336
251.336
251.336
251.336
251.336
251.336
251.26
251.336
251.336
251.336
251.336
250.822
251.1
251.336
250.822
251.336
251.336
250.556
251.336
250.822
251.334
251.334
250.603
250.794
251.334
251.334
251.334
251.334
251.334
251.334
251.334
251.334
251.334
251.334
251.334
251.334
251.334
251.334
251.334
251.334
251.334
251.334
251.334
251.334
251.334
251.334
251.334
251.334
250.603
251.334
251.727
251.334
251.334
252.307
252.878
252.307
252.878
252.775
252.878
252.878
252.878
252.878
252.222
252.307
252.612
252.612
252.612
252.612
252.057
251.241
252.264
252.074
252.264
251.608
252.264
252.264
252.264
252.264
252.264
252.264
252.264
252.053
251.608
252.264
252.264
252.264
252.264
251.608
252.264
252.264
252.053
252.264
252.264
252.057
252.264
251.241
252.264
252.074
252.264
252.264
254.929
255.256
257.558
257.558
251.613
257.558
257.558
257.558
257.558
257.558
256.487
257.465
257.465
257.554
257.554
256.301
256.612
257.115
257.115
257.115
257.115
257.115
257.115
251.645
256.172
254.422
255.669
256.172
250.622
255.568
254.093
255.568
254.002
255.568
255.568
250.227
254.002
249.183
254.002
254.002
254.002
253.095
254.002
254.002
254.002
248.927
254.129
254.129
254.129
249.565
254.129
254.129
249.054
249.709
254.129
254.129
251.818
251.658
254.129
254.129
249.054
250.228
249.054
249.054
249.054
249.054
249.054
249.054
249.054
249.054
249.054
249.054
249.054
249.054
249.054
249.054
249.054
249.054
249.054
249.054
249.912
249.054
251.308
248.814
249.054
249.054
249.054
249.054
249.054
249.054
249.054
249.054
249.054
249.054
249.054
249.054
249.054
249.054
249.054
249.054
249.054
249.054
249.054
249.054
249.054
248.147
249.054
249.054
248.356
249.054
249.054
249.054
249.054
249.054
249.054
248.147
248.927
249.054
249.054
249.054
249.054
249.054
249.054
249.054
249.054
249.054
249.054
249.054
249.054
249.054
249.054
249.054
249.054
249.054
249.054
249.054
249.054
249.054
249.054
249.054
249.054
249.054
249.054
252.066
252.066
251.303
252.066
252.066
252.066
252.066
252.066
252.066
252.066
252.066
252.066
251.787
252.066
252.066
252.066
252.066
252.066
252.066
252.066
251.939
252.066
250.687
252.066
252.066
252.066
252.066
249.054
252.066
252.066
251.345
251.159
252.066
252.066
249.054
252.066
252.066
252.066
252.066
252.066
252.066
252.066
252.066
252.066
252.066
252.066
252.066
252.066
252.066
252.066
252.066
252.066
252.066
252.066
252.066
252.066
252.066
252.066
251.939
252.066
252.066
252.066
252.066
252.066
251.939
252.066
252.066
251.924
252.066
252.066
252.066
252.066
252.066
252.066
252.066
252.066
251.159
252.066
252.066
252.066
252.066
252.066
251.939
252.066
252.066
252.066
252.066
252.066
252.066
249.054
252.066
251.939
252.066
252.066
252.066
251.939
251.939
251.939
249.577
251.939
251.939
251.939
251.939
251.939
251.939
251.939
251.939
251.939
251.939
251.939
251.939
251.939
251.939
252.129
251.939
252.129
251.939
252.129
252.129
252.129
252.129
252.129
252.129
252.129
252.129
252.129
252.129
252.129
251.939
252.109
250.085
249.263
252.109
252.109
252.109
252.109
249.621
249.621
252.109
249.625
252.109
252.109
252.109
252.109
249.621
252.109
252.109
252.109
252.055
252.109
252.109
252.109
252.109
249.621
252.109
252.109
252.109
251.175
251.926
250.962
252.109
252.109
252.109
252.055
252.109
252.109
252.055
252.109
252.109
252.109
252.109
252.109
252.109
252.109
252.109
249.621
252.109
252.109
252.109
253.64
251.597
253.245
253.64
253.64
253.64
252.97
253.64
253.64
253.64
253.64
253.64
251.152
253.64
253.64
253.64
252.312
253.64
253.64
253.64
253.64
253.64
253.64
253.64
253.64
253.64
253.64
251.152
253.64
253.078
253.64
253.64
252.796
253.446
253.64
253.64
251.152
252.796
249.797
249.797
252.796
252.796
252.796
252.796
252.312
249.797
250.753
252.796
252.796
252.796
252.796
252.796
252.796
252.796
252.796
250.36
252.796
249.797
252.796
252.796
252.796
252.796
252.312
252.796
252.796
249.797
252.796
249.797
250.272
249.797
250.272
250.272
250.272
250.399
250.272
254.284
254.719
250.272
250.272
250.272
250.272
250.272
250.272
250.272
250.272
250.272
250.063
250.272
250.272
250.272
249.797
250.272
250.272
250.272
250.272
249.797
250.272
250.272
250.272
250.272
250.272
250.272
250.812
250.272
250.272
250.812
250.812
250.812
250.812
250.812
255.293
251.276
250.812
250.801
250.812
251.16
248.768
250.439
251.624
251.415
251.624
251.624
251.624
251.084
251.624
251.624
251.624
251.624
251.624
248.768
249.233
249.233
248.758
249.233
249.233
249.233
248.768
249.233
248.758
249.233
249.233
249.233
249.233
249.233
249.233
249.233
249.233
249.233
249.233
249.233
248.758
249.233
249.233
249.233
249.233
249.233
249.233
249.233
249.233
248.693
249.233
249.233
249.233
249.233
249.233
249.233
249.233
249.233
249.233
249.233
249.233
249.233
248.693
249.024
249.233
249.233
249.233
249.233
248.768
249.233
248.693
249.233
249.233
249.233
249.233
249.233
249.233
249.233
249.233
249.233
249.233
249.233
249.233
249.233
252.902
252.902
253.835
252.052
251.843
255.474
255.474
255.01
253.339
255.474
254.259
254.778
254.778
254.778
254.778
254.778
253.968
252.643
251.146
254.529
252.743
254.529
254.529
254.529
253.256
254.529
254.383
253.256
251.843
254.065
254.065
254.065
249.425
254.065
254.065
254.065
252.508
253.77
253.903
253.093
253.757
253.757
252.494
250.669
253.757
253.757
253.757
253.757
253.757
250.669
253.362
253.757
253.757
253.757
253.757
253.082
253.228
253.276
252.686
250.793
250.793
253.21
253.21
253.21
252.014
250.36
253.21
253.21
251.923
253.21
253.605
251.215
252.308
253.21
253.21
250.36
253.21
251.054
253.21
252.356
253.21
250.845
253.21
253.21
253.21
252.621
250.845
250.845
253.21
253.21
253.21
253.21
253.21
253.21
252.014
252.014
253.21
253.21
253.21
253.21
253.21
253.21
253.21
253.21
252.308
253.21
252.932
253.21
253.21
253.21
252.567
253.21
253.21
253.21
250.36
253.21
252.308
253.21
251.76
253.21
253.21
250.36
249.485
249.485
249.485
249.638
249.485
249.638
249.638
249.638
248.87
249.576
248.643
249.576
248.643
249.576
249.533
249.576
249.576
249.576
248.811
249.576
249.576
249.576
249.576
249.467
249.576
248.01
249.576
249.183
248.01
249.576
249.576
248.643
249.576
248.643
248.01
248.643
249.576
249.576
249.576
249.576
249.576
248.01
249.576
249.576
249.576
249.576
249.576
249.576
249.576
249.576
249.576
248.643
249.576
249.576
249.576
249.576
248.643
248.811
249.576
249.183
249.141
249.576
249.576
249.576
249.576
249.576
248.811
249.576
249.576
249.576
248.811
248.643
249.576
249.576
249.576
249.576
249.576
249.576
249.576
249.576
249.576
249.576
249.576
249.752
249.752
249.752
249.752
249.716
249.752
248.818
249.568
249.752
249.752
249.752
249.752
249.617
248.818
249.752
249.638
249.752
249.752
249.752
249.752
249.752
249.752
249.752
249.752
249.752
249.752
248.818
249.752
249.752
249.752
247.777
249.752
249.752
249.752
248.818
249.752
249.752
248.449
249.752
248.571
249.752
248.449
249.752
249.752
249.752
249.752
249.752
249.716
249.752
248.01
249.576
249.716
249.752
249.752
248.449
249.716
249.752
249.752
249.752
249.752
249.752
249.752
248.449
249.617
248.818
249.752
249.752
249.752
249.752
249.752
249.576
249.752
249.752
249.752
249.752
249.752
249.752
248.316
248.449
248.449
248.449
248.449
248.449
248.449
248.449
248.449
248.449
248.449
248.449
248.449
248.449
248.449
248.449
248.449
248.406
248.449
248.449
248.449
248.449
248.449
248.449
248.449
248.449
248.449
248.449
248.449
248.449
248.449
248.449
248.449
248.449
248.449
248.449
247.777
248.449
248.449
248.449
248.449
248.449
248.449
239.515
248.449
248.449
248.449
248.449
248.449
248.449
248.449
248.449
248.449
248.63
248.913
247.516
248.449
248.449
248.449
248.449
248.449
248.449
248.449
248.449
248.449
248.449
248.449
248.449
248.449
248.449
248.449
247.516
248.449
248.449
248.449
247.516
248.449
248.449
248.449
248.449
248.449
248.449
248.449
248.449
248.449
248.449
248.449
248.449
248.449
248.449
248.449
248.449
248.266
248.449
248.449
248.449
248.449
248.449
248.449
248.449
248.449
248.449
248.449
248.449
248.449
248.449
248.449
248.449
248.449
248.449
248.449
248.449
248.449
248.449
247.777
248.449
248.449
248.449
248.449
248.449
248.449
248.449
248.449
248.449
248.449
248.449
248.449
248.449
248.266
248.449
248.449
248.449
248.449
248.449
248.449
248.449
248.449
248.449
248.449
248.449
248.449
248.449
248.449
248.266
248.449
248.449
248.266
247.777
248.449
248.449
248.449
248.449
248.449
248.449
247.675
248.449
248.472
248.557
248.557
247.827
248.557
248.557
248.557
248.557
247.675
248.557
248.557
248.557
248.557
248.557
248.557
248.557
248.557
248.557
248.557
248.557
248.493
248.272
246.261
248.557
248.557
246.261
248.557
248.557
247.623
248.557
248.557
247.623
248.557
236.565
248.557
248.557
248.557
248.557
248.557
248.557
248.557
248.557
248.557
248.557
248.557
248.557
248.557
246.261
248.557
246.261
248.557
248.557
246.031
248.557
248.557
246.261
248.557
247.623
248.557
248.557
248.557
248.557
248.185
248.557
248.472
248.557
248.557
246.261
248.557
248.557
248.557
248.557
248.557
248.557
248.557
249.292
249.292
248.952
249.292
247.536
249.292
248.753
249.129
249.129
249.129
249.129
248.789
249.021
249.129
249.129
244.426
249.129
249.129
249.129
248.789
249.129
249.129
249.129
249.129
249.129
249.129
249.129
249.129
249.129
248.789
248.789
249.129
249.129
249.129
248.789
248.794
249.129
249.129
249.129
248.794
249.129
249.129
249.129
249.129
248.789
249.129
249.129
249.593
249.129
249.845
251.101
251.101
251.201
251.201
244.442
251.023
249.327
251.023
251.023
251.023
251.023
251.023
251.023
251.023
251.023
251.023
251.023
251.023
251.023
251.023
251.023
251.023
251.023
251.023
251.023
248.493
251.023
251.023
251.023
251.023
251.023
251.023
251.023
249.723
251.023
249.723
249.407
249.407
249.407
249.407
249.407
249.407
249.407
249.368
249.407
249.407
249.407
249.407
249.368
249.407
249.407
249.407
249.407
249.407
249.407
249.407
249.407
249.407
249.407
249.407
249.407
249.407
249.407
249.407
249.407
248.31
249.407
249.407
247.949
249.407
249.407
249.407
249.229
249.368
249.368
249.368
249.368
249.368
249.368
249.368
249.368
248.676
249.368
249.289
249.368
249.368
249.368
249.368
249.368
249.368
249.368
249.368
249.368
248.894
249.368
249.368
249.159
249.368
249.368
249.368
249.368
249.368
249.358
249.368
249.368
249.368
249.368
249.368
249.368
249.368
249.368
249.368
249.368
249.368
249.159
247.668
249.368
249.368
249.368
249.368
249.159
249.368
249.368
249.368
249.368
249.368
249.368
249.368
249.368
249.368
249.368
249.159
248.475
249.368
249.368
249.368
249.368
248.894
249.368
249.289
249.368
249.368
249.368
249.368
248.894
249.368
249.368
249.368
249.368
249.368
249.368
249.368
249.368
248.894
249.368
249.368
249.368
249.368
249.368
249.368
249.368
249.368
247.91
249.368
249.368
247.91
249.368
249.368
249.368
249.368
249.159
247.91
249.368
247.91
249.368
249.368
249.368
249.368
249.368
249.368
249.368
249.368
249.368
249.368
249.368
249.348
249.368
249.368
249.368
250.085
250.085
250.085
250.085
250.085
249.61
249.476
250.085
249.876
250.085
249.876
249.61
248.676
249.876
249.876
249.876
249.876
249.876
249.876
249.876
249.876
249.876
248.983
249.876
249.876
248.467
249.876
249.876
249.876
249.876
249.876
249.876
249.026
249.876
248.467
249.876
249.876
249.876
249.876
249.876
249.876
249.876
249.876
249.876
249.876
249.876
249.025
249.876
249.267
249.489
249.692
249.876
249.876
249.025
249.876
249.025
249.876
249.025
249.876
249.876
249.876
249.876
249.876
249.876
249.159
249.876
249.876
249.876
249.876
249.876
249.876
249.159
249.876
249.876
249.876
249.876
249.876
249.876
249.876
249.876
249.159
249.06
249.876
249.876
249.876
249.876
249.876
249.876
248.467
249.139
249.876
249.818
249.876
249.876
249.876
249.876
249.267
249.159
249.159
249.159
249.159
249.159
249.159
249.159
249.159
249.159
249.159
249.159
249.159
249.159
249.159
249.159
248.894
249.159
249.159
249.159
249.159
249.159
249.159
249.159
249.159
249.159
249.159
249.159
249.159
249.159
249.159
249.159
249.159
249.159
249.159
249.159
249.159
249.159
249.159
249.159
249.159
249.159
249.159
249.159
249.159
249.159
249.159
249.159
249.159
249.159
249.159
249.159
249.159
249.159
249.159
249.159
249.159
248.894
249.159
249.159
249.159
249.159
249.159
248.894
249.159
247.701
249.159
249.159
249.159
249.289
249.159
249.289
249.289
249.289
249.289
249.289
249.159
247.711
249.189
249.189
249.268
249.268
249.268
249.139
249.268
249.268
248.873
249.268
249.268
249.268
249.268
249.268
249.268
249.268
249.268
249.268
249.268
249.189
249.268
249.268
249.189
249.268
249.268
249.268
249.268
249.268
249.268
249.189
249.268
249.268
249.139
249.268
249.268
249.268
249.268
249.268
249.268
249.268
249.268
249.268
249.268
249.268
249.268
249.268
249.268
249.268
249.268
249.268
249.268
249.268
249.268
248.873
249.268
248.873
249.189
249.189
249.189
249.189
249.189
249.189
249.189
249.189
249.189
248.596
249.189
249.189
248.467
249.189
249.189
249.189
249.189
249.189
249.189
249.189
249.189
249.189
249.189
249.189
249.189
249.06
249.189
249.189
249.189
249.189
249.189
249.189
249.189
249.189
249.189
249.189
247.057
249.06
249.189
248.794
249.189
249.096
249.189
249.189
249.189
248.794
249.189
249.189
249.189
248.794
249.189
249.189
249.189
249.189
249.189
249.189
249.189
251.181
249.189
249.189
249.189
249.189
249.189
249.189
249.189
249.189
249.189
249.189
249.06
249.189
249.189
249.189
249.189
249.189
249.189
249.189
249.189
249.189
249.189
249.189
249.189
249.189
249.189
249.189
249.189
249.189
249.189
249.189
249.06
249.06
249.06
249.189
249.189
249.189
249.189
249.06
249.189
248.794
249.189
249.189
249.189
249.189
248.794
249.189
249.189
249.189
249.189
248.794
249.06
249.189
249.189
249.189
249.189
249.189
249.189
249.189
249.189
249.189
249.189
249.189
249.189
248.596
249.189
249.189
249.189
249.189
249.189
249.189
249.06
249.189
249.189
249.189
249.189
249.189
249.189
248.794
249.189
249.189
248.596
249.189
249.06
249.189
249.189
249.189
249.06
249.189
249.189
249.189
249.189
248.794
249.189
248.794
249.189
249.06
249.06
249.189
249.189
249.189
249.189
249.189
249.189
249.189
248.794
249.189
249.189
249.189
249.189
249.189
249.189
248.596
249.189
249.189
249.189
249.189
249.189
248.794
249.189
249.189
249.189
249.189
249.189
249.189
249.189
249.189
249.189
249.189
249.189
249.189
249.189
249.189
248.794
249.189
249.189
249.189
249.189
249.189
249.189
249.189
249.189
249.189
249.189
249.189
249.189
248.794
249.189
249.129
249.292
249.292
249.292
248.957
249.292
249.292
249.292
247.623
249.292
248.753
248.957
248.957
248.794
248.957
246.662
248.957
248.957
248.957
248.957
248.957
248.957
248.957
248.957
248.957
248.957
248.957
248.957
246.662
248.957
248.957
248.957
248.957
248.957
248.957
248.957
248.957
248.957
248.957
248.008
248.957
248.957
248.957
248.957
248.957
248.957
248.957
248.957
248.957
248.957
246.662
248.794
248.957
248.957
248.957
248.957
248.957
248.957
248.957
248.957
247.107
248.957
249.007
249.352
249.352
249.352
249.352
249.268
249.352
248.957
248.957
249.352
249.352
249.352
249.352
247.057
247.502
247.502
247.502
247.502
247.502
247.502
247.502
247.502
247.107
247.502
247.372
247.502
247.502
247.502
247.502
247.372
247.502
247.502
247.502
247.502
247.502
247.502
247.502
247.502
247.107
247.502
247.502
247.107
247.502
247.502
247.372
247.502
247.502
247.502
247.502
247.502
247.502
247.502
247.502
247.502
247.502
247.502
247.107
247.107
247.442
247.442
247.101
247.442
247.442
247.442
247.442
246.903
247.101
247.442
247.442
247.442
246.566
246.334
247.398
247.442
247.442
247.107
247.442
247.442
247.442
247.442
247.442
247.442
247.442
247.442
247.442
247.442
247.442
247.442
247.442
247.442
247.101
246.903
247.442
247.442
247.133
247.442
247.442
247.442
247.442
247.442
247.442
247.442
247.442
247.398
247.442
247.101
247.442
247.442
247.442
247.442
247.442
247.442
247.442
247.442
247.442
247.442
247.442
247.442
247.442
247.837
249.707
245.773
249.707
249.078
249.962
249.962
249.962
249.857
249.962
249.962
249.962
249.962
249.962
249.962
249.962
249.962
249.962
249.962
249.962
249.962
249.832
249.962
249.962
249.383
249.962
249.962
249.962
249.566
249.962
247.101
247.101
249.383
248.034
249.383
246.523
249.383
249.383
248.633
249.383
249.383
249.383
249.383
249.383
249.383
249.383
249.383
249.383
249.383
249.383
249.383
249.383
249.383
249.383
246.523
249.165
249.383
249.383
249.383
248.633
246.523
246.523
246.523
246.523
246.523
246.523
247.062
247.062
247.062
247.062
247.062
247.062
246.968
247.062
247.062
247.062
247.062
247.062
247.062
247.062
247.062
247.062
247.062
247.062
246.523
247.062
247.062
247.062
247.062
247.062
247.062
247.062
247.062
247.062
247.062
246.312
247.062
247.062
247.062
247.062
247.062
247.062
247.062
247.062
228.734
247.062
247.062
247.062
246.312
246.523
247.062
247.062
246.312
246.523
246.523
246.523
246.523
246.523
246.523
245.773
246.523
246.523
246.523
245.773
246.523
246.523
245.773
246.523
246.523
245.773
245.773
246.523
246.523
246.523
246.523
246.523
246.523
246.523
245.773
246.523
246.523
246.523
246.523
245.773
245.773
245.773
245.773
245.773
245.773
245.773
245.773
245.773
245.773
245.773
245.773
245.773
245.773
245.773
245.773
245.773
245.773
245.773
245.773
245.773
245.773
246.237
246.237
246.237
245.773
245.773
246.237
246.237
246.237
246.237
246.237
246.237
246.237
246.237
246.237
246.237
246.237
246.237
246.237
246.237
246.237
246.237
246.237
246.237
246.237
246.237
246.237
246.237
246.237
246.237
246.237
245.773
246.237
246.237
246.237
246.237
246.237
246.237
246.237
246.237
246.237
246.237
245.773
246.237
246.237
246.237
246.237
246.237
246.237
246.237
246.237
246.237
246.237
246.237
246.237
246.237
246.237
246.237
246.237
246.237
246.237
246.237
246.237
246.237
246.237
246.237
246.237
246.237
246.237
246.237
246.237
246.237
246.237
246.237
246.237
246.237
246.237
246.237
246.237
246.237
245.773
246.237
245.773
245.773
245.773
245.773
245.773
245.773
245.773
245.773
245.773
245.773
245.773
245.773
245.773
245.773
