-0.0162168          -0.0162168                   0
-0.0158197          -0.0320364         0.000198553
-0.0152195          -0.0472559         0.000289853
-0.0172045          -0.0644604         0.000416975
-0.0163697          -0.0808301         0.000326975
-0.0162656          -0.0970957         0.000267489
-0.0153933           -0.112489         0.000252632
-0.0163484           -0.128837         0.000221539
-0.0161745           -0.145012         0.000195533
-0.0155834           -0.160595         0.000182718
-0.01628           -0.176875         0.000166486
-0.0162911           -0.193166         0.000152998
-0.0167175           -0.209884         0.000148606
-0.0167265            -0.22661         0.000143717
-0.0167989           -0.243409         0.000139885
-0.0158933           -0.259303         0.000132504
-0.0171503           -0.276453         0.000136289
-0.0162779           -0.292731         0.000128497
-0.0160332           -0.308764         0.000122146
-0.0161608           -0.324925         0.000115965
-0.016097           -0.341022         0.000110533
-0.0168511           -0.357873         0.000108998
-0.0167758           -0.374649         0.000106475
-0.0167681           -0.391417         0.000103877
-0.0164633            -0.40788         9.98266e-05
-0.0158775           -0.423757         9.73769e-05
-0.0163519           -0.440109         9.37219e-05
-0.015543           -0.455652          9.4276e-05
-0.0162151           -0.471867         9.09892e-05
-0.0159505           -0.487818          8.8552e-05
-0.0159582           -0.503776         8.62017e-05
-0.0159634            -0.51974         8.39464e-05
-0.0149213           -0.534661         9.06713e-05
-0.016868           -0.551529         9.01196e-05
-0.0156659           -0.567195          8.8935e-05
-0.0160999           -0.583295         8.64791e-05
-0.0156978           -0.598992         8.52087e-05
-0.015021           -0.614013         8.84484e-05
-0.0162025           -0.630216         8.61581e-05
-0.0158111           -0.646027         8.44268e-05
-0.0151641           -0.661191         8.57856e-05
-0.0153651           -0.676556         8.56591e-05
-0.0144984           -0.691054         9.16421e-05
-0.0152163           -0.706271         9.16181e-05
-0.0155058           -0.721777         9.03767e-05
-0.0158074           -0.737584          8.8534e-05
-0.0152868           -0.752871         8.80784e-05
-0.0155331           -0.768404          8.6815e-05
-0.016177           -0.784581         8.50944e-05
-0.0164654           -0.801046         8.38672e-05
