-0.481101          0.00123179
-0.459398         0.000816239
-0.519043         0.000958534
-0.515329         0.000997194
-0.503866          0.00127257
-0.506588          0.00141933
-0.501316          0.00131298
-0.4796          0.00100448
-0.454813          0.00105283
-0.436677         0.000890909
-0.474402           0.0011571
-0.468835         0.000587852
-0.490725          0.00100404
-0.464774          0.00117719
-0.428121         0.000870258
-0.425535          0.00119082
-0.437379         0.000890957
-0.45148         0.000928681
-0.426147          0.00103399
-0.451799         0.000660642
-0.47624          0.00097392
-0.437463           0.0011889
-0.455387         0.000564077
-0.438911         0.000969153
-0.468265          0.00125315
-0.454881          0.00102125
-0.427194          0.00079169
-0.423209         0.000579788
-0.424588         0.000924945
-0.428013         0.000923806
-0.415412          0.00071207
-0.424598         0.000517684
-0.436449         0.000959904
-0.429412         0.000684578
-0.42967         0.000957427
-0.430007         0.000784057
-0.440463         0.000709227
-0.424928          0.00091224
-0.425881         0.000983237
-0.437562         0.000858542
-0.441341         0.000588639
-0.429273         0.000982991
-0.450672         0.000993099
-0.442722         0.000864419
-0.449843          0.00120354
-0.446388          0.00109546
-0.46193         0.000585977
-0.457749         0.000680584
-0.440671         0.000540851
-0.439411         0.000874566
-0.456992         0.000813191
-0.434727         0.000899673
-0.42971         0.000762531
-0.429428         0.000776563
-0.406826         0.000809915
-0.434865         0.000966701
-0.41705          0.00110534
-0.439097         0.000955719
-0.404281          0.00109275
-0.436338          0.00138731
-0.419849          0.00109504
-0.429386          0.00111671
-0.400666          0.00117063
-0.434571          0.00136507
-0.439391         0.000885467
-0.424464          0.00088673
-0.428315          0.00111474
-0.427172          0.00124805
-0.430575          0.00101051
-0.440202          0.00136117
-0.451997          0.00143263
-0.40596         0.000699685
-0.460906          0.00061928
-0.466213         0.000990238
-0.426071         0.000926771
-0.40003          0.00154425
-0.471139          0.00169371
-0.423635          0.00122074
-0.410473          0.00147866
-0.404589          0.00073707
-0.426922         0.000530264
-0.434365           0.0009795
-0.426274         0.000712594
-0.436578         0.000571798
-0.416906          0.00109324
-0.431656          0.00103913
-0.433145          0.00106473
-0.421775         0.000897074
-0.425672          0.00117749
-0.42677          0.00125313
-0.430791         0.000934823
-0.421018            0.001056
-0.437274          0.00119186
-0.454213           0.0010771
-0.475446         0.000792651
-0.441927         0.000825261
-0.462956          0.00163301
-0.464636          0.00130061
-0.476328          0.00131437
-0.473647         0.000838145
-0.473542          0.00102531
-0.476902          0.00150852
-0.472859          0.00123873
-0.460955          0.00127231
-0.458635          0.00101969
-0.527435          0.00100054
-0.483625          0.00142528
-0.481268          0.00162381
-0.486536          0.00139658
-0.45542          0.00131828
-0.45083           0.0013889
-0.446348          0.00101374
-0.469922          0.00165713
-0.462578           0.0010198
-0.477599         0.000961062
-0.451403         0.000815217
-0.452477          0.00115527
-0.444658          0.00101477
-0.441298         0.000981544
-0.430502          0.00119547
-0.430718         0.000798364
-0.454791         0.000889203
-0.438174         0.000819082
-0.460665         0.000895038
-0.454127         0.000851661
-0.463329         0.000972526
-0.479129          0.00111929
-0.458925         0.000988908
-0.469775          0.00112979
-0.498293          0.00122741
-0.486878         0.000486475
-0.471207         0.000967666
-0.483999          0.00124318
-0.510649          0.00112331
-0.505542          0.00143386
-0.483644          0.00114881
-0.457359         0.000570307
-0.450405          0.00114395
-0.460557          0.00126864
-0.472334         0.000798839
-0.494648          0.00116812
-0.478398          0.00130483
-0.471896         0.000634951
-0.50467         0.000855426
-0.492062          0.00062599
-0.546699         0.000985637
-0.549302         0.000993828
-0.55331          0.00111468
-0.623673          0.00161116
-0.552918          0.00152569
-0.494852         0.000566127
-0.532245         0.000967844
-0.480399           0.0008399
-0.475521         0.000886486
-0.481444         0.000667393
-0.468542         0.000849176
-0.441285         0.000752655
-0.433659         0.000615422
-0.446207         0.000829533
-0.432077         0.000674999
-0.430136         0.000638938
-0.455512         0.000663429
-0.438057         0.000775588
-0.418649         0.000677505
-0.43259         0.000835402
-0.427813          0.00074303
-0.42724         0.000581186
-0.441377         0.000567459
-0.433524         0.000683001
-0.418085          0.00112117
-0.442271         0.000674187
-0.423933          0.00079005
-0.418851         0.000770249
-0.414041         0.000931155
-0.401167         0.000557376
-0.403756          0.00063463
-0.412122         0.000835186
-0.401294         0.000666445
-0.424671         0.000414071
-0.416405         0.000637997
-0.406794         0.000794475
-0.414788         0.000977428
-0.407865         0.000818256
-0.413848         0.000686286
-0.405399         0.000576614
-0.413909         0.000559458
-0.406184         0.000546555
-0.407507         0.000635938
-0.403433         0.000424515
-0.409525         0.000478712
-0.405899         0.000920665
-0.403746          0.00109113
-0.389331          0.00127296
-0.375438         0.000748166
-0.386502         0.000973092
-0.391263         0.000711876
-0.367339         0.000557475
-0.37823         0.000696303
-0.392781         0.000481949
-0.403853         0.000809222
-0.391166         0.000652881
-0.381168         0.000715267
-0.386154         0.000813647
-0.401641         0.000396306
-0.40853          0.00075208
-0.40817         0.000918438
-0.399068         0.000676924
-0.402595          0.00051463
-0.406122         0.000730504
-0.40658         0.000643055
-0.382367         0.000649155
-0.383797         0.000584118
-0.377983          0.00045626
-0.384352         0.000511687
-0.382352         0.000385867
-0.365244         0.000325291
-0.366972          0.00081388
-0.348179         0.000517327
-0.374699         0.000780506
-0.383421         0.000632104
-0.373467         0.000547556
-0.386129         0.000518948
-0.385549         0.000988633
-0.383575         0.000950368
-0.38037         0.000612026
-0.371372         0.000707666
-0.392702         0.000742853
-0.402545         0.000636321
-0.393002         0.000828636
-0.384474         0.000586012
-0.387807         0.000642316
-0.391125         0.000656007
-0.395669         0.000700551
-0.402701         0.000628155
-0.407405         0.000832562
-0.394467         0.000700595
-0.384858         0.000703253
-0.403222         0.000559556
-0.398075           0.0010857
-0.390322         0.000841741
-0.38068         0.000722982
-0.395168         0.000660366
-0.391826         0.000564229
-0.385596         0.000687111
-0.400904         0.000751619
-0.411556          0.00093732
-0.406684         0.000916838
-0.402792         0.000916773
-0.425479          0.00068253
-0.410443         0.000587184
-0.410499         0.000725044
-0.419654         0.000669156
-0.415388         0.000742403
-0.412284         0.000809907
-0.412766         0.000843267
-0.423044         0.000873929
-0.432174         0.000499935
-0.4331         0.000627446
-0.423031         0.000490498
-0.417306         0.000617478
-0.419205          0.00104047
-0.453348         0.000344432
-0.442139          0.00072271
-0.443782         0.000485633
-0.451113         0.000550129
-0.438848          0.00076634
-0.44696         0.000874154
-0.435815         0.000863276
-0.430743         0.000645118
-0.419215          0.00105586
-0.430042          0.00068828
-0.410628          0.00081065
-0.416274         0.000898715
-0.40192         0.000713276
-0.419322         0.000612269
-0.423112         0.000620591
-0.426702         0.000905258
-0.431912         0.000573366
-0.424039         0.000647903
-0.434871         0.000798717
-0.436011         0.000905109
-0.453339         0.000873341
-0.444932         0.000980943
-0.450557         0.000884398
-0.447623         0.000612472
-0.44922         0.000561015
-0.436773         0.000704762
-0.439317         0.000915559
-0.436686         0.000602137
-0.457196         0.000360837
-0.434323          0.00115196
-0.432484         0.000781586
-0.443159         0.000906383
-0.438057         0.000926544
-0.447913         0.000916445
-0.4286         0.000612765
-0.420166         0.000984892
-0.424905         0.000903095
-0.426693           0.0010989
-0.416034          0.00104005
-0.428471         0.000913529
-0.420834         0.000767679
-0.447645          0.00066942
-0.435089          0.00126016
-0.413787         0.000974882
-0.403669         0.000516525
-0.425527         0.000950994
-0.43223         0.000547575
-0.440888         0.000339045
-0.441128         0.000968699
-0.449211         0.000823843
-0.440471         0.000888363
-0.445643          0.00052675
-0.450564         0.000781958
-0.417794         0.000738175
-0.425279         0.000659616
-0.440016         0.000609126
-0.44736         0.000653035
-0.450955         0.000559294
-0.437411         0.000850918
-0.425976         0.000629234
-0.423844         0.000615835
-0.418541         0.000825761
-0.418616         0.000788704
-0.417022         0.000919853
-0.426171         0.000595858
-0.424329         0.000610435
-0.429079         0.000619091
-0.42391         0.000563424
-0.436533         0.000779507
-0.431861         0.000686757
-0.428439          0.00085777
-0.424682         0.000410912
-0.4292         0.000686069
-0.419993         0.000886905
-0.422719         0.000879831
-0.407826         0.000533466
-0.423713         0.000549512
-0.412219         0.000579163
-0.419492         0.000838535
-0.41954         0.000651674
-0.398337         0.000593305
-0.429265         0.000610656
-0.402722         0.000702004
-0.412159         0.000567767
-0.42767         0.000724385
-0.421761         0.000736176
-0.430915         0.000619795
-0.417887         0.000601437
-0.416152          0.00066644
-0.425389         0.000302516
-0.417193          0.00126234
-0.421143         0.000870923
-0.428259         0.000582436
-0.423644         0.000752217
-0.429206         0.000655773
-0.412091         0.000636008
-0.417476         0.000720995
-0.419476         0.000550236
-0.434405         0.000846175
-0.425583         0.000612156
-0.414598         0.000487006
-0.433387         0.000903687
-0.432333         0.000500455
-0.443755         0.000500887
-0.435996         0.000395656
-0.429374         0.000877853
-0.426838         0.000855252
-0.440923         0.000597838
-0.445129          0.00101734
-0.443387         0.000808029
-0.428751          0.00119636
-0.4438         0.000730063
-0.432803         0.000490674
-0.440233          0.00107927
-0.45157          0.00130172
-0.455755         0.000437916
-0.455085          0.00109377
-0.452949         0.000824963
-0.490024         0.000986016
-0.492345          0.00123963
-0.535767          0.00130034
-0.501545         0.000770735
-0.531273          0.00110928
-0.498838          0.00108898
-0.559818          0.00211594
-0.541413          0.00164682
-0.534361          0.00134229
-0.559382          0.00134712
-0.56536          0.00148899
-0.557845          0.00164241
-0.538225          0.00156987
-0.542348          0.00157894
-0.552601         0.000900437
-0.518734         0.000875457
-0.513883         0.000921468
-0.522908           0.0018907
-0.522325          0.00127216
-0.514318          0.00157625
-0.527993         0.000895035
-0.50585          0.00125109
-0.602405         0.000636029
-0.531841          0.00116771
-0.52963          0.00121764
-0.533245          0.00114143
-0.523372          0.00093783
-0.470905         0.000799104
-0.479986          0.00135737
-0.496161          0.00117219
-0.498696          0.00136701
-0.492729         0.000805534
-0.50708          0.00177405
-0.526295         0.000920061
-0.500609          0.00110327
-0.488317         0.000738385
-0.480266          0.00129965
-0.468267         0.000932089
-0.476919         0.000852853
-0.463959          0.00102384
-0.472606         0.000824723
-0.470749          0.00050175
-0.479534         0.000824315
-0.447032         0.000810308
-0.469406          0.00093667
-0.476848         0.000995273
-0.524549          0.00146701
-0.465966          0.00116975
-0.51555          0.00140039
-0.541061          0.00114914
-0.541129          0.00150597
-0.55502          0.00113029
-0.579797          0.00139051
-0.576054          0.00141385
-0.609284          0.00195649
-0.687586          0.00161278
-0.64184          0.00173535
-0.639594          0.00139211
-0.66202          0.00173052
-0.606502          0.00135137
-0.587523          0.00111252
-0.582936          0.00176381
-0.566274         0.000823469
-0.577567          0.00110243
-0.507204          0.00127619
-0.496361           0.0012359
-0.479214          0.00106114
-0.460557          0.00101444
-0.47239         0.000666815
-0.462301         0.000814063
-0.45803         0.000892379
-0.44454         0.000835171
-0.461922         0.000977073
-0.466718         0.000910351
-0.476382         0.000713055
-0.478982         0.000980865
-0.481951          0.00116389
-0.520166          0.00196671
-0.476461          0.00112568
-0.493895           0.0012703
-0.519833          0.00108427
-0.51923         0.000823792
-0.459097          0.00109709
-0.527186          0.00130248
-0.504324         0.000983709
-0.474622          0.00104115
-0.499198         0.000868683
-0.489773         0.000833439
-0.484621         0.000824061
-0.494463           0.0011959
-0.494701         0.000945997
-0.513712          0.00170874
-0.512377         0.000830733
-0.493133          0.00059428
-0.479081         0.000977879
-0.47927         0.000769206
-0.482824          0.00121431
-0.466585          0.00113283
-0.466851          0.00140255
-0.493506          0.00141731
-0.532121          0.00123982
-0.501726          0.00129463
-0.485703          0.00109901
-0.469461         0.000745859
-0.47044           0.0010923
-0.474173         0.000975728
-0.491983           0.0010876
-0.479379         0.000867804
-0.505031         0.000674006
-0.547907          0.00114766
-0.532123         0.000567366
-0.530243          0.00106677
-0.530432         0.000972772
-0.560777         0.000709107
-0.554673          0.00108195
-0.524444          0.00121502
-0.539776          0.00103207
-0.552158          0.00118531
-0.619712          0.00125219
-0.762829          0.00111329
-0.801325          0.00209924
