                   1           0.0442547           0.0442547                   0
                   2           0.0441306           0.0441927         4.38787e-05
                   3           0.0441687           0.0441847          2.9968e-05
                   4           0.0434663           0.0440051         0.000157154
                   5           0.0444771           0.0440995         0.000151447
                   6           0.0436732           0.0440284         0.000141895
                   7           0.0449741           0.0441635         0.000174462
                   8           0.0443822           0.0441909         0.000154781
                   9           0.0444091           0.0442151         0.000139469
                  10           0.0451161           0.0443052         0.000151863
                  11           0.0444831           0.0443214         0.000138916
                  12           0.0442486           0.0443153         0.000127472
                  13           0.0451344           0.0443783         0.000132323
                  14           0.0439097           0.0443449         0.000127035
                  15           0.0447262           0.0443703         0.000121083
                  16           0.0443536           0.0443692          0.00011352
                  17           0.0442426           0.0443618         0.000107086
                  18           0.0449191           0.0443927         0.000105518
                  19           0.0444345           0.0443949          9.9987e-05
                  20           0.0439664           0.0443735         9.72564e-05
                  21           0.0443744           0.0443736         9.26251e-05
                  22           0.0447352             0.04439         8.98616e-05
                  23           0.0447251           0.0444046         8.71274e-05
                  24           0.0442464            0.044398         8.37461e-05
                  25            0.044136           0.0443875         8.10491e-05
                  26            0.044238           0.0443817         7.81355e-05
                  27           0.0448829           0.0444003         7.74145e-05
                  28            0.045521           0.0444403         8.43638e-05
                  29           0.0455001           0.0444769         8.90186e-05
                  30           0.0450983           0.0444976         8.84288e-05
                  31           0.0443213           0.0444919         8.57588e-05
                  32           0.0441203           0.0444803         8.38614e-05
                  33           0.0449336            0.044494         8.24376e-05
                  34           0.0433131           0.0444593         8.70223e-05
                  35            0.043253           0.0444248         9.11061e-05
                  36           0.0434921           0.0443989         9.21862e-05
                  37           0.0427806           0.0443552         9.95317e-05
                  38           0.0440997           0.0443485         9.71392e-05
                  39           0.0437951           0.0443343         9.56791e-05
                  40           0.0433421           0.0443095         9.64485e-05
                  41           0.0439301           0.0443002         9.45388e-05
                  42           0.0447099             0.04431         9.27896e-05
                  43           0.0447404             0.04432         9.11702e-05
                  44           0.0445331           0.0443248         8.92267e-05
                  45           0.0450231           0.0443403         8.85829e-05
                  46           0.0438365           0.0443294         8.73316e-05
                  47           0.0438701           0.0443196         8.60184e-05
                  48           0.0438444           0.0443097         8.47943e-05
                  49           0.0436035           0.0442953         8.42798e-05
                  50           0.0442012           0.0442934         8.26152e-05
