                   1            -3.42287            -3.42287                   0
                   2            -3.42396            -3.42342         0.000385004
                   3              -3.425            -3.42394         0.000500419
                   4            -3.42542            -3.42431         0.000493456
                   5            -3.42545            -3.42454         0.000443821
                   6            -3.42591            -3.42477         0.000424601
                   7            -3.42345            -3.42458         0.000403829
                   8            -3.42622            -3.42479         0.000401906
                   9            -3.42315             -3.4246         0.000396136
                  10            -3.42585            -3.42473         0.000375721
                  11            -3.42606            -3.42485         0.000360576
                  12            -3.42373            -3.42476         0.000342386
                  13             -3.4249            -3.42477         0.000316227
                  14            -3.42533            -3.42481         0.000296167
                  15             -3.4237            -3.42473         0.000285481
                  16            -3.42209            -3.42457          0.00031196
                  17            -3.42559            -3.42463         0.000299288
                  18            -3.42488            -3.42464         0.000282984
                  19            -3.42327            -3.42457          0.00027718
                  20            -3.42518             -3.4246         0.000265012
                  21            -3.42514            -3.42463         0.000253622
                  22            -3.42705            -3.42474         0.000265022
                  23            -3.42503            -3.42475         0.000253816
                  24            -3.42652            -3.42482         0.000253713
                  25            -3.42381            -3.42478         0.000246778
                  26            -3.42408            -3.42476         0.000238768
                  27            -3.42532            -3.42478         0.000230823
                  28            -3.42553             -3.4248         0.000224141
                  29            -3.42355            -3.42476         0.000220539
                  30            -3.42582             -3.4248         0.000215981
                  31            -3.42245            -3.42472         0.000221876
                  32            -3.42511            -3.42473         0.000215279
                  33            -3.42383             -3.4247         0.000210495
                  34            -3.42592            -3.42474         0.000207318
                  35            -3.42653            -3.42479         0.000207587
                  36            -3.42655            -3.42484         0.000207466
                  37            -3.42401            -3.42482         0.000203072
                  38             -3.4228            -3.42476         0.000204532
                  39            -3.42447            -3.42476         0.000199425
                  40            -3.42497            -3.42476         0.000194512
                  41            -3.42366            -3.42474         0.000191621
                  42            -3.42205            -3.42467         0.000197429
                  43             -3.4243            -3.42466         0.000193026
                  44            -3.42347            -3.42464         0.000190521
                  45            -3.42513            -3.42465         0.000186604
                  46            -3.42453            -3.42464         0.000182564
                  47            -3.42504            -3.42465         0.000178877
                  48            -3.42508            -3.42466         0.000175367
                  49            -3.42403            -3.42465         0.000172266
                  50            -3.42549            -3.42467         0.000169649
