                   1             1.49701             1.49701                   0
                   2             1.54529             1.52115           0.0170697
                   3             1.25878             1.43369           0.0723082
                   4             1.22561             1.38167            0.070503
                   5             1.44277             1.39389           0.0574517
                   6             1.19562             1.36085           0.0565872
                   7             1.51901             1.38344           0.0528221
                   8             1.44599             1.39126           0.0467944
                   9             1.47646             1.40073           0.0425417
                  10             1.32445              1.3931           0.0389654
                  11             1.52909             1.40546           0.0373329
                  12              1.5157             1.41465            0.035334
                  13             1.33571             1.40858           0.0331336
                  14             1.38324             1.40677           0.0308163
                  15             1.37284             1.40451           0.0288448
                  16             1.57987             1.41547           0.0290498
                  17             1.44632             1.41728           0.0273976
                  18             1.33997             1.41299           0.0262101
                  19             1.47254             1.41612           0.0250173
                  20              1.4958              1.4201           0.0240815
                  21             1.36814             1.41763           0.0230616
                  22             1.28032             1.41139           0.0228423
                  23             1.31739              1.4073           0.0222117
                  24             1.37563             1.40598           0.0213254
                  25             1.43046             1.40696           0.0204948
                  26             1.35323             1.40489           0.0198105
                  27             1.23789             1.39871           0.0200191
                  28             1.31674             1.39578            0.019517
                  29             1.59531             1.40266           0.0200201
                  30             1.29204             1.39897           0.0196893
                  31             1.49771             1.40216           0.0193101
                  32             1.46475             1.40411           0.0188054
                  33             1.45885             1.40577           0.0183086
                  34             1.46539             1.40753           0.0178539
                  35             1.37275             1.40653           0.0173714
                  36             1.30692             1.40377           0.0171078
                  37             1.22906             1.39904           0.0172848
                  38             1.47314             1.40099           0.0169395
                  39             1.47766             1.40296           0.0166188
                  40             1.45442             1.40425           0.0162531
                  41             1.51864             1.40704           0.0160944
                  42             1.50807             1.40944           0.0158899
                  43             1.36453              1.4084           0.0155547
                  44             1.63327             1.41351           0.0160188
                  45              1.4354             1.41399           0.0156702
                  46             1.32662              1.4121           0.0154442
                  47              1.2324             1.40827           0.0155817
                  48             1.37992             1.40768           0.0152682
                  49              1.4079             1.40769           0.0149566
                  50             1.38057             1.40714           0.0146673
