                   1                 1.8                 1.8                   0
                   2                 1.8                 1.8                   0
                   3                 1.8                 1.8         1.21667e-08
                   4                 1.8                 1.8                   0
                   5                 1.8                 1.8         9.42432e-09
                   6                 1.8                 1.8                   0
                   7                 1.8                 1.8         1.12642e-08
                   8                 1.8                 1.8         1.05367e-08
                   9                 1.8                 1.8         9.93411e-09
                  10                 1.8                 1.8         1.15424e-08
                  11                 1.8                 1.8         1.42077e-08
                  12                 1.8                 1.8         1.49012e-08
                  13                 1.8                 1.8         1.43166e-08
                  14                 1.8                 1.8         1.37958e-08
                  15                 1.8                 1.8         1.43959e-08
                  16                 1.8                 1.8         1.39388e-08
                  17                 1.8                 1.8         1.35226e-08
                  18                 1.8                 1.8         1.11067e-08
                  19                 1.8                 1.8         1.18422e-08
                  20                 1.8                 1.8         1.15424e-08
                  21                 1.8                 1.8         1.12642e-08
                  22                 1.8                 1.8         1.27078e-08
                  23                 1.8                 1.8         1.24284e-08
                  24                 1.8                 1.8         1.21667e-08
                  25                 1.8                 1.8         1.19209e-08
                  26                 1.8                 1.8         1.23985e-08
                  27                 1.8                 1.8         1.21667e-08
                  28                 1.8                 1.8         1.19475e-08
                  29                 1.8                 1.8         1.17397e-08
                  30                 1.8                 1.8         1.15424e-08
                  31                 1.8                 1.8         1.13547e-08
                  32                 1.8                 1.8         1.11759e-08
                  33                 1.8                 1.8         1.10052e-08
                  34                 1.8                 1.8         1.08422e-08
                  35                 1.8                 1.8         1.06862e-08
                  36                 1.8                 1.8         9.29251e-09
                  37                 1.8                 1.8         9.16607e-09
                  38                 1.8                 1.8         9.04466e-09
                  39                 1.8                 1.8         8.92795e-09
                  40                 1.8                 1.8         8.81565e-09
                  41                 1.8                 1.8         8.70747e-09
                  42                 1.8                 1.8         7.96501e-09
                  43                 1.8                 1.8         8.50256e-09
                  44                 1.8                 1.8         8.40539e-09
                  45                 1.8                 1.8         7.69493e-09
                  46                 1.8                 1.8          6.9477e-09
                  47                 1.8                 1.8         6.87339e-09
                  48                 1.8                 1.8         6.08337e-09
                  49                 1.8                 1.8         6.02098e-09
                  50                 1.8                 1.8         5.16191e-09
