                   1                 0.8                 0.8                   0
                   2                 0.8                 0.8                   0
                   3                 0.8                 0.8                   0
                   4                 0.8                 0.8                   0
                   5                 0.8                 0.8                   0
                   6                 0.8                 0.8                   0
                   7                 0.8                 0.8                   0
                   8                 0.8                 0.8                   0
                   9                 0.8                 0.8                   0
                  10                 0.8                 0.8                   0
                  11                 0.8                 0.8         4.49287e-09
                  12                 0.8                 0.8                   0
                  13                 0.8                 0.8         2.92236e-09
                  14                 0.8                 0.8         2.81605e-09
                  15                 0.8                 0.8         5.44113e-09
                  16                 0.8                 0.8         5.26836e-09
                  17                 0.8                 0.8         5.11106e-09
                  18                 0.8                 0.8         6.08337e-09
                  19                 0.8                 0.8         5.92112e-09
                  20                 0.8                 0.8         5.77119e-09
                  21                 0.8                 0.8         5.63211e-09
                  22                 0.8                 0.8          6.7393e-09
                  23                 0.8                 0.8         6.59117e-09
                  24                 0.8                 0.8         6.45239e-09
                  25                 0.8                 0.8         6.32203e-09
                  26                 0.8                 0.8         6.19926e-09
                  27                 0.8                 0.8         6.08337e-09
                  28                 0.8                 0.8         6.29689e-09
                  29                 0.8                 0.8         6.18737e-09
                  30                 0.8                 0.8         6.08337e-09
                  31                 0.8                 0.8         5.67735e-09
                  32                 0.8                 0.8         5.58794e-09
                  33                 0.8                 0.8         5.50262e-09
                  34                 0.8                 0.8         5.11106e-09
                  35                 0.8                 0.8         5.03751e-09
                  36                 0.8                 0.8         4.96705e-09
                  37                 0.8                 0.8         4.89947e-09
                  38                 0.8                 0.8         4.52233e-09
                  39                 0.8                 0.8         4.77219e-09
                  40                 0.8                 0.8         4.71216e-09
                  41                 0.8                 0.8         4.65434e-09
                  42                 0.8                 0.8         4.30159e-09
                  43                 0.8                 0.8         3.21367e-09
                  44                 0.8                 0.8         3.17694e-09
                  45                 0.8                 0.8         2.22133e-09
                  46                 0.8                 0.8         1.55355e-09
                  47                 0.8                 0.8         1.53694e-09
                  48                 0.8                 0.8         1.52084e-09
                  49                 0.8                 0.8         1.50524e-09
                  50                 0.8                 0.8         2.58096e-09
