                   1             8.63358             8.63358                   0
                   2             8.13308             8.38333            0.176951
                   3             8.07271             8.27979            0.145132
                   4             7.97254             8.20298            0.127566
                   5             7.88987             8.14036            0.116413
                   6             7.78376             8.08092            0.111151
                   7             7.92947             8.05929           0.0973551
                   8             7.94846             8.04543           0.0861658
                   9             8.03187             8.04393            0.076605
                  10               8.376             8.07713            0.075801
                  11             8.30376             8.09774            0.071655
                  12             8.35335             8.11904           0.0687769
                  13             8.71455             8.16485             0.07725
                  14             8.48114             8.18744            0.074963
                  15             8.73612             8.22402           0.0783836
                  16             8.39099             8.23445            0.074176
                  17             8.40312             8.24437           0.0704732
                  18              8.6426              8.2665           0.0699444
                  19              8.1104             8.25828           0.0667439
                  20             8.45649             8.26819           0.0641382
                  21             8.43542             8.27616           0.0615764
                  22             8.21262             8.27327           0.0588451
                  23               8.523             8.28413           0.0572796
                  24             8.68227             8.30072           0.0572449
                  25             8.52789              8.3098           0.0556717
                  26             7.34757             8.27279           0.0646722
                  27             8.18351             8.26949           0.0623614
                  28             8.86714             8.29083           0.0636824
                  29              8.0357             8.28203           0.0620912
                  30             7.28813              8.2489           0.0682905
                  31             7.66625             8.23011           0.0686253
                  32             8.38613             8.23498           0.0666538
                  33             7.47767             8.21204           0.0684708
                  34              7.9276             8.20367            0.066966
                  35             8.30109             8.20645           0.0651105
                  36             8.35949              8.2107           0.0634405
                  37             7.58685             8.19384           0.0639273
                  38             7.97658             8.18813           0.0625001
                  39             8.10527               8.186           0.0609337
                  40             8.18448             8.18596           0.0594103
                  41             7.69469             8.17398           0.0591573
                  42             8.43573             8.18021           0.0580762
                  43              7.9336             8.17448            0.057008
                  44             8.02741             8.17114           0.0558103
                  45             8.61509               8.181           0.0554352
                  46             8.35153             8.18471           0.0543539
                  47             8.50275             8.19147            0.053617
                  48             8.44151             8.19668           0.0527524
                  49             8.03896             8.19347           0.0517739
                  50             8.28516              8.1953           0.0507709
