                   1            -5.45788            -5.45788                   0
                   2            -5.43754            -5.44771           0.0071923
                   3            -5.46029             -5.4519          0.00589102
                   4            -5.45356            -5.45232          0.00443275
                   5            -5.47767            -5.45739          0.00575739
                   6            -5.43585             -5.4538           0.0058097
                   7             -5.4716            -5.45634          0.00550854
                   8            -5.46092            -5.45691          0.00484967
                   9            -5.45365            -5.45655           0.0043244
                  10            -5.45937            -5.45683          0.00390112
                  11            -5.43978            -5.45528          0.00384224
                  12            -5.46341            -5.45596          0.00358124
                  13            -5.46434             -5.4566          0.00336323
                  14            -5.43107            -5.45478           0.0035836
                  15            -5.45991            -5.45512          0.00336099
                  16              -5.461            -5.45549          0.00317097
                  17            -5.46946            -5.45631          0.00308903
                  18            -5.47266            -5.45722            0.003048
                  19            -5.44658            -5.45666          0.00293857
                  20            -5.46591            -5.45712          0.00282777
                  21            -5.43877            -5.45625          0.00282488
                  22            -5.46034            -5.45643           0.0027026
                  23             -5.4597            -5.45658          0.00258882
                  24            -5.46478            -5.45692          0.00250341
                  25            -5.48253            -5.45794           0.0026045
                  26            -5.45709            -5.45791          0.00250453
                  27            -5.44916            -5.45759          0.00243265
                  28            -5.45741            -5.45758          0.00234578
                  29             -5.4359            -5.45683          0.00238103
                  30             -5.4736            -5.45739          0.00236632
                  31            -5.46196            -5.45754          0.00229457
                  32            -5.45748            -5.45754          0.00222287
                  33            -5.48428            -5.45835          0.00229853
                  34            -5.46305            -5.45849          0.00223508
                  35            -5.45383            -5.45835          0.00217517
                  36            -5.44622            -5.45802          0.00214071
                  37            -5.45352            -5.45789          0.00208629
                  38             -5.4675            -5.45815          0.00204664
                  39             -5.4627            -5.45826          0.00199748
                  40            -5.45814            -5.45826          0.00194755
                  41             -5.4558             -5.4582          0.00190097
                  42            -5.45383             -5.4581          0.00185856
                  43            -5.43603            -5.45758          0.00188488
                  44            -5.45404             -5.4575          0.00184375
                  45            -5.46231            -5.45761          0.00180587
                  46            -5.45072            -5.45746           0.0017728
                  47            -5.45788            -5.45747          0.00173511
                  48            -5.42106            -5.45671          0.00185735
                  49            -5.45722            -5.45672          0.00181948
                  50            -5.45125            -5.45661          0.00178637
