                   1           -0.413814           -0.413814                   0
                   2           -0.383287            -0.39855           0.0107928
                   3           -0.416695           -0.404599          0.00872682
                   4           -0.445067           -0.414716           0.0109364
                   5           -0.421171           -0.416007          0.00882499
                   6           -0.414072           -0.415684          0.00736004
                   7           -0.382298           -0.410915          0.00770044
                   8           -0.432511           -0.413614          0.00719554
                   9           -0.428513            -0.41527          0.00658371
                  10           -0.423016           -0.416044          0.00597074
                  11            -0.40665            -0.41519          0.00548868
                  12           -0.421102           -0.415683          0.00505335
                  13           -0.411244           -0.415342          0.00467616
                  14           -0.425541            -0.41607          0.00439854
                  15           -0.406398           -0.415425           0.0041523
                  16           -0.388085           -0.413717          0.00422978
                  17           -0.401007           -0.412969           0.0040465
                  18            -0.39375           -0.411901          0.00396006
                  19           -0.401182           -0.411337          0.00379161
                  20           -0.429654           -0.412253          0.00371099
                  21           -0.434707           -0.413322           0.0036851
                  22           -0.391719            -0.41234          0.00364608
                  23           -0.410536           -0.412262           0.0034884
                  24           -0.429306           -0.412972          0.00341458
                  25           -0.411067           -0.412896          0.00327885
                  26           -0.391934           -0.412089          0.00325034
                  27           -0.434265           -0.412911          0.00323206
                  28           -0.384441           -0.411894          0.00327267
                  29           -0.370476           -0.410466          0.00345743
                  30           -0.413764           -0.410576          0.00334393
                  31           -0.430825           -0.411229          0.00329924
                  32           -0.413341           -0.411295           0.0031968
                  33           -0.400612           -0.410971          0.00311628
                  34           -0.420497           -0.411251          0.00303719
                  35           -0.444892           -0.412213          0.00309877
                  36           -0.433237           -0.412797          0.00306723
                  37           -0.463827           -0.414176          0.00327979
                  38           -0.452123           -0.415174          0.00334205
                  39           -0.418235           -0.415253          0.00325728
                  40           -0.416293           -0.415279          0.00317595
                  41           -0.406257           -0.415059           0.0031061
                  42           -0.410981           -0.414962          0.00303366
                  43           -0.405843            -0.41475          0.00297052
                  44           -0.376188           -0.413873          0.00302953
                  45            -0.39786           -0.413517          0.00298304
                  46           -0.409798           -0.413437          0.00291928
                  47           -0.447284           -0.414157          0.00294466
                  48           -0.452976           -0.414965          0.00299231
                  49           -0.439004           -0.415456          0.00297118
                  50           -0.423174            -0.41561          0.00291577
