                   1            -3.38481            -3.38481                   0
                   2            -3.36446            -3.37463           0.0071923
                   3            -3.38721            -3.37883          0.00589102
                   4            -3.38048            -3.37924          0.00443275
                   5             -3.4046            -3.38431          0.00575739
                   6            -3.36278            -3.38072           0.0058097
                   7            -3.39853            -3.38327          0.00550854
                   8            -3.38785            -3.38384          0.00484967
                   9            -3.38057            -3.38348           0.0043244
                  10            -3.38629            -3.38376          0.00390112
                  11             -3.3667            -3.38221          0.00384224
                  12            -3.39033            -3.38288          0.00358124
                  13            -3.39126            -3.38353          0.00336323
                  14            -3.35799             -3.3817           0.0035836
                  15            -3.38684            -3.38205          0.00336099
                  16            -3.38793            -3.38241          0.00317097
                  17            -3.39638            -3.38324          0.00308903
                  18            -3.39958            -3.38414            0.003048
                  19             -3.3735            -3.38358          0.00293857
                  20            -3.39283            -3.38405          0.00282777
                  21             -3.3657            -3.38317          0.00282488
                  22            -3.38727            -3.38336           0.0027026
                  23            -3.38662             -3.3835          0.00258882
                  24             -3.3917            -3.38384          0.00250341
                  25            -3.40946            -3.38487           0.0026045
                  26            -3.38402            -3.38483          0.00250453
                  27            -3.37608            -3.38451          0.00243265
                  28            -3.38433             -3.3845          0.00234578
                  29            -3.36282            -3.38376          0.00238103
                  30            -3.40052            -3.38431          0.00236632
                  31            -3.38888            -3.38446          0.00229457
                  32            -3.38441            -3.38446          0.00222287
                  33            -3.41121            -3.38527          0.00229853
                  34            -3.38997            -3.38541          0.00223508
                  35            -3.38076            -3.38528          0.00217517
                  36            -3.37314            -3.38494          0.00214071
                  37            -3.38045            -3.38482          0.00208629
                  38            -3.39442            -3.38507          0.00204664
                  39            -3.38962            -3.38519          0.00199748
                  40            -3.38506            -3.38518          0.00194755
                  41            -3.38272            -3.38512          0.00190097
                  42            -3.38075            -3.38502          0.00185856
                  43            -3.36295            -3.38451          0.00188488
                  44            -3.38097            -3.38443          0.00184375
                  45            -3.38923            -3.38453          0.00180587
                  46            -3.37765            -3.38438           0.0017728
                  47             -3.3848            -3.38439          0.00173511
                  48            -3.34799            -3.38363          0.00185735
                  49            -3.38414            -3.38364          0.00181948
                  50            -3.37817            -3.38353          0.00178637
