                   1             1.41024             1.41024                   0
                   2             1.53932             1.47478            0.045637
                   3             1.46647             1.47201           0.0305087
                   4             1.45818             1.46855           0.0230766
                   5             1.36416             1.44768           0.0262595
                   6             1.56489             1.46721           0.0282291
                   7              1.3684              1.4531              0.0275
                   8              1.4284             1.45001           0.0242352
                   9             1.47348             1.45262           0.0216822
                  10             1.43032             1.45039           0.0196283
                  11             1.50901             1.45572           0.0185532
                  12             1.43457             1.45395           0.0170906
                  13             1.45101             1.45373           0.0157774
                  14             1.57027             1.46205           0.0167028
                  15             1.43157             1.46002           0.0157124
                  16             1.40642             1.45667           0.0150833
                  17             1.40343             1.45354           0.0145174
                  18             1.34132              1.4473           0.0149898
                  19             1.49075             1.44959           0.0143743
                  20             1.42356             1.44829           0.0137143
                  21             1.53368             1.45235           0.0136508
                  22             1.41579             1.45069           0.0131311
                  23             1.42661             1.44965           0.0126018
                  24             1.41778             1.44832           0.0121465
                  25             1.34847             1.44432           0.0122998
                  26              1.4268             1.44365           0.0118451
                  27             1.47645             1.44486           0.0114686
                  28             1.45086             1.44508            0.011061
                  29             1.57321              1.4495           0.0115283
                  30             1.36743             1.44676            0.011464
                  31             1.41127             1.44562           0.0111513
                  32             1.42035             1.44483           0.0108307
                  33              1.3202             1.44105           0.0111415
                  34             1.42414             1.44055            0.010825
                  35             1.46989             1.44139           0.0105481
                  36             1.50112             1.44305           0.0103847
                  37             1.45948             1.44349           0.0101136
                  38             1.42163             1.44292          0.00986377
                  39             1.42597             1.44248          0.00962042
                  40             1.42982             1.44217          0.00938512
                  41             1.45088             1.44238          0.00915862
                  42             1.45037             1.44257          0.00894253
                  43             1.57768             1.44571          0.00927014
                  44             1.44407             1.44568          0.00905953
                  45             1.40047             1.44467          0.00891373
                  46             1.48323             1.44551          0.00875927
                  47             1.42789             1.44513          0.00858093
                  48             1.64098             1.44921          0.00932188
                  49             1.44356              1.4491          0.00913235
                  50             1.53501             1.45082          0.00910992
