                   1            -7.44313            -7.44313                   0
                   2            -7.53362            -7.48838           0.0319911
                   3            -7.54454             -7.5071           0.0262401
                   4            -7.56255            -7.52096           0.0230534
                   5            -7.57854            -7.53248           0.0211236
                   6            -7.59518            -7.54293           0.0200217
                   7            -7.57108            -7.54695           0.0175609
                   8            -7.56433            -7.54912           0.0154996
                   9            -7.55151            -7.54939           0.0137797
                  10            -7.49158            -7.54361           0.0135601
                  11            -7.50277            -7.53989           0.0128255
                  12            -7.49013            -7.53575           0.0124091
                  13            -7.43085            -7.52768           0.0138313
                  14            -7.47111            -7.52364           0.0134205
                  15            -7.42486            -7.51705           0.0140488
                  16            -7.48535            -7.51507           0.0133098
                  17            -7.48342            -7.51321           0.0126564
                  18            -7.44682            -7.50952           0.0124792
                  19            -7.54061            -7.51116           0.0119292
                  20            -7.47725            -7.50946           0.0114526
                  21            -7.47934            -7.50803           0.0109967
                  22            -7.51416            -7.50831           0.0105003
                  23            -7.46457            -7.50641           0.0102145
                  24            -7.43421             -7.5034           0.0102223
                  25            -7.46182            -7.50173          0.00994779
                  26            -7.67391            -7.50836           0.0115612
                  27            -7.52263            -7.50888           0.0111451
                  28            -7.40139            -7.50505           0.0113891
                  29             -7.5534            -7.50671           0.0111178
                  30            -7.68799            -7.51276           0.0122799
                  31            -7.61837            -7.51616           0.0123473
                  32            -7.48725            -7.51526           0.0119945
                  33            -7.65094            -7.51937           0.0123156
                  34            -7.57124             -7.5209           0.0120475
                  35            -7.50664            -7.52049           0.0117101
                  36            -7.49184            -7.51969           0.0114119
                  37            -7.62927            -7.52265           0.0114813
                  38            -7.56328            -7.52372           0.0112288
                  39            -7.53932            -7.52412            0.010948
                  40            -7.52612            -7.52417           0.0106745
                  41            -7.61381            -7.52636           0.0106356
                  42            -7.47843            -7.52522           0.0104435
                  43            -7.57056            -7.52627           0.0102537
                  44            -7.55597            -7.52695           0.0100428
                  45            -7.44909            -7.52522          0.00996761
                  46            -7.49678             -7.5246          0.00977008
                  47            -7.46565            -7.52335          0.00964239
                  48            -7.47631            -7.52237          0.00949116
                  49            -7.54904            -7.52291          0.00931306
                  50            -7.51152            -7.52268          0.00912958
