                   1            -5.40313            -5.40313                   0
                   2            -5.49361            -5.44837           0.0319911
                   3            -5.50453            -5.46709           0.0262401
                   4            -5.52255            -5.48095           0.0230534
                   5            -5.53853            -5.49247           0.0211236
                   6            -5.55517            -5.50292           0.0200217
                   7            -5.53108            -5.50694           0.0175609
                   8            -5.52432            -5.50911           0.0154996
                   9             -5.5115            -5.50938           0.0137797
                  10            -5.45157             -5.5036           0.0135601
                  11            -5.46276            -5.49989           0.0128255
                  12            -5.45012            -5.49574           0.0124091
                  13            -5.39084            -5.48767           0.0138313
                  14             -5.4311            -5.48363           0.0134205
                  15            -5.38485            -5.47704           0.0140488
                  16            -5.44534            -5.47506           0.0133098
                  17            -5.44341             -5.4732           0.0126564
                  18            -5.40681            -5.46951           0.0124792
                  19            -5.50061            -5.47115           0.0119292
                  20            -5.43724            -5.46945           0.0114526
                  21            -5.43934            -5.46802           0.0109967
                  22            -5.47416             -5.4683           0.0105003
                  23            -5.42456             -5.4664           0.0102145
                  24             -5.3942            -5.46339           0.0102223
                  25            -5.42181            -5.46173          0.00994779
                  26             -5.6339            -5.46835           0.0115612
                  27            -5.48263            -5.46888           0.0111451
                  28            -5.36138            -5.46504           0.0113891
                  29            -5.51339             -5.4667           0.0111178
                  30            -5.64798            -5.47275           0.0122799
                  31            -5.57836            -5.47615           0.0123473
                  32            -5.44724            -5.47525           0.0119945
                  33            -5.61093            -5.47936           0.0123156
                  34            -5.53123            -5.48089           0.0120475
                  35            -5.46663            -5.48048           0.0117101
                  36            -5.45183            -5.47968           0.0114119
                  37            -5.58926            -5.48265           0.0114813
                  38            -5.52327            -5.48372           0.0112288
                  39            -5.49931            -5.48412            0.010948
                  40            -5.48611            -5.48416           0.0106745
                  41             -5.5738            -5.48635           0.0106356
                  42            -5.43842            -5.48521           0.0104435
                  43            -5.53055            -5.48626           0.0102537
                  44            -5.51597            -5.48694           0.0100428
                  45            -5.40908            -5.48521          0.00996761
                  46            -5.45677            -5.48459          0.00977008
                  47            -5.42564            -5.48334          0.00964239
                  48             -5.4363            -5.48236          0.00949116
                  49            -5.50903             -5.4829          0.00931306
                  50            -5.47151            -5.48267          0.00912958
