                   1             1.38954             1.38954                   0
                   2             1.42006              1.4048           0.0107928
                   3             1.38666             1.39875          0.00872682
                   4             1.35828             1.38864           0.0109364
                   5             1.38218             1.38734          0.00882499
                   6             1.38928             1.38767          0.00736004
                   7             1.42105             1.39244          0.00770044
                   8             1.37084             1.38974          0.00719554
                   9             1.37484             1.38808          0.00658371
                  10             1.38033             1.38731          0.00597074
                  11              1.3967             1.38816          0.00548868
                  12             1.38225             1.38767          0.00505335
                  13             1.39211             1.38801          0.00467616
                  14             1.37781             1.38728          0.00439854
                  15             1.39695             1.38793           0.0041523
                  16             1.41527             1.38963          0.00422978
                  17             1.40234             1.39038           0.0040465
                  18              1.4096             1.39145          0.00396006
                  19             1.40217             1.39201          0.00379161
                  20              1.3737              1.3911          0.00371099
                  21             1.36864             1.39003           0.0036851
                  22             1.41163             1.39101          0.00364608
                  23             1.39282             1.39109           0.0034884
                  24             1.37404             1.39038          0.00341458
                  25             1.39228             1.39046          0.00327885
                  26             1.41142             1.39126          0.00325034
                  27             1.36909             1.39044          0.00323206
                  28             1.41891             1.39146          0.00327267
                  29             1.43287             1.39288          0.00345743
                  30             1.38959             1.39278          0.00334393
                  31             1.37253             1.39212          0.00329924
                  32             1.39001             1.39206           0.0031968
                  33             1.40274             1.39238          0.00311628
                  34             1.38285              1.3921          0.00303719
                  35             1.35846             1.39114          0.00309877
                  36             1.37011             1.39055          0.00306723
                  37             1.33952             1.38917          0.00327979
                  38             1.35123             1.38818          0.00334205
                  39             1.38512              1.3881          0.00325728
                  40             1.38706             1.38807          0.00317595
                  41             1.39709             1.38829           0.0031061
                  42             1.39237             1.38839          0.00303366
                  43             1.39751              1.3886          0.00297052
                  44             1.42716             1.38948          0.00302953
                  45             1.40549             1.38983          0.00298304
                  46             1.39355             1.38991          0.00291928
                  47             1.35607             1.38919          0.00294466
                  48             1.35038             1.38839          0.00299231
                  49             1.36435             1.38789          0.00297118
                  50             1.38018             1.38774          0.00291577
