                   1            -5.45383            -5.45383                   0
                   2            -5.42953            -5.44168           0.0085926
                   3            -5.47844            -5.45393           0.0115277
                   4            -5.48086            -5.46067           0.0104282
                   5            -5.46583             -5.4617          0.00839349
                   6            -5.50096            -5.46824          0.00919807
                   7            -5.45732            -5.46668          0.00801538
                   8            -5.45511            -5.46523          0.00714281
                   9            -5.44875             -5.4634          0.00657974
                  10            -5.49316            -5.46638          0.00656018
                  11            -5.43594            -5.46361          0.00652133
                  12            -5.45067            -5.46253          0.00606647
                  13            -5.46623            -5.46282          0.00560647
                  14            -5.45473            -5.46224          0.00523565
                  15            -5.46507            -5.46243             0.00489
                  16            -5.43406            -5.46066           0.0048953
                  17            -5.45094            -5.46008          0.00464055
                  18            -5.47442            -5.46088          0.00445061
                  19            -5.45911            -5.46079          0.00421734
                  20            -5.44176            -5.45984          0.00411241
                  21            -5.48504            -5.46104           0.0040879
                  22            -5.48028            -5.46191          0.00399462
                  23            -5.46135            -5.46189          0.00382101
                  24            -5.44725            -5.46128          0.00371012
                  25            -5.46223            -5.46132          0.00356191
                  26            -5.48741            -5.46232          0.00356348
                  27            -5.48198            -5.46305           0.0035051
                  28            -5.48033            -5.46366          0.00343386
                  29            -5.43717            -5.46275          0.00343486
                  30            -5.49095            -5.46369          0.00344656
                  31            -5.46724             -5.4638          0.00333729
                  32            -5.47507            -5.46416          0.00325151
                  33            -5.48752            -5.46486          0.00322915
                  34            -5.46749            -5.46494           0.0031351
                  35            -5.45462            -5.46465          0.00305938
                  36            -5.47818            -5.46502           0.0029974
                  37            -5.48416            -5.46554          0.00296066
                  38            -5.44216            -5.46493          0.00294598
                  39            -5.44678            -5.46446          0.00290695
                  40            -5.45246            -5.46416          0.00284971
                  41            -5.43568            -5.46347          0.00286362
                  42            -5.45061            -5.46316          0.00281175
                  43            -5.48214             -5.4636          0.00278078
                  44            -5.43169            -5.46288          0.00281059
                  45            -5.45793            -5.46277          0.00275027
                  46            -5.49419            -5.46345          0.00277404
                  47            -5.48574            -5.46392          0.00275526
                  48            -5.46909            -5.46403          0.00269996
                  49             -5.4611            -5.46397          0.00264552
                  50            -5.44973            -5.46369          0.00260789
