                   1             1.60788             1.60788                   0
                   2             1.58249             1.59519           0.0089776
                   3             1.63036             1.60691           0.0112909
                   4             1.63236             1.61328           0.0101032
                   5              1.6173             1.61408          0.00811458
                   6             1.65197              1.6204          0.00888589
                   7             1.61079             1.61902          0.00772163
                   8             1.60581             1.61737          0.00693076
                   9             1.60253             1.61572            0.006354
                  10             1.64423             1.61857          0.00632579
                  11              1.5868             1.61569          0.00637609
                  12             1.60386              1.6147          0.00592043
                  13             1.61825             1.61497          0.00547131
                  14             1.60633             1.61436          0.00511522
                  15             1.61829             1.61462          0.00478093
                  16              1.5889             1.61301          0.00474471
                  17             1.60228             1.61238          0.00450738
                  18             1.62647             1.61316           0.0043244
                  19             1.61276             1.61314          0.00409685
                  20              1.5935             1.61216          0.00400801
                  21             1.63682             1.61333           0.0039855
                  22             1.63015              1.6141          0.00387698
                  23             1.61324             1.61406          0.00370859
                  24             1.59766             1.61338          0.00361648
                  25             1.61534             1.61346          0.00347267
                  26             1.64025             1.61449          0.00348868
                  27             1.63359             1.61519          0.00343045
                  28             1.63173             1.61578          0.00335837
                  29             1.59054             1.61491          0.00335348
                  30             1.64205             1.61582          0.00336151
                  31             1.62172             1.61601          0.00325846
                  32             1.62688             1.61635           0.0031743
                  33             1.64062             1.61708          0.00316216
                  34              1.6185             1.61713          0.00306943
                  35             1.60501             1.61678          0.00300118
                  36             1.62856             1.61711          0.00293559
                  37             1.63707             1.61765          0.00290542
                  38             1.59628             1.61708          0.00288284
                  39             1.59923             1.61663          0.00284504
                  40             1.60441             1.61632          0.00279025
                  41             1.58894             1.61565          0.00280096
                  42             1.60548             1.61541          0.00274471
                  43             1.63476             1.61586          0.00271751
                  44             1.58514             1.61516          0.00274401
                  45             1.60973             1.61504          0.00268569
                  46             1.64658             1.61573          0.00271342
                  47             1.63762             1.61619          0.00269537
                  48             1.62094             1.61629          0.00264103
                  49             1.61399             1.61625          0.00258754
                  50             1.60116             1.61594          0.00255332
