                   1             1.07192             1.07192                   0
                   2             1.05499             1.06346          0.00598507
                   3             1.08691             1.07128          0.00752726
                   4             1.08824             1.07552          0.00673544
                   5              1.0782             1.07605          0.00540972
                   6             1.10131             1.08026          0.00592393
                   7             1.07386             1.07935          0.00514775
                   8             1.07054             1.07825          0.00462051
                   9             1.06835             1.07715            0.004236
                  10             1.09615             1.07905          0.00421719
                  11             1.05787             1.07712          0.00425073
                  12             1.06924             1.07647          0.00394696
                  13             1.07883             1.07665          0.00364754
                  14             1.07089             1.07624          0.00341015
                  15             1.07886             1.07641          0.00318729
                  16             1.05927             1.07534          0.00316314
                  17             1.06819             1.07492          0.00300492
                  18             1.08431             1.07544          0.00288294
                  19             1.07517             1.07543          0.00273124
                  20             1.06233             1.07477          0.00267201
                  21             1.09121             1.07556            0.002657
                  22             1.08677             1.07607          0.00258465
                  23              1.0755             1.07604          0.00247239
                  24             1.06511             1.07559          0.00241099
                  25             1.07689             1.07564          0.00231511
                  26              1.0935             1.07632          0.00232579
                  27             1.08906              1.0768          0.00228696
                  28             1.08782             1.07719          0.00223891
                  29             1.06036             1.07661          0.00223565
                  30              1.0947             1.07721          0.00224101
                  31             1.08115             1.07734           0.0021723
                  32             1.08459             1.07757           0.0021162
                  33             1.09375             1.07806          0.00210811
                  34               1.079             1.07808          0.00204629
                  35             1.07001             1.07785          0.00200079
                  36             1.08571             1.07807          0.00195706
                  37             1.09138             1.07843          0.00193695
                  38             1.06419             1.07806           0.0019219
                  39             1.06615             1.07775          0.00189669
                  40             1.06961             1.07755          0.00186017
                  41              1.0593              1.0771           0.0018673
                  42             1.07032             1.07694          0.00182981
                  43             1.08984             1.07724          0.00181168
                  44             1.05676             1.07678          0.00182934
                  45             1.07315              1.0767          0.00179046
                  46             1.09772             1.07715          0.00180895
                  47             1.09175             1.07746          0.00179691
                  48             1.08063             1.07753          0.00176068
                  49               1.076              1.0775          0.00172503
                  50             1.06744              1.0773          0.00170221
